Order ID,Order Date,Origin Port,Carrier,TPT,Service Level,Ship ahead day count,Ship Late Day count,Customer,Product ID,Plant Code,Destination Port,Unit quantity,Weight,Predicted Delivery Time
1447418986.7,2023-02-20,PORT04,V444_0,2,DTP,5,0,V55555555_7,1699417,PLANT03,PORT09,10237,23.58849844200639,2.0
1447405806.7,2023-11-24,PORT04,V444_1,1,DTD,0,0,V5555555_22,1660579,PLANT03,PORT09,316,5.965783955448436,1.0
1447390896.7,2023-10-18,PORT04,V44_3,2,CRF,3,0,V55555_2,1677878,PLANT03,PORT09,795,1.8590646569939384,2.0
1447283831.7,2023-09-17,PORT04,V444_0,2,DTP,3,0,V555555_6,1692109,PLANT03,PORT09,1720,10.25472244411847,2.0
1447276613.7,2023-02-26,PORT04,V444_0,2,DTP,0,0,V55_13,1672714,PLANT03,PORT09,496,8.928285538712178,2.0
1447273030.7,2023-06-29,PORT04,V444_0,2,DTP,0,0,V55555555555_28,1667927,PLANT03,PORT09,49259,26.51158926649526,2.0
1447261112.7,2023-06-28,PORT04,V444_0,2,DTP,3,0,V55555_2,1664051,PLANT03,PORT09,30324,398.80046898315925,2.0
1447194627.7,2023-10-27,PORT04,V444_0,2,DTP,3,0,V555555_6,1651126,PLANT03,PORT09,346,1.731166666666667,2.0
1447187452.7,2023-01-16,PORT04,V444_0,2,DTP,0,0,V555555555_27,1675615,PLANT03,PORT09,2783,18.46,2.0
1447182403.7,2023-02-26,PORT04,V44_3,0,CRF,3,0,V55555555_32,1699794,PLANT03,PORT09,3507,6.324736743092315,0.0
1447163014.7,2023-11-21,PORT04,V444_0,2,DTP,0,0,V555555555_14,1696482,PLANT03,PORT09,496,3.16,2.0
1447158686.7,2023-07-30,PORT04,V444_1,1,DTD,0,0,V555555555555555555_45,1690627,PLANT03,PORT09,298,0.38418385491678075,1.0
1447155731.7,2023-06-24,PORT04,V444_1,1,DTD,0,0,V5555555_22,1692949,PLANT03,PORT09,327,0.21239771294852208,1.0
1447149291.7,2023-12-15,PORT04,V444_0,2,DTP,0,0,V55555_26,1664069,PLANT03,PORT09,18282,115.46289006873657,2.0
1447144381.7,2023-06-05,PORT04,V444_1,1,DTD,1,0,V555555555555555555_17,1689145,PLANT03,PORT09,419,0.35769193612939737,1.0
1447419064.7,2023-12-09,PORT04,V444_0,2,DTP,5,0,V55555555_7,1699369,PLANT09,PORT09,4263,10.691156154953491,2.0
1447399902.7,2023-10-16,PORT04,V44_3,0,CRF,3,0,V55555555_32,1699794,PLANT03,PORT09,1922,3.1623683715461577,0.0
1447392838.7,2023-10-01,PORT04,V444_0,2,DTP,3,0,V555555_6,1657063,PLANT03,PORT09,646,3.6,2.0
1447379244.7,2023-02-17,PORT04,V444_0,2,DTP,0,0,V555555555_14,1669702,PLANT03,PORT09,2779,45.22,2.0
1447364606.7,2023-07-23,PORT04,V444_0,2,DTP,0,0,V555555555_14,1700118,PLANT03,PORT09,314,3.5334596530568723,2.0
1447357377.7,2023-09-04,PORT04,V444_0,2,DTP,3,0,V555555_6,1649007,PLANT03,PORT09,2272,4.94,2.0
1447344910.7,2023-11-25,PORT04,V444_1,1,DTD,5,0,V55555555555555_8,1690630,PLANT03,PORT09,292,0.4361361731525621,1.0
1447343636.7,2023-03-13,PORT04,V444_0,2,DTP,0,0,V5555555_30,1658528,PLANT03,PORT09,2851,19.46,2.0
1447340520.7,2023-02-02,PORT04,V444_0,2,DTP,3,0,V55555555_5,1650404,PLANT12,PORT09,295,0.9674636373375052,2.0
1447334918.7,2023-11-11,PORT04,V444_0,2,DTP,0,0,V555555_24,1689548,PLANT03,PORT09,360,6.25630216100582,2.0
1447320518.7,2023-04-15,PORT04,V444_1,1,DTD,0,0,V5555555_22,1660579,PLANT03,PORT09,348,8.406331937222797,1.0
1447317900.7,2023-07-18,PORT04,V444_0,2,DTP,0,0,V555555555_27,1696756,PLANT03,PORT09,307,1.1033545647558385,2.0
1447312021.7,2023-04-02,PORT04,V444_0,2,DTP,0,0,V5555_33,1689549,PLANT03,PORT09,274,0.38337417562091336,2.0
1447305236.7,2023-06-10,PORT04,V444_0,2,DTP,0,0,V55555555_5,1689546,PLANT03,PORT09,1268,69.62544164301477,2.0
1447300344.7,2023-03-06,PORT04,V444_0,2,DTP,5,0,V55555555_7,1680915,PLANT03,PORT09,331,1.3634167016842365,2.0
1447296064.7,2023-04-17,PORT04,V444_0,2,DTP,3,0,V55555_2,1690171,PLANT13,PORT09,304,29.0,2.0
1447293724.7,2023-09-15,PORT04,V444_0,2,DTP,3,0,V555555_6,1649002,PLANT03,PORT09,514,2.58,2.0
1447281303.7,2023-02-11,PORT04,V444_0,2,DTP,5,0,V55555555_7,1660580,PLANT03,PORT09,539,24.9,2.0
1447258781.7,2023-05-13,PORT04,V444_0,2,DTP,3,0,V555555_6,1656350,PLANT03,PORT09,350,1.6712043719078897,2.0
1447231034.7,2023-09-20,PORT04,V444_0,2,DTP,0,0,V555555555_27,1676853,PLANT03,PORT09,637,0.9245689064341905,2.0
1447226237.7,2023-01-04,PORT04,V444_0,2,DTP,5,0,V55555555_7,1668547,PLANT03,PORT09,507,1.5932861739153332,2.0
1447211486.7,2023-05-18,PORT04,V444_0,2,DTP,0,0,V5555_33,1689547,PLANT03,PORT09,247,0.14397254374627655,2.0
1447200723.7,2023-09-03,PORT04,V444_0,2,DTP,0,0,V55555555555_28,1676592,PLANT03,PORT09,28309,15.960000000000003,2.0
1447194440.7,2023-02-15,PORT04,V444_0,2,DTP,3,0,V55555_4,1653588,PLANT03,PORT09,615,32.980000000000004,2.0
1447163444.7,2023-06-17,PORT04,V444_0,2,DTP,3,0,V555555_6,1677891,PLANT03,PORT09,6306,17.94,2.0
1447152944.7,2023-09-20,PORT04,V444_1,1,DTD,5,0,V55555555555555_8,1688288,PLANT03,PORT09,337,1.0660215801675177,1.0
1447147836.7,2023-05-17,PORT04,V444_0,2,DTP,0,0,V5555_33,1689549,PLANT03,PORT09,245,0.19168708781045668,2.0
1447145187.7,2023-05-09,PORT04,V444_0,3,DTD,0,0,V555555555555555555_42,1671426,PLANT03,PORT09,18316,10.51483711963555,3.0
1447418568.7,2023-02-12,PORT04,V444_0,2,DTP,0,0,V555555_24,1675615,PLANT03,PORT09,831,4.5111385991648065,2.0
1447399166.7,2023-04-05,PORT04,V444_0,2,DTP,0,0,V555555555_27,1687346,PLANT03,PORT09,1295,19.58,2.0
1447391115.7,2023-07-17,PORT04,V444_0,2,DTP,0,0,V5555_33,1689548,PLANT03,PORT09,313,0.2979191505240867,2.0
1447384157.7,2023-08-13,PORT04,V444_0,2,DTP,3,0,V55555_2,1664051,PLANT03,PORT09,20253,221.8,2.0
1447373157.7,2023-12-29,PORT04,V444_0,2,DTP,3,0,V55555555_5,1686215,PLANT03,PORT09,10268,41.16043365032486,2.0
1447365230.7,2023-11-02,PORT04,V444_0,2,DTP,0,3,V555555555_27,1654766,PLANT03,PORT09,606,6.396880733944955,2.0
1447338890.7,2023-03-17,PORT04,V444_0,2,DTP,3,0,V555555_6,1689780,PLANT03,PORT09,351,1.937474848072756,2.0
1447331143.7,2023-10-21,PORT04,V444_1,1,DTD,0,0,V55555555555555_8,1688290,PLANT03,PORT09,347,1.9900746896440906,1.0
1447317263.7,2023-07-05,PORT04,V444_1,1,DTD,0,0,V555555555555555555_45,1682757,PLANT03,PORT09,326,0.5011473511121396,1.0
1447306586.7,2023-11-22,PORT04,V444_1,1,DTD,0,0,V5555555_22,1644308,PLANT03,PORT09,321,3.008964369095828,1.0
1447233542.7,2023-05-01,PORT04,V444_0,2,DTP,5,0,V55555555_7,1692940,PLANT03,PORT09,703,13.500000000000002,2.0
1447224403.7,2023-05-30,PORT04,V444_0,2,DTP,0,0,V55555_4,1699946,PLANT03,PORT09,365,2.7551805978470796,2.0
1447194399.7,2023-04-27,PORT04,V444_0,2,DTP,3,0,V55555_2,1696748,PLANT03,PORT09,328,0.7170106347502034,2.0
1447175573.7,2023-12-27,PORT04,V444_0,2,DTP,0,0,V555555555_14,1681890,PLANT08,PORT09,1856,6.388834224639998,2.0
1447174499.7,2023-03-07,PORT04,V444_0,2,DTP,3,0,V555555555_3,1672000,PLANT03,PORT09,851,72.88,2.0
1447173873.7,2023-11-23,PORT04,V444_0,2,DTP,0,0,V5555_33,1682805,PLANT03,PORT09,283,0.8591497479956576,2.0
1447164383.7,2023-02-19,PORT04,V444_0,2,DTP,5,0,V55555555_7,1683407,PLANT03,PORT09,275,2.169700563296768,2.0
1447163355.7,2023-11-21,PORT04,V444_0,2,DTP,3,0,V555555_6,1699952,PLANT03,PORT09,5333,199.400295080104,2.0
1447161166.7,2023-12-08,PORT04,V444_0,2,DTP,0,0,V55555_4,1699946,PLANT03,PORT09,250,0.11979046077595998,2.0
1447418939.7,2023-10-10,PORT04,V444_0,2,DTP,3,0,V555555555_3,1653237,PLANT13,PORT09,302,8.7,2.0
1447417819.7,2023-12-19,PORT04,V444_1,1,DTD,5,0,V55555555555555_8,1690632,PLANT03,PORT09,271,0.13125507588964783,1.0
1447399911.7,2023-07-15,PORT04,V44_3,0,CRF,3,0,V55555555_32,1699697,PLANT03,PORT09,10283,6.6157474876997,0.0
1447398414.7,2023-09-16,PORT09,V44_3,1,CRF,3,0,V55555_53,1697317,PLANT16,PORT09,4377,820.44,1.0
1447390666.7,2023-11-17,PORT04,V444_0,2,DTP,3,0,V555555_6,1652538,PLANT03,PORT09,344,1.4506666666666665,2.0
1447373422.7,2023-04-05,PORT04,V444_0,2,DTP,3,0,V55555_2,1687346,PLANT03,PORT09,425,2.7758931689779134,2.0
1447353944.7,2023-09-11,PORT04,V444_0,2,DTP,0,0,V5555_33,1682709,PLANT03,PORT09,283,3.5805854075267645,2.0
1447343991.7,2023-04-22,PORT04,V444_1,2,DTD,5,0,V55555555555555_8,1666961,PLANT12,PORT09,395,30.0,2.0
1447327936.7,2023-02-21,PORT04,V444_0,2,DTP,0,0,V5555_33,1677891,PLANT03,PORT09,3299,9.921380710659898,2.0
1447305604.7,2023-05-05,PORT04,V444_0,2,DTP,3,0,V55555555_5,1677229,PLANT12,PORT09,352,8.4,2.0
1447281322.7,2023-01-06,PORT04,V444_0,2,DTP,5,0,V55555555_7,1658528,PLANT03,PORT09,313,0.28663686947003547,2.0
1447267047.7,2023-08-09,PORT04,V444_0,2,DTP,0,0,V55555555_5,1679638,PLANT03,PORT09,3320,7.04,2.16
1447265720.7,2023-11-11,PORT04,V444_0,2,DTP,0,0,V555555555_27,1671416,PLANT03,PORT09,16287,23.68,2.0
1447258807.7,2023-11-11,PORT04,V444_0,2,DTP,3,0,V555555_6,1676853,PLANT03,PORT09,13058,25.74,2.0
1447258703.7,2023-06-25,PORT04,V444_0,2,DTP,0,0,V55_13,1658532,PLANT03,PORT09,386,1.7204732200473223,2.0
1447244617.7,2023-05-18,PORT04,V444_0,2,DTP,0,0,V5555_33,1688285,PLANT03,PORT09,282,4.201887150208117,2.0
1447234277.7,2023-06-16,PORT04,V444_1,1,DTD,1,0,V555555555555555555_17,1651299,PLANT03,PORT09,514,0.6084584385387943,1.0
1447225589.7,2023-08-21,PORT04,V444_1,1,DTD,5,0,V55555555555555_8,1689550,PLANT03,PORT09,269,1.0222456536972488,1.0
1447204397.7,2023-02-01,PORT04,V444_0,2,DTP,0,0,V555555555_27,1679638,PLANT03,PORT09,2257,6.12,2.0
1447182397.7,2023-02-24,PORT04,V44_3,0,CRF,0,0,V5555555_30,1699540,PLANT03,PORT09,1837,2.8717492002246945,0.0
1447170789.7,2023-12-19,PORT09,V44_3,1,CRF,3,0,V55555_53,1697317,PLANT16,PORT09,2972,508.67999999999995,1.0
1447168066.7,2023-08-24,PORT04,V444_0,2,DTP,3,0,V55555555_5,1689461,PLANT12,PORT09,265,1.08,2.0
1447167517.7,2023-05-10,PORT04,V444_0,2,DTP,0,0,V55555_26,1683560,PLANT03,PORT09,83282,894.1221855731508,2.02
1447158070.7,2023-12-19,PORT04,V444_0,2,DTP,3,0,V55555_4,1683200,PLANT03,PORT09,310,1.2837852733686064,2.0
1447146568.7,2023-07-18,PORT04,V444_0,2,DTP,5,0,V55555555_7,1660578,PLANT03,PORT09,323,5.31674270703719,2.0
1447144417.7,2023-06-03,PORT04,V444_0,2,DTP,0,0,V55555555_5,1677891,PLANT03,PORT09,1162,2.976414213197969,2.0
1447418378.7,2023-05-12,PORT04,V444_0,2,DTP,5,0,V55555555_7,1668094,PLANT03,PORT09,290,6.619999999999999,2.0
1447391477.7,2023-05-17,PORT04,V444_0,2,DTP,3,0,V55555555_5,1697084,PLANT03,PORT09,6678,26.786460026306766,2.0
1447367165.7,2023-01-02,PORT04,V444_0,2,DTP,3,0,V555555_6,1682739,PLANT03,PORT09,431,12.346513075965133,2.0
1447351441.7,2023-02-06,PORT09,V44_3,1,CRF,3,0,V55555_53,1700035,PLANT16,PORT09,4302,66.6,1.0
1447334669.7,2023-08-21,PORT04,V444_0,2,DTP,3,0,V55555_4,1662317,PLANT03,PORT09,287,0.8840287769784174,2.0
1447331180.7,2023-01-20,PORT04,V444_0,2,DTP,0,0,V555555555_27,1675655,PLANT03,PORT09,387,0.7061514833077355,2.0
1447326104.7,2023-02-01,PORT04,V444_0,2,DTP,0,0,V555555555_27,1690006,PLANT03,PORT09,400,1.9124147132088831,2.0
1447320768.7,2023-05-05,PORT04,V444_0,2,DTP,3,0,V55555555_0,1677878,PLANT03,PORT09,674,1.3757078461755143,2.0
1447302696.7,2023-02-27,PORT04,V444_0,2,DTP,3,0,V55555_2,1615677,PLANT03,PORT09,440,1.5815103671295416,2.0
1447283824.7,2023-04-27,PORT04,V444_0,2,DTP,0,0,V555555555_27,1695348,PLANT03,PORT09,3777,12.316128649835283,2.0
1447269475.7,2023-01-23,PORT04,V44_3,0,CRF,3,0,V55555555_32,1699792,PLANT03,PORT09,20276,14.88360658280856,0.0
1447228694.7,2023-02-27,PORT04,V444_1,1,DTD,0,0,V5555555_22,1687491,PLANT03,PORT09,283,1.0000609093440285,1.0
1447214226.7,2023-03-07,PORT04,V444_0,2,DTP,0,0,V555555555555555_29,1682760,PLANT03,PORT09,379,4.2701211340017595,2.0
1447208163.7,2023-08-24,PORT04,V444_0,2,DTP,3,0,V55555_4,1676942,PLANT03,PORT09,2242,3.3114089347079037,2.0
1447208068.7,2023-08-22,PORT04,V444_1,1,DTD,3,0,V5555555_19,1697084,PLANT03,PORT09,585,1.1655075247479671,1.0
1447196659.7,2023-05-19,PORT04,V444_0,2,DTP,3,0,V55555_2,1680210,PLANT03,PORT09,291,0.09899119028978227,2.0
1447191826.7,2023-05-30,PORT04,V444_0,2,DTP,3,0,V55555555_5,1689788,PLANT03,PORT09,400,1.276195801405549,2.0
1447189712.7,2023-01-06,PORT04,V444_1,1,DTD,5,0,V55555555555555_8,1688571,PLANT03,PORT09,297,4.40449246755705,1.0
1447170786.7,2023-11-07,PORT09,V44_3,1,CRF,3,0,V55555_53,1696799,PLANT16,PORT09,2066,369.12,1.0
1447170693.7,2023-11-06,PORT04,V444_0,2,DTP,3,0,V55555_2,1668545,PLANT03,PORT09,336,0.9509223016524084,2.0
1447150997.7,2023-05-13,PORT04,V444_0,2,DTP,0,0,V55_13,1682784,PLANT03,PORT09,259,0.524285809602101,2.0
1447133242.7,2023-11-30,PORT04,V444_0,2,DTP,0,0,V5555555_30,1674120,PLANT03,PORT09,885,49.28,2.0
1447418492.7,2023-09-25,PORT04,V444_0,2,DTP,5,0,V55555555_7,1668545,PLANT03,PORT09,235,0.010565803351693426,2.0
1447406298.7,2023-01-02,PORT04,V444_0,2,DTP,0,0,V555555555_14,1700118,PLANT03,PORT09,352,1.7667298265284361,2.0
1447405822.7,2023-10-10,PORT04,V444_1,1,DTD,0,0,V5555555_22,1683634,PLANT03,PORT09,407,1.5656579803879838,1.0
1447403129.7,2023-11-02,PORT04,V444_1,1,DTD,5,0,V55555555555555_8,1693747,PLANT03,PORT09,364,6.166619277793575,1.0
1447399898.7,2023-05-04,PORT04,V44_3,0,CRF,3,0,V55555555_32,1699586,PLANT03,PORT09,1974,3.2828840898081735,0.0
1447396911.7,2023-12-23,PORT04,V444_0,2,DTP,3,0,V5555555_22,1683197,PLANT03,PORT09,310,1.877725607273714,2.0
1447387285.7,2023-12-17,PORT04,V444_1,1,DTD,0,0,V55555555555555_8,1690630,PLANT03,PORT09,255,0.8722723463051242,1.0
1447383118.7,2023-08-30,PORT04,V444_1,1,DTD,0,0,V555555555555555555_45,1690627,PLANT03,PORT09,474,7.683677098335615,1.0
1447373485.7,2023-01-20,PORT04,V44_3,2,CRF,3,0,V55555_2,1696746,PLANT03,PORT09,313,2.828436299360248,2.0
1447367087.7,2023-11-14,PORT04,V444_0,2,DTP,3,0,V5555555_12,1687644,PLANT03,PORT09,531,2.544155265459706,2.0
1447362500.7,2023-09-19,PORT04,V444_1,1,DTD,0,0,V55555555555555_8,1684808,PLANT03,PORT09,5245,1.4044213761733328,1.0
1447339227.7,2023-12-24,PORT04,V444_0,2,DTP,0,0,V555555555555555_29,1682769,PLANT03,PORT09,254,1.8410715634611585,2.0
1447320639.7,2023-02-07,PORT04,V444_1,1,DTD,0,0,V5555555_22,1683203,PLANT03,PORT09,2240,35.96,1.0
1447306744.7,2023-10-10,PORT04,V444_1,1,DTD,5,0,V55555555555555_8,1690616,PLANT03,PORT09,302,0.47135044828415773,1.0
1447306339.7,2023-04-05,PORT04,V444_0,2,DTP,0,0,V5555_33,1661119,PLANT12,PORT09,292,1.0288469915932317,2.0
1447245307.7,2023-12-29,PORT04,V444_1,1,DTD,5,0,V55555555555555_8,1690616,PLANT03,PORT09,338,0.9427008965683155,1.0
1447240599.7,2023-11-22,PORT04,V444_0,2,DTP,3,0,V555555555_3,1691544,PLANT03,PORT09,309,2.2494088269928976,2.0
1447237673.7,2023-09-19,PORT04,V444_0,2,DTP,0,0,V55555555555_28,1678000,PLANT03,PORT09,30241,17.754486678618523,2.0
1447229948.7,2023-08-28,PORT04,V444_0,2,DTP,5,0,V55555555_7,1687346,PLANT03,PORT09,610,7.200625137574287,2.0
1447211828.7,2023-04-22,PORT09,V44_3,1,CRF,3,0,V55555_53,1699337,PLANT16,PORT09,2114,267.1,1.0
1447202685.7,2023-05-29,PORT04,V444_0,2,DTP,0,0,V5555_33,1688575,PLANT03,PORT09,319,0.5426045571710788,2.0
1447195163.7,2023-02-07,PORT04,V444_0,2,DTP,3,0,V55555_2,1658532,PLANT03,PORT09,321,0.4096364809636482,2.0
1447185788.7,2023-07-26,PORT04,V444_0,2,DTP,5,0,V55555555_7,1682802,PLANT03,PORT09,295,0.07648617338236052,2.0
1447184517.7,2023-06-13,PORT04,V444_0,2,DTP,3,0,V55555_2,1651302,PLANT03,PORT09,335,0.6639604398848624,2.0
1447174666.7,2023-03-14,PORT04,V444_0,2,DTP,0,0,V55555555555_28,1678000,PLANT03,PORT09,15261,8.377243339309262,2.0
1447162462.7,2023-07-20,PORT04,V444_1,1,DTD,5,0,V55555555555555_8,1688571,PLANT03,PORT09,477,17.6179698702282,1.0
1447143195.7,2023-01-30,PORT09,V44_3,1,CRF,3,0,V55555_53,1696798,PLANT16,PORT09,1208,176.72,1.0
1447410976.7,2023-06-11,PORT04,V444_0,2,DTP,0,0,V55555555555_28,1676699,PLANT03,PORT09,9238,4.011134287508805,2.0
1447360806.7,2023-12-06,PORT04,V444_0,2,DTP,0,0,V555555555_27,1672721,PLANT03,PORT09,511,16.82,2.0
1447353003.7,2023-04-09,PORT04,V444_1,1,DTD,0,0,V5555555_22,1683636,PLANT03,PORT09,614,7.966071018365555,1.0
1447335481.7,2023-04-25,PORT04,V444_0,2,DTP,3,0,V555555555_3,1688633,PLANT03,PORT09,355,9.278430745644487,2.0
1447335430.7,2023-10-14,PORT04,V444_0,2,DTP,3,0,V55555_4,1658532,PLANT03,PORT09,339,1.0240912024091204,2.0
1447325296.7,2023-10-18,PORT04,V444_0,2,DTP,0,0,V5555_33,1682651,PLANT03,PORT09,299,0.10331098513945161,2.0
1447322202.7,2023-12-07,PORT04,V444_1,1,DTD,5,0,V55555555555555_8,1688629,PLANT03,PORT09,363,8.968265533914048,1.0
1447320235.7,2023-04-23,PORT09,V44_3,1,CRF,3,0,V55555_53,1700106,PLANT16,PORT09,1782,46.9,1.0
1447317050.7,2023-03-25,PORT04,V444_0,2,DTP,0,0,V55555555_5,1668547,PLANT03,PORT09,386,0.7966430869576666,2.0
1447307297.7,2023-10-18,PORT04,V444_0,2,DTP,3,0,V555555_6,1677884,PLANT03,PORT09,331,0.10610993223355467,2.0
1447297984.7,2023-03-30,PORT04,V444_1,1,DTD,0,0,V55555555555555_8,1650904,PLANT03,PORT09,2417,38.02,1.0
1447296253.7,2023-06-16,PORT04,V444_0,2,DTP,3,0,V555555_6,1692402,PLANT03,PORT09,278,0.42297872340425535,2.0
1447282651.7,2023-10-28,PORT04,V444_0,2,DTP,0,0,V555555555555555_29,1688629,PLANT03,PORT09,520,16.936531067828096,2.0
1447259850.7,2023-07-15,PORT04,V444_0,2,DTP,0,0,V555555555_14,1696747,PLANT03,PORT09,931,27.419629262921905,2.0
1447226772.7,2023-08-19,PORT04,V444_0,2,DTP,0,0,V5555_33,1661119,PLANT12,PORT09,265,2.0576939831864633,2.0
1447188580.7,2023-04-07,PORT04,V444_0,2,DTP,0,0,V5555555_30,1668547,PLANT03,PORT09,327,0.1593286173915333,2.0
1447173717.7,2023-01-29,PORT04,V444_0,2,DTP,3,0,V55555_2,1667817,PLANT03,PORT09,631,5.8978600823045255,2.0
1447168285.7,2023-12-14,PORT04,V444_0,2,DTP,3,0,V555555_6,1677891,PLANT03,PORT09,340,0.3307126903553299,2.0
1447168028.7,2023-03-08,PORT04,V444_0,2,DTP,5,0,V55555555_7,1689546,PLANT03,PORT09,654,25.286395742194873,2.0
1447167708.7,2023-10-02,PORT04,V444_1,1,DTD,0,0,V5555555_22,1672676,PLANT03,PORT09,802,15.399999999999999,1.0
1447167113.7,2023-12-05,PORT04,V444_0,2,DTP,0,0,V55_13,1668545,PLANT03,PORT09,354,1.0671461385210361,2.0
1447144046.7,2023-12-11,PORT04,V444_1,1,DTD,0,0,V5555555555555_16,1682799,PLANT03,PORT09,296,0.062339814364192975,1.0
1447418039.7,2023-02-12,PORT04,V444_0,2,DTP,3,0,V55555_2,1674853,PLANT03,PORT09,405,13.18,2.0
1447407051.7,2023-02-19,PORT04,V444_0,2,DTP,0,0,V5555_33,1689549,PLANT03,PORT09,355,3.354524036682992,2.0
1447405786.7,2023-07-01,PORT04,V444_1,1,DTD,0,0,V5555555_22,1683634,PLANT03,PORT09,652,7.808960791070932,1.0
1447386765.7,2023-07-30,PORT04,V444_0,2,DTP,0,0,V555555555_27,1687346,PLANT03,PORT09,920,10.92,2.0
1447367922.7,2023-11-28,PORT04,V444_0,2,DTP,3,0,V555555_6,1683704,PLANT03,PORT09,1510,5.64,2.0
1447367166.7,2023-04-06,PORT04,V444_0,2,DTP,3,0,V555555_6,1689012,PLANT03,PORT09,1044,4.794880054811791,2.0
1447323908.7,2023-02-25,PORT04,V444_0,2,DTP,3,0,V555555_6,1658528,PLANT03,PORT09,306,0.0573273738940071,2.0
1447323884.7,2023-06-09,PORT04,V444_0,2,DTP,3,0,V555555_6,1667817,PLANT03,PORT09,1406,17.34,2.0
1447321283.7,2023-03-01,PORT04,V444_0,2,DTP,5,0,V55555555_7,1699283,PLANT03,PORT09,2794,11.763034238274194,2.0
1447315898.7,2023-11-15,PORT04,V444_0,2,DTP,3,0,V55555_4,1636782,PLANT03,PORT09,386,3.94,2.0
1447311715.7,2023-07-29,PORT04,V44_3,0,CRF,3,0,V55555555_32,1699135,PLANT03,PORT09,1474,14.799999999999999,0.0
1447306623.7,2023-03-24,PORT04,V44_3,4,CRF,0,0,V555555555555555_29,1699841,PLANT03,PORT09,3667,5.746398802053778,3.16
1447301634.7,2023-05-25,PORT04,V444_0,2,DTP,3,0,V55555_4,1646393,PLANT13,PORT09,808,121.01176470588236,2.0
1447281277.7,2023-05-12,PORT04,V444_0,2,DTP,3,1,V555_15,1651377,PLANT03,PORT09,671,8.76,2.0
1447232384.7,2023-08-07,PORT04,V444_0,2,DTP,0,0,V5555_33,1688598,PLANT03,PORT09,275,0.4028891353152333,2.0
1447231443.7,2023-08-17,PORT04,V444_0,2,DTP,0,0,V55_13,1672714,PLANT03,PORT09,433,6.980295966629521,2.0
1447231314.7,2023-02-23,PORT04,V444_1,1,DTD,5,0,V55555555555555_8,1688587,PLANT03,PORT09,332,3.648305157612521,1.0
1447209404.7,2023-10-30,PORT04,V444_0,2,DTP,3,0,V55555_4,1675654,PLANT03,PORT09,1252,8.86,2.0
1447201981.7,2023-06-30,PORT04,V44_3,2,CRF,3,0,V55555_2,1696758,PLANT03,PORT09,312,0.17991739698083148,2.0
1447172393.7,2023-01-23,PORT04,V444_0,2,DTP,3,0,V55555_2,1660885,PLANT03,PORT09,1256,8.825303742648671,2.0
1447165075.7,2023-05-11,PORT04,V444_0,2,DTP,3,0,V555555_6,1697084,PLANT03,PORT09,1598,5.260323961695825,2.0
1447158133.7,2023-02-26,PORT04,V444_0,2,DTP,3,0,V55555_2,1669702,PLANT03,PORT09,518,4.437303144654089,2.0
1447152805.7,2023-05-28,PORT04,V444_0,2,DTP,0,0,V555555555_27,1677878,PLANT03,PORT09,2846,6.920000000000001,2.0
1447138896.7,2023-11-09,PORT09,V44_3,1,CRF,3,0,V55555_53,1700035,PLANT16,PORT09,2285,32.8,1.0
1447403672.7,2023-11-02,PORT04,V444_0,2,DTP,5,0,V55555555_7,1688575,PLANT03,PORT09,423,11.118168443487425,2.0
1447403228.7,2023-01-13,PORT04,V444_0,2,DTP,0,0,V55555555_5,1682832,PLANT03,PORT09,324,0.5341935110197049,2.0
1447403199.7,2023-09-15,PORT04,V444_0,2,DTP,0,0,V55555555555_28,1691532,PLANT03,PORT09,1247,1.6043903648278335,2.0
1447385927.7,2023-05-02,PORT04,V44_3,0,CRF,3,0,V55555555_32,1699841,PLANT03,PORT09,5341,8.619598203080669,0.0
1447364607.7,2023-05-03,PORT04,V444_0,2,DTP,0,0,V555555555_14,1700118,PLANT03,PORT09,314,3.5334596530568723,2.0
1447349661.7,2023-11-07,PORT04,V444_0,2,DTP,3,0,V55555555_5,1689788,PLANT03,PORT09,305,0.6380979007027745,2.0
1447348475.7,2023-12-01,PORT04,V444_0,2,DTP,3,0,V555555_6,1699954,PLANT03,PORT09,312,0.3260132560429946,2.0
1447346581.7,2023-12-09,PORT04,V444_0,2,DTP,3,0,V555555_6,1660578,PLANT03,PORT09,477,20.671948016037604,2.0
1447302796.7,2023-11-11,PORT04,V444_0,2,DTP,5,0,V55555555_7,1682739,PLANT03,PORT09,325,2.8396980074719806,2.0
1447296417.7,2023-04-22,PORT04,V444_0,2,DTP,3,0,V555555_6,1697072,PLANT03,PORT09,3309,15.879999999999999,2.0
1447291622.7,2023-05-22,PORT04,V444_0,2,DTP,3,0,V555555_6,1682739,PLANT03,PORT09,388,13.346513075965133,2.0
1447251511.7,2023-03-02,PORT04,V444_1,2,DTD,3,0,V55555555_9,1685329,PLANT12,PORT09,267,1.2522727272727272,2.0
1447243122.7,2023-04-30,PORT04,V444_1,2,DTD,5,0,V55555555555555_8,1666961,PLANT12,PORT09,317,12.8,2.0
1447238134.7,2023-08-15,PORT04,V444_0,2,DTP,0,0,V55555555555_28,1682210,PLANT03,PORT09,2759,1.9606051171953716,2.0
1447231175.7,2023-03-03,PORT04,V444_0,2,DTD,0,0,V555_41,1692333,PLANT03,PORT09,16828,4.487117953314343,2.0
1447206422.7,2023-07-02,PORT04,V444_0,2,DTP,3,0,V555555_6,1692109,PLANT03,PORT09,1298,7.5942796519018,2.0
1447206362.7,2023-06-15,PORT04,V444_0,2,DTP,3,0,V555555_6,1651302,PLANT03,PORT09,347,0.3850970551332202,2.0
1447205157.7,2023-12-11,PORT04,V444_0,2,DTP,3,0,V55555_4,1689541,PLANT03,PORT09,317,2.479560575968221,2.0
1447200006.7,2023-07-02,PORT04,V444_0,2,DTP,0,3,V555555555_27,1699948,PLANT03,PORT09,840,15.958210741300167,2.0
1447196780.7,2023-08-03,PORT04,V44_3,0,CRF,3,0,V55555555_32,1699576,PLANT03,PORT09,15908,17.94294172400747,0.0
1447194896.7,2023-11-03,PORT04,V444_0,2,DTP,3,0,V555555555_3,1688589,PLANT03,PORT09,257,0.7308081766641518,2.0
1447193154.7,2023-03-03,PORT04,V444_0,2,DTP,3,0,V55555_4,1697444,PLANT03,PORT09,4743,16.46,2.0
1447177713.7,2023-06-12,PORT04,V444_0,2,DTP,0,0,V555555555_14,1696756,PLANT03,PORT09,604,22.68789808917197,2.0
1447168260.7,2023-12-06,PORT04,V444_0,2,DTP,3,0,V55555555_5,1699952,PLANT03,PORT09,2273,70.7601180320416,2.0
1447167714.7,2023-11-08,PORT04,V444_0,2,DTP,3,0,V555555_6,1689147,PLANT03,PORT09,464,0.7531529415219276,2.0
1447167594.7,2023-12-07,PORT04,V444_0,2,DTP,3,0,V555555_6,1696073,PLANT03,PORT09,314,0.34386189024587677,2.0
1447163991.7,2023-02-17,PORT04,V444_0,2,DTP,0,0,V555555555_27,1668547,PLANT03,PORT09,346,0.23899292608729997,2.0
1447163436.7,2023-07-05,PORT04,V444_0,2,DTP,3,0,V555555_6,1675615,PLANT03,PORT09,5324,41.3,2.0
1447158018.7,2023-02-14,PORT09,V44_3,1,CRF,3,0,V55555_53,1700106,PLANT16,PORT09,427,2.86,1.0
1447149075.7,2023-08-21,PORT04,V444_0,2,DTP,0,0,V5555_33,1674635,PLANT12,PORT09,301,3.860521708203332,2.0
1447373458.7,2023-10-24,PORT04,V44_3,2,CRF,3,0,V55555_2,1672085,PLANT03,PORT09,352,5.6672692544863,2.0
1447367894.7,2023-01-15,PORT04,V444_0,2,DTP,3,0,V55555_4,1675670,PLANT03,PORT09,643,3.94,2.0
1447349668.7,2023-06-10,PORT04,V444_1,1,DTD,5,0,V55555555555555_8,1689544,PLANT03,PORT09,323,2.145243154715501,1.0
1447345005.7,2023-02-02,PORT04,V444_0,2,DTP,0,0,V55555555_5,1668547,PLANT03,PORT09,3273,22.26,2.0
1447323917.7,2023-05-18,PORT04,V444_0,2,DTP,3,0,V555555_6,1689469,PLANT03,PORT09,323,0.20416436242042316,2.0
1447309543.7,2023-01-19,PORT04,V444_1,1,DTD,0,0,V5555555_22,1651366,PLANT03,PORT09,521,7.986212043718055,1.0
1447306654.7,2023-08-06,PORT04,V444_1,1,DTD,0,0,V5555555_22,1644308,PLANT03,PORT09,326,0.644778079091963,1.0
1447306585.7,2023-03-16,PORT04,V444_1,1,DTD,0,0,V5555555_22,1644308,PLANT03,PORT09,318,3.008964369095828,1.0
1447301546.7,2023-08-30,PORT04,V444_0,2,DTP,5,0,V55555555_7,1699369,PLANT03,PORT09,3280,8.018367116215119,2.0
1447297187.7,2023-02-04,PORT04,V444_0,2,DTP,3,0,V555555555_3,1688575,PLANT03,PORT09,641,38.173637144738585,2.0
1447297168.7,2023-05-08,PORT04,V444_0,2,DTP,3,0,V55555_2,1668127,PLANT03,PORT09,830,55.78,2.0
1447283830.7,2023-04-19,PORT04,V444_0,2,DTP,3,0,V555555_6,1692109,PLANT03,PORT09,355,0.37971398259509004,2.0
1447243008.7,2023-10-09,PORT04,V444_1,1,DTD,5,0,V55555555555555_8,1689547,PLANT03,PORT09,796,37.99313593656914,1.0
1447236166.7,2023-10-03,PORT04,V444_0,2,DTP,0,0,V555555555555555_29,1688571,PLANT03,PORT09,365,4.40449246755705,2.0
1447232401.7,2023-11-06,PORT04,V444_0,2,DTP,0,0,V55_13,1682784,PLANT03,PORT09,450,16.379050414994964,2.0
1447230016.7,2023-06-30,PORT04,V444_0,2,DTP,5,0,V55555555_7,1687346,PLANT03,PORT09,346,1.4609964047252175,2.0
1447209042.7,2023-01-02,PORT04,V44_3,0,CRF,3,0,V55555555_32,1699697,PLANT03,PORT09,15305,9.92362123154955,0.0
1447205002.7,2023-05-25,PORT04,V444_0,2,DTP,0,0,V55555555555_28,1674598,PLANT03,PORT09,3781,1.6278126990700472,2.0
1447192249.7,2023-12-21,PORT04,V444_0,2,DTP,5,0,V55555555_7,1683432,PLANT03,PORT09,437,12.30447432476724,2.0
1447184588.7,2023-12-03,PORT04,V44_3,0,CRF,3,0,V55555555_32,1699675,PLANT03,PORT09,1227,2.422461487028777,0.0
1447183332.7,2023-01-18,PORT04,V444_0,2,DTP,5,0,V55555555_7,1660578,PLANT03,PORT09,315,6.380091248444629,2.0
1447181100.7,2023-02-23,PORT04,V444_1,1,DTD,3,0,V5555_20,1696654,PLANT03,PORT09,1280,31.70229508749958,1.0
1447174485.7,2023-01-10,PORT04,V444_0,2,DTP,0,0,V55555_4,1699946,PLANT03,PORT09,502,4.791618431038399,2.0
1447145112.7,2023-02-15,PORT04,V444_1,1,DTD,0,0,V5555555_22,1660673,PLANT03,PORT09,1494,67.8531971829453,1.0
1447406125.7,2023-12-21,PORT04,V444_0,2,DTP,5,0,V55555555_7,1699369,PLANT03,PORT09,6265,17.036734232430238,2.0
1447400421.7,2023-07-04,PORT04,V444_0,2,DTP,3,0,V55555_2,1669702,PLANT03,PORT09,485,3.38848603773585,2.0
1447383130.7,2023-10-21,PORT04,V444_1,1,DTD,0,0,V555555555555555555_45,1689548,PLANT03,PORT09,4821,308.0955188180041,1.0
1447369944.7,2023-11-14,PORT04,V44_3,0,CRF,3,0,V55555555_32,1699583,PLANT03,PORT09,1930,5.96,0.0
1447357726.7,2023-07-01,PORT04,V444_0,2,DTP,0,0,V555555555_14,1677878,PLANT03,PORT09,8266,21.54,2.0
1447351635.7,2023-03-13,PORT04,V444_1,1,DTD,5,0,V55555555555555_8,1688294,PLANT03,PORT09,343,4.005630691422243,1.0
1447348312.7,2023-11-19,PORT04,V444_0,2,DTP,0,0,V555555555555555_29,1689544,PLANT03,PORT09,365,10.726215773577504,2.0
1447330381.7,2023-01-09,PORT04,V444_1,1,DTD,5,0,V55555555555555_8,1690621,PLANT03,PORT09,358,4.578464764717519,1.0
1447321357.7,2023-08-19,PORT04,V444_0,2,DTP,3,0,V55555_2,1669584,PLANT03,PORT09,621,4.13363401254597,2.0
1447306370.7,2023-07-15,PORT04,V444_1,1,DTD,0,0,V5555555_22,1683636,PLANT03,PORT09,386,1.7425780352674651,1.0
1447305839.7,2023-06-20,PORT04,V444_0,2,DTP,3,0,V55555_2,1657064,PLANT03,PORT09,332,0.465487313262203,2.0
1447304685.7,2023-02-05,PORT04,V444_0,2,DTP,0,0,V555555555_14,1689469,PLANT03,PORT09,1319,20.22,2.0
1447301266.7,2023-04-12,PORT04,V444_0,2,DTP,0,0,V555555555_27,1677878,PLANT03,PORT09,1960,5.46,2.0
1447295790.7,2023-09-29,PORT04,V444_0,2,DTP,0,0,V555555555555555_29,1682802,PLANT03,PORT09,314,2.2945852014708157,2.0
1447293765.7,2023-04-16,PORT04,V444_0,2,DTP,3,0,V55555_4,1655373,PLANT03,PORT09,326,0.0655439637340364,2.0
1447292367.7,2023-07-03,PORT04,V444_0,2,DTP,3,0,V55555_4,1652080,PLANT03,PORT09,294,2.12,2.0
1447283606.7,2023-11-01,PORT04,V444_0,2,DTP,3,0,V55555_2,1689032,PLANT03,PORT09,594,5.96,2.0
1447243915.7,2023-08-04,PORT04,V444_0,2,DTP,0,0,V5555_33,1689543,PLANT03,PORT09,267,0.9802294262753112,2.0
1447224971.7,2023-01-20,PORT04,V444_0,2,DTP,3,0,V555555_6,1699766,PLANT03,PORT09,453,1.078775029577105,2.0
1447212847.7,2023-04-16,PORT04,V444_1,1,DTD,5,0,V55555555555555_8,1689547,PLANT03,PORT09,377,7.198627187313828,1.0
1447200611.7,2023-05-04,PORT04,V444_0,2,DTP,5,0,V55555555_7,1688633,PLANT03,PORT09,279,0.9278430745644486,2.0
1447187802.7,2023-05-09,PORT04,V444_0,2,DTP,0,0,V555555555555555_29,1682802,PLANT03,PORT09,287,1.5297234676472105,2.0
1447178255.7,2023-08-23,PORT04,V444_0,2,DTP,3,0,V55555_4,1676853,PLANT03,PORT09,741,1.3208127234774152,2.0
1447178243.7,2023-10-22,PORT04,V44_3,0,CRF,0,0,V5555555_30,1699552,PLANT03,PORT09,7440,19.553493321626775,0.0
1447174503.7,2023-04-19,PORT04,V444_0,2,DTP,3,0,V555555555_3,1688575,PLANT03,PORT09,502,17.086818572369292,2.0
1447174497.7,2023-11-24,PORT04,V444_0,2,DTP,3,0,V55555555_0,1677889,PLANT03,PORT09,564,1.6481605763774085,2.0
1447156042.7,2023-02-07,PORT04,V444_1,1,DTD,5,0,V55555555555555_8,1690621,PLANT03,PORT09,324,2.861540477948449,1.0
1447146620.7,2023-03-22,PORT04,V444_0,2,DTP,5,0,V55555555_7,1668094,PLANT03,PORT09,301,6.52,2.0
1447145113.7,2023-11-20,PORT04,V444_1,1,DTD,0,0,V5555555_22,1660673,PLANT03,PORT09,861,31.20108563509298,1.0
1447133214.7,2023-05-17,PORT04,V444_0,2,DTP,0,0,V55555_26,1664069,PLANT03,PORT09,904,3.648763002291219,2.0
1447425026.7,2023-10-04,PORT04,V444_0,2,DTP,5,0,V55555555_7,1660580,PLANT03,PORT09,507,20.24358353510896,2.0
1447423164.7,2023-07-29,PORT04,V444_0,2,DTP,5,0,V55555555_7,1668547,PLANT03,PORT09,1037,5.58,2.0
1447418976.7,2023-07-02,PORT04,V444_0,2,DTP,5,0,V55555555_7,1682784,PLANT03,PORT09,337,5.592381969089077,2.0
1447400260.7,2023-05-17,PORT04,V444_0,2,DTP,3,0,V55555_2,1689032,PLANT03,PORT09,679,7.32,2.0
1447387687.7,2023-06-14,PORT04,V444_1,1,DTD,5,0,V55555555555555_8,1689541,PLANT03,PORT09,294,7.292825223435943,1.0
1447386810.7,2023-09-14,PORT04,V444_0,2,DTP,3,0,V555555_6,1660885,PLANT03,PORT09,1291,8.913556780075158,2.0
1447383141.7,2023-03-01,PORT04,V444_1,1,DTD,0,0,V555555555555555555_45,1689783,PLANT03,PORT09,278,0.07664006542451182,1.0
1447381143.7,2023-07-05,PORT04,V444_0,2,DTP,0,0,V55555555_5,1678494,PLANT03,PORT09,1052,3.3284965164083182,2.0
1447362400.7,2023-03-06,PORT04,V444_0,2,DTP,3,0,V555555_6,1676853,PLANT03,PORT09,274,0.10566501787819321,2.0
1447356752.7,2023-11-07,PORT04,V444_0,2,DTP,0,0,V55555_26,1656839,PLANT03,PORT09,311,0.16357541899441344,2.0
1447355121.7,2023-04-20,PORT04,V44_3,4,CRF,0,0,V555555555555555_29,1699540,PLANT03,PORT09,1846,2.8717492002246945,3.68
1447336037.7,2023-11-17,PORT04,V444_0,2,DTP,3,0,V55555_4,1651302,PLANT03,PORT09,608,1.991881319654587,2.0
1447328131.7,2023-09-03,PORT04,V444_1,1,DTD,5,0,V55555555555555_8,1690619,PLANT03,PORT09,342,1.2860334070694257,1.0
1447320841.7,2023-02-16,PORT04,V44_3,0,CRF,0,0,V555555555555555_29,1699561,PLANT03,PORT09,10235,8.716372159062498,1.44
1447320647.7,2023-12-30,PORT04,V444_1,1,DTD,0,0,V5555555_22,1668344,PLANT03,PORT09,377,5.063138832997989,1.0
1447310034.7,2023-08-14,PORT04,V444_1,1,DTD,1,0,V555555555555555555_17,1677891,PLANT03,PORT09,532,0.6614253807106598,1.0
1447305035.7,2023-01-20,PORT04,V444_0,2,DTP,3,0,V55555_4,1697444,PLANT03,PORT09,392,0.686043265875785,2.0
1447304727.7,2023-08-15,PORT04,V444_0,2,DTP,3,0,V55555_4,1675670,PLANT03,PORT09,694,3.8800000000000003,2.0
1447281390.7,2023-05-24,PORT04,V44_3,2,CRF,3,0,V55555_2,1677884,PLANT03,PORT09,276,0.17684988705592444,2.0
1447247292.7,2023-01-08,PORT04,V444_1,1,DTD,5,0,V55555555555555_8,1689546,PLANT03,PORT09,640,32.650176657205904,1.0
1447246606.7,2023-02-24,PORT04,V444_0,2,DTP,0,0,V5555_33,1688629,PLANT03,PORT09,303,1.1658745194088262,2.0
1447227099.7,2023-10-09,PORT04,V444_0,2,DTP,0,0,V55555_26,1666441,PLANT03,PORT09,520,2.021818181818182,2.0
1447206389.7,2023-05-07,PORT04,V444_0,2,DTP,3,0,V555555_6,1656350,PLANT03,PORT09,334,2.740775169928939,2.0
1447193077.7,2023-06-02,PORT04,V444_0,2,DTP,3,0,V55555_4,1646393,PLANT13,PORT09,753,101.11764705882354,2.0
1447187867.7,2023-07-03,PORT04,V444_1,1,DTD,5,0,V55555555555555_8,1689549,PLANT03,PORT09,277,1.9168708781045667,1.0
1447185191.7,2023-05-09,PORT04,V44_3,0,CRF,3,0,V55555555_32,1699834,PLANT03,PORT09,1889,2.1455339457058824,0.0
1447175617.7,2023-10-05,PORT04,V444_0,2,DTP,3,0,V55555_2,1689032,PLANT03,PORT09,1890,27.659999999999997,2.0
1447162860.7,2023-07-30,PORT04,V444_0,2,DTP,0,0,V555555555_27,1622685,PLANT03,PORT09,445,1.7899211356466875,2.0
1447145307.7,2023-08-16,PORT04,V444_1,1,DTD,0,0,V5555555_22,1680915,PLANT03,PORT09,600,7.14,1.0
1447139823.7,2023-02-16,PORT04,V444_1,1,DTD,1,0,V555555555555555555_17,1689145,PLANT03,PORT09,762,1.7884596806469868,1.0
1447423201.7,2023-09-07,PORT04,V444_0,2,DTP,5,0,V55555555_7,1675615,PLANT03,PORT09,894,5.661036673461718,2.0
1447377402.7,2023-01-28,PORT04,V444_0,2,DTP,0,0,V55555_26,1693230,PLANT03,PORT09,41816,228.74075217718337,2.0
1447373515.7,2023-03-20,PORT04,V44_3,2,CRF,3,0,V55555_2,1674853,PLANT03,PORT09,369,3.841186943620176,2.0
1447369017.7,2023-04-17,PORT04,V444_0,2,DTP,0,0,V555555555_14,1695139,PLANT03,PORT09,474,5.125112407425135,2.0
1447348796.7,2023-05-26,PORT04,V444_0,2,DTP,3,0,V555555_6,1689547,PLANT03,PORT09,1131,65.39648210156301,2.0
1447339098.7,2023-05-19,PORT04,V444_1,1,DTD,0,0,V555555555555555555_45,1682760,PLANT03,PORT09,255,0.34160969072014075,1.0
1447326502.7,2023-03-03,PORT04,V444_0,2,DTP,0,0,V5555_33,1682709,PLANT03,PORT09,316,0.7741806286544356,2.0
1447313120.7,2023-04-27,PORT04,V444_0,2,DTP,3,0,V55555_2,1664061,PLANT03,PORT09,10003,136.1284927544272,2.0
1447306321.7,2023-04-17,PORT04,V444_0,2,DTP,0,0,V5555_33,1674635,PLANT12,PORT09,322,3.860521708203332,2.0
1447268292.7,2023-09-27,PORT04,V444_1,1,DTD,5,0,V55555555555555_8,1689549,PLANT03,PORT09,338,1.9168708781045667,1.0
1447261159.7,2023-02-24,PORT04,V44_3,2,CRF,3,0,V55555_2,1672034,PLANT03,PORT09,256,2.229867193803324,2.0
1447258967.7,2023-09-05,PORT04,V444_0,2,DTP,0,0,V5555_33,1682757,PLANT03,PORT09,358,7.266636591126023,2.0
1447244613.7,2023-11-10,PORT04,V444_0,2,DTP,0,0,V5555_33,1689544,PLANT03,PORT09,251,0.4290486309431002,2.0
1447243912.7,2023-08-14,PORT04,V444_0,2,DTP,0,0,V5555_33,1689549,PLANT03,PORT09,241,0.09584354390522834,2.0
1447240460.7,2023-04-16,PORT04,V444_1,1,DTD,5,0,V55555555555555_8,1688629,PLANT03,PORT09,350,8.071438980522643,1.0
1447237653.7,2023-10-21,PORT04,V444_0,2,DTP,0,0,V55555555555_28,1678000,PLANT03,PORT09,10328,5.584828892872841,2.0
1447226774.7,2023-08-23,PORT04,V444_0,2,DTP,0,0,V5555_33,1674635,PLANT12,PORT09,289,3.860521708203332,2.0
1447226283.7,2023-08-12,PORT04,V444_1,1,DTD,0,0,V5555555_22,1675655,PLANT03,PORT09,356,1.0706167650149538,1.0
1447225244.7,2023-09-01,PORT04,V444_0,2,DTP,3,0,V55555_4,1654621,PLANT03,PORT09,256,0.028810365135453476,2.0
1447224322.7,2023-08-08,PORT04,V444_0,2,DTP,5,0,V55555555_7,1655818,PLANT03,PORT09,601,0.8756526648127623,2.0
1447219468.7,2023-08-06,PORT04,V444_0,2,DTP,0,3,V555555555_27,1669702,PLANT03,PORT09,1021,14.651578364779878,2.0
1447200235.7,2023-03-30,PORT04,V444_0,2,DTP,0,0,V55555555_5,1687346,PLANT03,PORT09,732,8.3485508841441,2.0
1447196613.7,2023-10-07,PORT04,V444_0,2,DTP,0,0,V55555555555_28,1666524,PLANT03,PORT09,40250,24.0779673466248,2.0
1447195895.7,2023-09-27,PORT04,V444_0,2,DTP,3,0,V55555555_0,1687346,PLANT03,PORT09,852,9.26,2.0
1447195370.7,2023-06-04,PORT04,V444_0,2,DTP,0,0,V555555555_27,1677884,PLANT03,PORT09,4044,10.36,2.0
1447182405.7,2023-04-06,PORT04,V44_3,0,CRF,3,0,V55555555_32,1699794,PLANT03,PORT09,3515,6.324736743092315,0.0
1447145116.7,2023-09-25,PORT04,V444_1,1,DTD,0,0,V5555555_22,1676565,PLANT03,PORT09,904,9.36,1.0
1447144658.7,2023-10-04,PORT04,V444_0,2,DTP,0,0,V55555555_5,1668547,PLANT03,PORT09,16580,128.26,2.01
1447406131.7,2023-10-07,PORT04,V444_0,2,DTP,5,0,V55555555_7,1683409,PLANT03,PORT09,248,0.18764892407159026,2.0
1447399914.7,2023-03-14,PORT04,V44_3,0,CRF,3,0,V55555555_32,1699540,PLANT03,PORT09,3467,5.743498400449389,0.0
1447384419.7,2023-09-13,PORT04,V444_0,2,DTP,0,0,V5555_33,1688571,PLANT03,PORT09,279,0.528539096106846,2.0
1447360924.7,2023-08-02,PORT04,V444_0,2,DTP,0,0,V55555555_5,1675654,PLANT03,PORT09,345,0.28354654844838506,2.0
1447357656.7,2023-11-12,PORT04,V444_0,2,DTP,0,0,V555555555_27,1692114,PLANT03,PORT09,365,0.4881495556916503,2.0
1447355125.7,2023-04-11,PORT04,V44_3,0,CRF,0,0,V555555555555555_29,1699797,PLANT03,PORT09,6010,8.199930522749009,1.2
1447353639.7,2023-03-15,PORT04,V44_3,4,CRF,0,0,V555555555555_31,1684560,PLANT03,PORT09,6285,2.6743861377122577,4.0
1447348352.7,2023-12-28,PORT04,V444_1,1,DTD,5,0,V55555555555555_8,1689545,PLANT03,PORT09,353,2.7188456419137683,1.0
1447332228.7,2023-11-26,PORT04,V444_1,1,DTD,5,0,V55555555555555_8,1676566,PLANT03,PORT09,316,0.12594451552357758,1.0
1447326476.7,2023-08-08,PORT04,V444_0,2,DTP,3,0,V555555_6,1697085,PLANT03,PORT09,5295,24.432957903392076,2.0
1447320467.7,2023-06-29,PORT04,V444_1,1,DTD,0,0,V5555555_22,1660579,PLANT03,PORT09,279,0.9039066599164297,1.0
1447313766.7,2023-02-21,PORT04,V444_0,2,DTP,0,0,V55555_26,1683560,PLANT03,PORT09,4438,45.073897370073794,2.0
1447309546.7,2023-05-13,PORT04,V444_1,1,DTD,0,0,V5555555_22,1651366,PLANT03,PORT09,521,7.986212043718055,1.0
1447306374.7,2023-09-25,PORT04,V444_1,1,DTD,0,0,V5555555_22,1683636,PLANT03,PORT09,379,1.8808778793363117,1.0
1447300733.7,2023-05-26,PORT04,V444_0,2,DTP,3,0,V555555_6,1677889,PLANT03,PORT09,1168,4.4,2.0
1447296344.7,2023-08-23,PORT09,V444_0,0,DTP,3,0,V555555_6,1692708,PLANT16,PORT09,281,1.9167615871052635,0.0
1447289371.7,2023-10-09,PORT04,V444_0,2,DTP,3,0,V55555555_0,1692997,PLANT03,PORT09,423,4.607988764196971,2.0
1447288449.7,2023-04-01,PORT04,V444_1,1,DTD,5,0,V55555555555555_8,1690630,PLANT03,PORT09,328,0.8722723463051242,1.0
1447236492.7,2023-01-17,PORT04,V444_0,2,DTP,5,0,V55555555_7,1682739,PLANT03,PORT09,358,14.198490037359903,2.0
1447232833.7,2023-01-22,PORT09,V44_3,1,CRF,3,0,V55555_53,1697317,PLANT16,PORT09,2095,384.12,1.0
1447229523.7,2023-10-20,PORT04,V444_0,2,DTP,0,0,V5555_33,1689548,PLANT03,PORT09,342,1.0427170268343033,2.0
1447229516.7,2023-09-10,PORT04,V444_0,2,DTP,0,0,V5555_33,1688587,PLANT03,PORT09,282,1.0944915472837562,2.0
1447225216.7,2023-10-03,PORT04,V444_0,2,DTP,0,0,V55555555_5,1666994,PLANT12,PORT09,517,119.95990951829953,2.0
1447201511.7,2023-11-22,PORT04,V44_3,4,CRF,0,0,V555555555555_31,1684560,PLANT03,PORT09,6307,2.6743861377122577,4.0
1447199664.7,2023-10-13,PORT04,V444_0,2,DTP,3,0,V55555555_5,1646393,PLANT13,PORT09,1277,200.23529411764707,2.0
1447189396.7,2023-08-24,PORT04,V444_0,2,DTP,0,0,V555555555_27,1677878,PLANT03,PORT09,474,0.7064445696576965,2.0
1447187885.7,2023-10-08,PORT04,V444_0,2,DTP,0,0,V5555_33,1689546,PLANT03,PORT09,313,0.7662544164301477,2.0
1447183349.7,2023-10-03,PORT04,V444_0,2,DTP,5,0,V55555555_7,1660580,PLANT03,PORT09,493,27.658111380145282,2.0
1447400280.7,2023-10-12,PORT04,V444_0,2,DTP,3,0,V55555555_5,1700140,PLANT03,PORT09,33881,23.584351012949853,2.0
1447396727.7,2023-12-10,PORT04,V444_0,2,DTP,0,0,V55555_26,1664069,PLANT03,PORT09,8045,49.43391902978585,2.0
1447388775.7,2023-01-31,PORT04,V444_0,2,DTP,0,0,V555555555_14,1687346,PLANT03,PORT09,1794,29.679999999999996,2.0
1447379404.7,2023-11-15,PORT04,V444_1,1,DTD,5,0,V55555555555555_8,1688571,PLANT03,PORT09,336,4.40449246755705,1.0
1447369918.7,2023-05-07,PORT04,V444_0,2,DTP,0,0,V555555555_27,1675615,PLANT03,PORT09,1250,8.403101312169737,2.0
1447366021.7,2023-04-06,PORT04,V444_0,2,DTP,0,0,V5555_33,1689550,PLANT03,PORT09,330,0.5111228268486244,2.0
1447361987.7,2023-02-07,PORT04,V444_0,2,DTP,3,0,V55555_4,1652080,PLANT03,PORT09,355,0.7444736842105263,2.0
1447360902.7,2023-05-11,PORT04,V444_1,1,DTD,0,0,V555555555555555555_45,1689547,PLANT03,PORT09,2579,161.56842530821802,1.0
1447346492.7,2023-06-14,PORT04,V444_0,2,DTP,3,0,V555555_6,1651299,PLANT03,PORT09,2233,6.084584385387943,2.0
1447340519.7,2023-07-28,PORT04,V444_0,2,DTP,3,0,V55555555_5,1689457,PLANT12,PORT09,324,1.6,2.0
1447316533.7,2023-05-22,PORT04,V444_0,2,DTP,3,0,V55555555_5,1672245,PLANT13,PORT09,316,4.7,2.0
1447283703.7,2023-02-14,PORT04,V444_0,2,DTP,3,0,V555555_6,1687346,PLANT03,PORT09,640,8.3485508841441,2.0
1447282658.7,2023-01-16,PORT04,V444_0,2,DTP,0,0,V555555555555555_29,1688575,PLANT03,PORT09,368,4.521704643092323,2.0
1447281360.7,2023-07-31,PORT04,V444_0,2,DTP,0,0,V555555555_27,1676853,PLANT03,PORT09,353,0.264162544695483,2.0
1447275924.7,2023-04-26,PORT04,V444_0,2,DTP,3,0,V55555_2,1689033,PLANT03,PORT09,706,7.9,2.0
1447274824.7,2023-10-05,PORT04,V444_0,2,DTP,0,0,V5555_33,1688571,PLANT03,PORT09,329,0.176179698702282,2.0
1447265693.7,2023-11-15,PORT04,V444_0,2,DTP,0,0,V555555555_27,1668545,PLANT03,PORT09,365,1.0565803351693426,2.0
1447258861.7,2023-04-08,PORT04,V444_0,2,DTP,3,0,V555555_6,1615677,PLANT03,PORT09,649,2.846718660833175,2.0
1447242486.7,2023-10-25,PORT04,V444_0,2,DTP,3,0,V555555_6,1649002,PLANT03,PORT09,261,0.14287732517070875,2.0
1447194634.7,2023-05-22,PORT04,V444_0,2,DTP,0,0,V5555_33,1689549,PLANT03,PORT09,282,0.09584354390522834,2.0
1447185802.7,2023-05-05,PORT04,V444_0,2,DTP,0,0,V55555_26,1652604,PLANT03,PORT09,281,0.10014895057549085,2.0
1447178424.7,2023-08-16,PORT04,V444_0,2,DTP,3,0,V5555555_12,1690294,PLANT03,PORT09,286,0.47047755557668075,2.0
1447174249.7,2023-04-17,PORT04,V444_0,2,DTP,0,0,V55555555555_28,1676592,PLANT03,PORT09,21318,10.46873563218391,2.0
1447173872.7,2023-06-28,PORT04,V444_0,2,DTP,0,0,V5555_33,1688629,PLANT03,PORT09,352,2.1523837281393714,2.0
1447145124.7,2023-12-12,PORT04,V444_1,1,DTD,0,0,V5555555_22,1672651,PLANT03,PORT09,410,1.4794798991432,1.0
1447137143.7,2023-08-16,PORT04,V444_1,1,DTD,3,0,V5555555_19,1678493,PLANT03,PORT09,2039,16.48221756273749,1.0
1447418574.7,2023-08-02,PORT04,V444_0,2,DTP,0,0,V555555_24,1660551,PLANT03,PORT09,299,1.4409514370664023,2.0
1447407311.7,2023-11-26,PORT04,V444_1,2,DTD,5,0,V55555555555555_8,1677229,PLANT12,PORT09,333,1.7679653679653684,2.0
1447406947.7,2023-07-01,PORT09,V444_0,0,DTP,3,0,V555555_6,1692722,PLANT16,PORT09,409,37.041956116448404,0.0
1447394310.7,2023-02-27,PORT04,V444_0,2,DTP,0,0,V5555_33,1688285,PLANT03,PORT09,304,6.449408184040366,2.0
1447367082.7,2023-01-12,PORT04,V444_0,2,DTP,0,0,V55555555555_28,1685760,PLANT03,PORT09,14272,4.941517176373101,2.0
1447350178.7,2023-12-05,PORT04,V44_3,0,CRF,3,0,V55555555_32,1699697,PLANT03,PORT09,10262,6.6157474876997,0.0
1447344869.7,2023-08-20,PORT04,V444_0,2,DTD,0,0,V555_41,1692333,PLANT03,PORT09,22319,5.982823937752457,2.0
1447344848.7,2023-04-21,PORT04,V444_0,2,DTP,0,0,V55555_26,1660885,PLANT03,PORT09,439,1.7650607485297343,2.0
1447337489.7,2023-02-17,PORT04,V444_1,1,DTD,0,0,V5555555_22,1683636,PLANT03,PORT09,1240,25.36419140222644,1.0
1447333788.7,2023-02-16,PORT04,V444_0,2,DTP,3,0,V555555_6,1656246,PLANT03,PORT09,5298,18.72,2.0
1447332067.7,2023-11-29,PORT04,V444_0,2,DTP,0,0,V55555_26,1664067,PLANT03,PORT09,35051,283.4817146639182,2.0
1447327009.7,2023-04-21,PORT04,V444_1,1,DTD,5,0,V55555555555555_8,1693747,PLANT03,PORT09,472,31.460000000000004,1.0
1447316190.7,2023-09-04,PORT04,V444_0,2,DTP,3,0,V555555_6,1690001,PLANT03,PORT09,388,0.7949674196620352,2.0
1447310432.7,2023-12-20,PORT04,V444_0,2,DTP,3,0,V55555_4,1660885,PLANT03,PORT09,620,3.1771093473535217,2.0
1447302847.7,2023-01-04,PORT04,V444_0,2,DTP,0,0,V55555_26,1682748,PLANT03,PORT09,326,1.157032223423506,2.0
1447302117.7,2023-09-09,PORT04,V444_0,2,DTP,3,0,V555555_6,1668347,PLANT03,PORT09,943,68.42,2.0
1447289693.7,2023-12-18,PORT04,V444_0,2,DTP,3,0,V55555_2,1672091,PLANT03,PORT09,272,3.934771063359211,2.0
1447286446.7,2023-04-24,PORT04,V444_0,2,DTP,0,0,V555555555_27,1677878,PLANT03,PORT09,1175,3.439269615438786,2.0
1447269488.7,2023-05-17,PORT04,V444_0,2,DTP,3,0,V555555_6,1676564,PLANT03,PORT09,842,8.16,2.0
1447251054.7,2023-10-21,PORT04,V444_0,2,DTP,0,0,V5555555_30,1668547,PLANT03,PORT09,264,0.07966430869576666,2.0
1447213260.7,2023-10-22,PORT04,V44_3,0,CRF,0,0,V5555555_30,1699368,PLANT03,PORT09,5074,5.791566273442623,0.0
1447211459.7,2023-03-13,PORT04,V444_0,2,DTP,0,0,V5555_33,1688288,PLANT03,PORT09,271,0.21320431603350354,2.0
1447191229.7,2023-05-18,PORT04,V444_1,1,DTD,5,0,V55555555555555_8,1689547,PLANT03,PORT09,525,13.397254374627655,1.0
1447191171.7,2023-05-01,PORT04,V444_0,2,DTP,0,0,V55_13,1672714,PLANT03,PORT09,391,4.869973930206642,2.0
1447163353.7,2023-08-27,PORT04,V444_0,2,DTP,3,0,V555555_6,1673710,PLANT03,PORT09,3776,259.2224646442976,2.0
1447162189.7,2023-11-18,PORT04,V444_0,2,DTP,0,0,V55555555555_28,1676592,PLANT03,PORT09,49279,23.66,2.0
1447150953.7,2023-12-20,PORT04,V444_1,2,DTD,0,0,V55555_10,1681687,PLANT12,PORT09,1023,168.71143382433675,2.0
1447137233.7,2023-12-04,PORT04,V444_0,2,DTP,3,0,V55555555_5,1697080,PLANT03,PORT09,879,3.780648135530698,2.0
1447423192.7,2023-01-24,PORT04,V444_0,2,DTP,5,0,V55555555_7,1656246,PLANT03,PORT09,1329,4.096305732484077,2.0
1447418984.7,2023-04-01,PORT04,V444_0,2,DTP,5,0,V55555555_7,1699283,PLANT03,PORT09,2776,11.763034238274194,2.0
1447399810.7,2023-09-13,PORT04,V444_0,2,DTP,0,0,V55_13,1672986,PLANT08,PORT09,684,3.042107920985247,2.0
1447385493.7,2023-10-17,PORT04,V444_0,2,DTP,0,0,V5555_33,1688629,PLANT03,PORT09,368,3.228575592209057,2.0
1447384076.7,2023-08-13,PORT04,V44_3,4,CRF,0,0,V555555555555_31,1684560,PLANT03,PORT09,3254,1.3371930688561289,4.0
1447371645.7,2023-12-15,PORT04,V444_1,1,DTD,0,0,V555555555555555555_45,1700362,PLANT03,PORT09,290,0.7773543167478821,1.0
1447359790.7,2023-03-01,PORT04,V444_1,1,DTD,3,0,V5555555_19,1697080,PLANT03,PORT09,1034,4.651737909704699,1.0
1447339226.7,2023-10-25,PORT04,V444_0,2,DTP,0,0,V555555555555555_29,1682769,PLANT03,PORT09,259,1.8410715634611585,2.0
1447320214.7,2023-01-19,PORT04,V444_0,2,DTP,0,0,V5555_33,1688629,PLANT03,PORT09,340,1.7936531067828096,2.0
1447304511.7,2023-09-07,PORT04,V444_1,1,DTD,5,0,V55555555555555_8,1688589,PLANT03,PORT09,400,14.702653312452846,1.0
1447300851.7,2023-12-10,PORT04,V444_0,2,DTP,0,0,V5555_33,1688292,PLANT03,PORT09,293,0.6576112075199229,2.0
1447293044.7,2023-12-20,PORT04,V444_1,1,DTD,0,0,V5555555_22,1683636,PLANT03,PORT09,588,9.155449677357634,1.0
1447284399.7,2023-11-13,PORT04,V444_0,2,DTP,3,1,V555_15,1676853,PLANT03,PORT09,241,0.010566501787819321,2.0
1447269652.7,2023-11-27,PORT04,V444_1,1,DTD,0,0,V555555555555555555_45,1689551,PLANT03,PORT09,338,2.2390743598835297,1.0
1447248801.7,2023-04-22,PORT04,V444_1,2,DTD,5,0,V55555555555555_8,1666961,PLANT12,PORT09,416,40.4,2.0
1447243006.7,2023-06-28,PORT04,V444_1,1,DTD,5,0,V55555555555555_8,1690627,PLANT03,PORT09,535,10.525515647503422,1.0
1447240555.7,2023-07-10,PORT04,V444_0,2,DTP,0,0,V555555555_27,1656246,PLANT03,PORT09,2268,8.18,2.0
1447240517.7,2023-06-11,PORT04,V444_1,1,DTD,3,0,V5555555_19,1697084,PLANT03,PORT09,1000,2.874918561044985,1.0
1447215490.7,2023-09-06,PORT04,V444_0,2,DTP,3,0,V55555555_5,1699946,PLANT03,PORT09,343,2.3958092155191997,2.0
1447208160.7,2023-07-06,PORT04,V444_0,2,DTP,3,0,V55555_4,1662552,PLANT03,PORT09,1329,3.52,2.0
1447189309.7,2023-12-26,PORT04,V444_0,2,DTP,0,0,V5555_33,1677891,PLANT03,PORT09,6583,18.4,2.0
1447182399.7,2023-10-26,PORT04,V44_3,0,CRF,3,0,V55555555_32,1698913,PLANT03,PORT09,1319,4.872727272727272,0.0
1447179121.7,2023-07-01,PORT04,V444_0,2,DTP,0,0,V55555_26,1682865,PLANT03,PORT09,307,0.5260410665533264,2.0
1447168915.7,2023-06-10,PORT04,V444_0,2,DTP,3,0,V55555_4,1677891,PLANT03,PORT09,5263,15.535634517766496,2.0
1447167256.7,2023-06-04,PORT04,V444_0,2,DTP,0,0,V5555_33,1682805,PLANT03,PORT09,254,0.5154898487973945,2.0
1447159864.7,2023-07-27,PORT04,V444_0,2,DTP,0,0,V555555555_14,1676853,PLANT03,PORT09,2308,5.283250893909661,2.0
1447144805.7,2023-02-14,PORT04,V444_1,1,DTD,1,0,V555555555555555555_17,1680210,PLANT03,PORT09,764,0.9899119028978227,1.0
1447423131.7,2023-09-23,PORT04,V444_0,2,DTP,5,0,V55555555_7,1687346,PLANT03,PORT09,738,9.8,2.0
1447373430.7,2023-09-01,PORT04,V444_0,2,DTP,3,0,V55555_2,1658528,PLANT03,PORT09,398,1.1465474778801419,2.0
1447350454.7,2023-03-15,PORT04,V444_1,1,DTD,5,0,V55555555555555_8,1688629,PLANT03,PORT09,342,4.484132766957024,1.0
1447346147.7,2023-02-19,PORT04,V444_0,2,DTP,3,0,V555555_6,1696074,PLANT03,PORT09,3314,25.637445264852026,2.0
1447332074.7,2023-06-21,PORT04,V444_0,2,DTP,3,0,V555555555_3,1689641,PLANT13,PORT09,276,54.772499999999994,2.0
1447320824.7,2023-09-13,PORT04,V44_3,0,CRF,0,0,V555555555555555_29,1699836,PLANT03,PORT09,12243,118.74,0.36
1447313943.7,2023-04-04,PORT04,V444_0,2,DTP,3,0,V5555555_22,1683199,PLANT03,PORT09,1943,33.74287857194847,2.0
1447305844.7,2023-01-03,PORT04,V444_0,2,DTP,3,0,V55555_2,1651302,PLANT03,PORT09,340,0.5311683519078899,2.0
1447274419.7,2023-06-21,PORT04,V444_0,2,DTP,3,0,V55555_2,1664051,PLANT03,PORT09,15270,195.40023449157962,2.0
1447267025.7,2023-12-12,PORT04,V444_0,2,DTP,3,0,V555555_6,1689788,PLANT03,PORT09,451,2.552391602811098,2.0
1447266633.7,2023-01-23,PORT04,V444_0,2,DTP,3,0,V55555555_5,1666959,PLANT12,PORT09,305,11.2,2.0
1447266596.7,2023-04-25,PORT04,V444_0,2,DTP,0,0,V5555_33,1674635,PLANT12,PORT09,295,3.860521708203332,2.0
1447251881.7,2023-11-21,PORT04,V444_0,2,DTP,3,0,V55555_4,1662395,PLANT03,PORT09,325,1.5153865551445134,2.0
1447226273.7,2023-01-27,PORT04,V444_1,1,DTD,0,0,V5555555_22,1656350,PLANT03,PORT09,280,0.8690262733921026,1.0
1447219346.7,2023-09-09,PORT04,V44_3,2,CRF,3,0,V55555_2,1696758,PLANT03,PORT09,340,2.338926160750809,2.0
1447209517.7,2023-03-05,PORT04,V444_0,2,DTP,3,0,V555555_6,1672664,PLANT03,PORT09,577,9.586423490237628,2.0
1447206413.7,2023-07-28,PORT04,V444_0,2,DTP,0,0,V5555_33,1688288,PLANT03,PORT09,334,0.8528172641340142,2.0
1447206059.7,2023-11-11,PORT04,V444_0,2,DTP,5,0,V55555555_7,1687353,PLANT12,PORT09,536,56.34855072463769,2.0
1447196800.7,2023-09-28,PORT04,V444_0,2,DTP,0,0,V555555555_27,1690006,PLANT03,PORT09,998,8.11327454088617,2.0
1447189560.7,2023-10-04,PORT04,V444_1,1,DTD,1,0,V555555555555555555_17,1696073,PLANT03,PORT09,540,1.946388057995529,1.0
1447182455.7,2023-02-07,PORT04,V44_3,4,CRF,0,0,V555555555555555_29,1699417,PLANT03,PORT09,5323,12.794249221003195,3.56
1447158697.7,2023-03-01,PORT04,V444_1,1,DTD,0,0,V555555555555555555_45,1682730,PLANT03,PORT09,343,2.8748644435449906,1.0
1447152394.7,2023-09-11,PORT04,V444_0,2,DTP,0,0,V555555555_27,1676853,PLANT03,PORT09,1574,3.328448063163086,2.0
1447133164.7,2023-07-09,PORT04,V444_0,2,DTP,0,0,V55555_26,1668492,PLANT03,PORT09,610,7.676666666666666,2.0
1447400293.7,2023-07-25,PORT04,V444_0,2,DTP,0,0,V55_13,1684703,PLANT03,PORT09,437,1.4260099107687734,2.0
1447385494.7,2023-03-03,PORT04,V444_0,2,DTP,0,0,V5555_33,1682648,PLANT03,PORT09,284,0.5341647639902304,2.0
1447369902.7,2023-07-19,PORT04,V444_0,2,DTP,0,0,V555555555_27,1692114,PLANT03,PORT09,446,1.7768643827176072,2.0
1447348794.7,2023-02-24,PORT04,V444_0,2,DTP,3,0,V555555_6,1689548,PLANT03,PORT09,2260,150.8106156867813,2.0
1447339094.7,2023-12-22,PORT04,V444_1,1,DTD,0,0,V555555555555555555_45,1689546,PLANT03,PORT09,491,16.325088328602952,1.0
1447323938.7,2023-06-21,PORT04,V444_0,2,DTP,3,0,V555555_6,1689788,PLANT03,PORT09,370,1.276195801405549,2.0
1447302723.7,2023-04-01,PORT04,V444_0,2,DTP,3,0,V55555_4,1675654,PLANT03,PORT09,1266,8.82,2.0
1447300175.7,2023-09-25,PORT04,V444_0,2,DTP,0,0,V555555555_14,1696746,PLANT03,PORT09,724,18.67772687100155,2.0
1447265596.7,2023-11-10,PORT04,V444_0,2,DTP,3,0,V55555_4,1676853,PLANT03,PORT09,335,0.264162544695483,2.0
1447261807.7,2023-12-21,PORT04,V444_1,1,DTD,5,0,V55555555555555_8,1676565,PLANT03,PORT09,331,1.240156602206668,1.0
1447234954.7,2023-10-16,PORT04,V444_0,2,DTP,0,0,V555555555_27,1683700,PLANT03,PORT09,1467,0.6938796283222846,2.0
1447229519.7,2023-06-17,PORT04,V444_0,2,DTP,0,0,V5555_33,1688288,PLANT03,PORT09,294,0.21320431603350354,2.0
1447209515.7,2023-02-02,PORT04,V444_0,2,DTP,3,0,V555555_6,1672661,PLANT03,PORT09,538,4.535228293226705,2.0
1447204375.7,2023-06-20,PORT04,V444_0,2,DTP,5,0,V55555555_7,1688629,PLANT03,PORT09,248,1.2555571747479668,2.0
1447203022.7,2023-08-30,PORT04,V444_0,2,DTP,0,0,V5555_33,1688589,PLANT03,PORT09,314,1.0962122649962276,2.0
1447182885.7,2023-02-27,PORT04,V44_3,0,CRF,3,0,V55555555_32,1699548,PLANT03,PORT09,4281,6.052272527858133,0.0
1447172087.7,2023-10-01,PORT04,V44_3,4,CRF,0,0,V555555555555_31,1684560,PLANT03,PORT09,18308,8.023158413136773,4.0
1447170842.7,2023-05-13,PORT04,V444_0,2,DTP,0,0,V5555_33,1689547,PLANT03,PORT09,260,0.21595881561941482,2.0
1447164798.7,2023-02-15,PORT04,V444_0,2,DTP,5,0,V55555555_7,1658528,PLANT03,PORT09,426,2.5797318252303194,2.0
1447149406.7,2023-12-27,PORT04,V444_1,1,DTD,0,0,V555555555555555555_45,1689548,PLANT03,PORT09,454,15.895957526204334,1.0
1447146707.7,2023-06-27,PORT04,V444_0,2,DTP,5,0,V55555555_7,1668094,PLANT03,PORT09,790,62.98,2.0
1447145128.7,2023-11-28,PORT04,V444_1,1,DTD,0,0,V5555555_22,1672661,PLANT03,PORT09,400,1.4838765383368482,1.0
1447406926.7,2023-05-19,PORT04,V444_0,2,DTP,3,0,V555555_6,1660885,PLANT03,PORT09,338,0.04412651871324336,2.0
1447401890.7,2023-10-21,PORT04,V444_0,2,DTP,3,0,V555555_6,1660578,PLANT03,PORT09,263,0.21266970828148762,2.0
1447374430.7,2023-09-24,PORT04,V444_0,2,DTP,3,0,V55555555_5,1686215,PLANT03,PORT09,5260,18.08021682516243,2.0
1447369732.7,2023-08-24,PORT04,V444_0,2,DTP,3,0,V555555_6,1695345,PLANT03,PORT09,1296,3.8473537474525203,2.0
1447357728.7,2023-08-23,PORT04,V444_0,2,DTP,0,0,V555555555_14,1683191,PLANT03,PORT09,373,2.397221883757769,2.0
1447353013.7,2023-04-13,PORT04,V444_1,1,DTD,0,0,V5555555_22,1676565,PLANT03,PORT09,5907,77.44,1.0
1447341215.7,2023-07-14,PORT04,V444_0,3,DTP,0,0,V55555555_5,1678427,PLANT03,PORT09,498,0.6555235621762492,2.67
1447339768.7,2023-11-07,PORT04,V444_0,2,DTP,0,0,V555555555_27,1676853,PLANT03,PORT09,412,0.31699505363457964,2.0
1447334703.7,2023-10-17,PORT04,V444_0,2,DTP,0,0,V5555_33,1689546,PLANT03,PORT09,337,0.3065017665720591,2.0
1447332276.7,2023-06-23,PORT04,V444_0,2,DTP,0,0,V5555555_30,1693618,PLANT03,PORT09,663,3.4600195906468483,2.0
1447328237.7,2023-07-25,PORT04,V444_1,1,DTD,5,0,V55555555555555_8,1690619,PLANT03,PORT09,289,0.1607541758836782,1.0
1447320562.7,2023-04-01,PORT04,V444_1,1,DTD,0,0,V5555555_22,1672661,PLANT03,PORT09,371,1.5465755469989686,1.0
1447320506.7,2023-11-16,PORT04,V444_1,1,DTD,0,0,V5555555_22,1676566,PLANT03,PORT09,783,5.163725136466681,1.0
1447299593.7,2023-05-04,PORT04,V444_0,2,DTP,3,0,V5555555_22,1697872,PLANT03,PORT09,349,0.3996570169356851,2.0
1447296080.7,2023-05-05,PORT04,V444_0,2,DTP,0,0,V55_13,1694720,PLANT03,PORT09,336,0.12311862289294187,2.0
1447269490.7,2023-09-15,PORT04,V444_0,2,DTP,0,0,V555555555_27,1677891,PLANT03,PORT09,9296,22.56,2.0
1447260691.7,2023-01-09,PORT04,V444_1,1,DTD,5,0,V55555555555555_8,1699433,PLANT03,PORT09,563,33.31591445217591,1.0
1447245233.7,2023-06-30,PORT04,V444_1,1,DTD,0,0,V5555555_22,1682826,PLANT03,PORT09,933,51.61911665654673,1.0
1447240886.7,2023-04-24,PORT04,V444_0,2,DTP,3,0,V55555_2,1653969,PLANT13,PORT09,244,2.252755376344086,2.0
1447234928.7,2023-04-21,PORT04,V444_0,2,DTP,0,0,V555555555_27,1677877,PLANT03,PORT09,2301,4.636129032258063,2.0
1447207596.7,2023-03-21,PORT04,V444_0,2,DTP,3,0,V55555_4,1662274,PLANT03,PORT09,363,4.153153153153152,2.0
1447187131.7,2023-08-10,PORT04,V444_1,1,DTD,0,0,V555555555555555555_45,1683424,PLANT03,PORT09,318,2.0,1.0
1447167296.7,2023-01-01,PORT04,V444_0,2,DTP,3,0,V55555_2,1666954,PLANT03,PORT09,1320,12.02,2.0
1447164254.7,2023-01-03,PORT04,V444_0,2,DTP,3,0,V555555_6,1689012,PLANT03,PORT09,1112,4.794880054811791,2.0
1447154197.7,2023-05-05,PORT04,V444_1,1,DTD,5,0,V55555555555555_8,1688575,PLANT03,PORT09,559,29.13022785855394,1.0
1447149328.7,2023-04-07,PORT04,V444_0,2,DTP,3,0,V55555_4,1651299,PLANT03,PORT09,10254,27.68,2.0
1447415557.7,2023-04-02,PORT04,V444_0,2,DTP,3,0,V55555555_5,1690171,PLANT13,PORT09,300,14.25,2.0
1447373535.7,2023-08-08,PORT04,V444_0,2,DTP,3,0,V55555_4,1651299,PLANT03,PORT09,1315,3.0422921926939717,2.0
1447355322.7,2023-07-12,PORT04,V444_1,1,DTD,5,0,V55555555555555_8,1689551,PLANT03,PORT09,390,11.195371799417648,1.0
1447344085.7,2023-02-27,PORT04,V444_0,2,DTP,0,0,V555555555_27,1677889,PLANT03,PORT09,313,0.08674529349354783,2.0
1447339220.7,2023-03-28,PORT04,V444_0,2,DTP,0,0,V555555555555555_29,1688589,PLANT03,PORT09,319,4.567551104150948,2.0
1447332239.7,2023-09-12,PORT04,V444_0,2,DTP,3,0,V55555_4,1662552,PLANT03,PORT09,634,1.3760286839520544,2.0
1447328233.7,2023-08-19,PORT04,V444_1,1,DTD,5,0,V55555555555555_8,1689544,PLANT03,PORT09,292,2.145243154715501,1.0
1447328100.7,2023-01-25,PORT04,V444_1,1,DTD,1,0,V555555555555555555_17,1696747,PLANT03,PORT09,470,9.806543087640634,1.0
1447323782.7,2023-10-31,PORT04,V444_0,2,DTP,3,0,V555555_6,1654623,PLANT03,PORT09,473,3.263414634146341,2.0
1447321350.7,2023-12-30,PORT04,V444_0,2,DTP,0,0,V555555555_14,1669409,PLANT03,PORT09,817,4.42746367537454,2.0
1447300059.7,2023-05-14,PORT04,V444_0,2,DTP,3,0,V55555555_7,1652644,PLANT03,PORT09,270,0.6542521008403361,2.0
1447283670.7,2023-03-02,PORT04,V444_0,2,DTP,0,0,V55555_26,1677891,PLANT03,PORT09,2831,6.94,2.0
1447281364.7,2023-10-15,PORT04,V444_0,2,DTP,5,0,V55555555_7,1687346,PLANT03,PORT09,487,5.217844302590063,2.0
1447275846.7,2023-11-20,PORT04,V444_0,2,DTP,3,0,V55555_2,1689032,PLANT03,PORT09,591,8.34,2.0
1447266995.7,2023-05-10,PORT04,V444_0,2,DTP,3,0,V555555555_3,1688575,PLANT03,PORT09,486,18.086818572369292,2.0
1447258850.7,2023-09-19,PORT04,V444_0,2,DTP,3,0,V555555_6,1662552,PLANT03,PORT09,314,0.22933811399200904,2.0
1447251215.7,2023-04-17,PORT04,V444_0,2,DTP,3,0,V555555_6,1649002,PLANT03,PORT09,658,3.06,2.0
1447232382.7,2023-02-15,PORT04,V444_0,2,DTP,0,0,V5555_33,1688571,PLANT03,PORT09,261,0.352359397404564,2.0
1447225246.7,2023-02-17,PORT04,V444_0,2,DTP,0,0,V5555_33,1682754,PLANT03,PORT09,257,1.0788220858895707,2.0
1447204408.7,2023-09-05,PORT04,V444_0,2,DTP,0,0,V555555555_27,1679638,PLANT03,PORT09,375,0.16908310220188094,2.0
1447187333.7,2023-09-20,PORT04,V444_0,2,DTP,0,0,V5555_25,1699948,PLANT03,PORT09,265,0.5608746743231572,2.0
1447172398.7,2023-11-29,PORT04,V444_0,2,DTP,3,0,V55555_2,1669702,PLANT03,PORT09,516,4.840694339622643,2.0
1447153974.7,2023-03-27,PORT04,V444_1,1,DTD,0,0,V5555555_22,1683203,PLANT03,PORT09,428,3.2202427671807974,1.0
1447417894.7,2023-10-15,PORT04,V444_1,1,DTD,0,0,V55555555555555_8,1690614,PLANT03,PORT09,264,0.44050861223173476,1.0
1447411581.7,2023-09-09,PORT04,V444_0,2,DTP,3,0,V55555555_0,1651302,PLANT03,PORT09,1363,4.52,2.0
1447408720.7,2023-12-12,PORT04,V444_0,2,DTP,0,0,V55555555555_28,1702016,PLANT03,PORT09,20483,33.49040730400351,2.0
1447399913.7,2023-10-28,PORT04,V44_3,0,CRF,3,0,V55555555_32,1699188,PLANT03,PORT09,1321,6.02,0.0
1447398964.7,2023-11-02,PORT04,V44_3,2,CRF,3,0,V55555_2,1682835,PLANT03,PORT09,316,4.9352636861026475,2.0
1447370096.7,2023-03-10,PORT04,V444_0,2,DTP,0,0,V55555555_5,1655818,PLANT03,PORT09,2327,6.04,2.0
1447365955.7,2023-02-13,PORT04,V444_0,2,DTP,0,0,V555555555555555_29,1689544,PLANT03,PORT09,358,11.726215773577504,2.0
1447348310.7,2023-09-27,PORT04,V444_0,2,DTP,0,0,V555555555555555_29,1689544,PLANT03,PORT09,348,9.726215773577504,2.0
1447346567.7,2023-08-30,PORT04,V444_0,2,DTP,0,0,V55555_26,1668492,PLANT03,PORT09,636,7.6000000000000005,2.0
1447305752.7,2023-09-30,PORT04,V444_0,2,DTP,3,0,V55555555_5,1652883,PLANT13,PORT09,659,133.63561065411884,2.0
1447283779.7,2023-04-17,PORT04,V444_0,2,DTP,3,0,V555555_6,1675615,PLANT03,PORT09,1788,11.56,2.0
1447265600.7,2023-08-12,PORT04,V444_0,2,DTP,0,0,V555555555_27,1663347,PLANT03,PORT09,439,8.327913231339004,2.0
1447245201.7,2023-12-04,PORT04,V444_0,2,DTP,3,0,V555555_6,1687346,PLANT03,PORT09,3241,63.61413163108075,2.0
1447236686.7,2023-07-12,PORT04,V444_0,2,DTP,0,0,V555555555_27,1680781,PLANT03,PORT09,327,1.6477343994903377,2.0
1447230008.7,2023-05-23,PORT04,V444_0,2,DTP,5,0,V55555555_7,1668545,PLANT03,PORT09,387,1.0565803351693426,2.0
1447225689.7,2023-10-25,PORT04,V444_0,2,DTP,0,0,V55555555555_28,1676592,PLANT03,PORT09,98298,46.92,2.0
1447208340.7,2023-07-07,PORT04,V444_0,2,DTP,0,0,V555555555555555_29,1699950,PLANT03,PORT09,1259,17.03931560511698,2.0
1447187824.7,2023-10-06,PORT04,V444_0,2,DTP,0,0,V55555555555_28,1678000,PLANT03,PORT09,10328,5.584828892872841,2.0
1447183465.7,2023-03-22,PORT04,V444_0,2,DTP,0,0,V55_13,1668545,PLANT03,PORT09,453,1.5531730926989338,2.0
1447178304.7,2023-08-18,PORT04,V444_0,2,DTP,3,0,V555555_6,1676853,PLANT03,PORT09,5616,11.499999999999998,2.0
1447152915.7,2023-12-07,PORT04,V444_0,2,DTP,0,0,V555555555_27,1699948,PLANT03,PORT09,1737,45.895074549818766,2.0
1447145992.7,2023-12-15,PORT04,V444_1,1,DTD,0,0,V5555555_22,1692946,PLANT03,PORT09,920,3.441058415401349,1.0
1447136117.7,2023-02-02,PORT04,V444_0,2,DTP,0,0,V55555_26,1651299,PLANT03,PORT09,2233,6.02,2.0
1447418951.7,2023-10-17,PORT04,V444_0,2,DTP,5,0,V55555555_7,1693019,PLANT03,PORT09,378,6.44,2.0
1447403039.7,2023-08-28,PORT04,V444_0,2,DTP,3,0,V55555_2,1668127,PLANT03,PORT09,795,56.74,2.0
1447400659.7,2023-07-25,PORT04,V444_0,2,DTP,0,0,V555555555_14,1700121,PLANT03,PORT09,322,2.7297909224637675,2.0
1447389182.7,2023-06-07,PORT04,V444_0,2,DTP,3,0,V55555_2,1667817,PLANT03,PORT09,2775,40.0,2.0
1447373452.7,2023-06-14,PORT04,V44_3,2,CRF,3,0,V55555_2,1696757,PLANT03,PORT09,308,2.177284597389611,2.0
1447371496.7,2023-06-18,PORT04,V444_1,1,DTD,0,0,V5555555_22,1683636,PLANT03,PORT09,607,9.985248741770713,1.0
1447369376.7,2023-02-10,PORT04,V444_1,1,DTD,5,0,V55555555555555_8,1688575,PLANT03,PORT09,302,5.426045571710787,1.0
1447339827.7,2023-04-14,PORT04,V444_1,1,DTD,3,0,V5555555_19,1654766,PLANT03,PORT09,1760,25.979999999999997,1.0
1447330382.7,2023-08-19,PORT04,V444_1,1,DTD,5,0,V55555555555555_8,1690630,PLANT03,PORT09,271,1.221181284827174,1.0
1447325739.7,2023-08-21,PORT04,V444_0,2,DTP,3,0,V555555_6,1656246,PLANT03,PORT09,7257,23.96,2.0
1447320571.7,2023-10-09,PORT04,V444_1,1,DTD,0,0,V5555555_22,1656353,PLANT03,PORT09,1139,35.321751230385416,1.0
1447312469.7,2023-09-24,PORT04,V44_3,2,CRF,3,0,V55555_2,1684170,PLANT03,PORT09,292,2.318463252260198,2.0
1447299261.7,2023-01-07,PORT04,V444_0,3,DTP,0,0,V55555555_5,1684862,PLANT03,PORT09,251922,302.0,2.99
1447294178.7,2023-11-08,PORT04,V444_0,2,DTP,0,0,V55555_26,1683560,PLANT03,PORT09,35288,330.9551384947021,2.0
1447284615.7,2023-10-14,PORT04,V444_0,2,DTP,0,0,V5555_33,1688290,PLANT03,PORT09,316,1.9900746896440906,2.0
1447283603.7,2023-12-08,PORT04,V444_0,2,DTP,3,0,V55555_2,1689032,PLANT03,PORT09,616,5.98,2.0
1447265576.7,2023-03-13,PORT04,V444_0,2,DTP,5,0,V55555555_7,1699283,PLANT03,PORT09,5321,22.52606847654839,2.0
1447238311.7,2023-03-01,PORT04,V444_0,2,DTP,0,0,V555555555_14,1651299,PLANT03,PORT09,10305,26.859999999999996,2.0
1447232859.7,2023-02-12,PORT04,V444_0,2,DTP,0,3,V555555555_27,1655818,PLANT03,PORT09,4234,11.8,2.0
1447232383.7,2023-08-14,PORT04,V444_0,2,DTP,0,0,V5555_33,1688587,PLANT03,PORT09,292,2.5538136103287647,2.0
1447230967.7,2023-12-23,PORT04,V444_0,2,DTP,3,0,V5555555_22,1697872,PLANT03,PORT09,729,11.096598322585729,2.0
1447215332.7,2023-05-09,PORT04,V444_0,2,DTP,3,0,V55555_2,1651299,PLANT03,PORT09,487,0.4867667508310355,2.0
1447214715.7,2023-05-20,PORT04,V444_0,2,DTP,3,0,V55555_2,1663347,PLANT03,PORT09,437,15.838827212204043,2.0
1447202233.7,2023-08-30,PORT09,V44_3,1,CRF,3,0,V55555_53,1697317,PLANT16,PORT09,887,121.04,1.0
1447200069.7,2023-11-25,PORT04,V444_0,2,DTP,3,0,V555555555_3,1680966,PLANT13,PORT09,294,33.551645454956436,2.0
1447168473.7,2023-06-16,PORT04,V444_1,1,DTD,5,0,V55555555555555_8,1689544,PLANT03,PORT09,294,2.145243154715501,1.0
1447158692.7,2023-02-05,PORT04,V444_1,1,DTD,0,0,V555555555555555555_45,1689543,PLANT03,PORT09,338,0.7351720697064834,1.0
1447156285.7,2023-07-08,PORT04,V44_3,4,CRF,0,0,V555555555555_31,1684560,PLANT03,PORT09,18264,8.023158413136773,4.0
1447152288.7,2023-10-26,PORT04,V44_3,4,CRF,0,0,V555555555555_31,1684560,PLANT03,PORT09,15301,6.685965344280644,4.0
1447146557.7,2023-12-07,PORT04,V444_0,2,DTP,5,0,V55555555_7,1660580,PLANT03,PORT09,823,54.04,2.0
1447145083.7,2023-05-30,PORT04,V444_1,1,DTD,0,0,V5555555_22,1660673,PLANT03,PORT09,330,4.0075108368568015,1.0
1447421012.7,2023-01-18,PORT04,V444_0,2,DTP,3,0,V5555555_22,1683200,PLANT03,PORT09,313,1.8486507936507932,2.0
1447418081.7,2023-11-30,PORT04,V444_1,2,DTD,0,0,V55555_10,1682914,PLANT12,PORT09,333,2.6991406138248175,2.0
1447400453.7,2023-03-02,PORT04,V444_0,2,DTP,3,0,V55555_2,1687346,PLANT03,PORT09,1266,20.87137721036025,2.0
1447390887.7,2023-09-24,PORT04,V444_1,1,DTD,0,0,V55555555555555_8,1688629,PLANT03,PORT09,368,8.968265533914048,1.0
1447383134.7,2023-10-11,PORT04,V444_1,1,DTD,0,0,V555555555555555555_45,1682736,PLANT03,PORT09,295,4.459558823529412,1.0
1447373429.7,2023-08-06,PORT04,V444_0,2,DTP,3,0,V55555_2,1664061,PLANT03,PORT09,10320,121.32,2.0
1447367895.7,2023-08-12,PORT04,V444_0,2,DTP,3,0,V55555_4,1696074,PLANT03,PORT09,497,1.7758296843234684,2.0
1447366424.7,2023-06-08,PORT04,V444_0,2,DTP,0,0,V5555555555_1,1690144,PLANT13,PORT09,270,3.0885365853658535,2.0
1447352394.7,2023-07-19,PORT04,V444_1,1,DTD,3,0,V5555_20,1697085,PLANT03,PORT09,325,0.08524524003288989,1.0
1447331202.7,2023-03-13,PORT04,V444_0,2,DTP,3,0,V555555_6,1685212,PLANT03,PORT09,495,5.44,2.0
1447330060.7,2023-11-04,PORT09,V44_3,1,CRF,3,0,V55555_53,1702652,PLANT16,PORT09,469,27.9,1.0
1447327244.7,2023-03-21,PORT04,V444_0,2,DTP,0,0,V555555555555555_29,1688575,PLANT03,PORT09,367,4.521704643092323,2.0
1447326110.7,2023-08-08,PORT04,V444_0,2,DTP,0,0,V5555_33,1683403,PLANT03,PORT09,254,0.6433257447295692,2.0
1447321363.7,2023-11-22,PORT04,V444_0,2,DTP,0,0,V555555555_14,1696747,PLANT03,PORT09,1242,50.03271543820317,2.0
1447313123.7,2023-01-08,PORT04,V44_3,0,CRF,0,0,V555555555555555_29,1699526,PLANT03,PORT09,1882,6.4,0.88
1447311663.7,2023-05-10,PORT04,V444_0,2,DTP,0,0,V555555_24,1701406,PLANT03,PORT09,337,0.3851290328366601,2.0
1447309594.7,2023-06-18,PORT04,V44_3,2,CRF,3,0,V55555_2,1689546,PLANT03,PORT09,414,7.662544164301477,2.0
1447306672.7,2023-01-22,PORT04,V444_0,2,DTP,3,0,V55555_4,1683704,PLANT03,PORT09,650,1.9889969435954429,2.0
1447275929.7,2023-02-18,PORT04,V444_0,2,DTP,3,0,V55555_2,1689033,PLANT03,PORT09,673,8.0,2.0
1447274596.7,2023-07-14,PORT04,V444_1,2,DTD,5,0,V55555555555555_8,1666961,PLANT12,PORT09,365,24.6,2.0
1447269699.7,2023-05-05,PORT04,V444_0,2,DTP,3,0,V55555555_5,1696075,PLANT03,PORT09,1294,5.828514362117512,2.0
1447268307.7,2023-07-05,PORT04,V444_0,2,DTP,0,0,V5555555555_1,1690143,PLANT13,PORT09,324,0.8,2.0
1447265727.7,2023-10-27,PORT04,V444_0,2,DTP,0,0,V555555555_14,1670215,PLANT03,PORT09,4235,35.4737895176088,2.0
1447261965.7,2023-02-13,PORT04,V444_1,1,DTD,3,0,V5555555_19,1697085,PLANT03,PORT09,958,2.9162845274409697,1.0
1447231023.7,2023-03-26,PORT04,V444_0,2,DTP,0,0,V555555555_27,1677889,PLANT03,PORT09,390,0.809622739273113,2.0
1447226785.7,2023-06-26,PORT04,V444_0,2,DTP,5,0,V55555555_7,1687353,PLANT12,PORT09,262,5.486231884057972,2.0
1447211523.7,2023-05-24,PORT09,V44_3,1,CRF,3,0,V55555_53,1696799,PLANT16,PORT09,4464,813.28,1.0
1447192976.7,2023-07-09,PORT04,V444_0,2,DTP,0,0,V5555_38,1671426,PLANT03,PORT09,12295,7.676558079757033,2.0
1447191733.7,2023-03-23,PORT04,V444_1,1,DTD,1,0,V555555555555555555_17,1662552,PLANT03,PORT09,357,0.4586762279840181,1.0
1447174507.7,2023-02-17,PORT04,V444_0,2,DTP,3,0,V555555555_3,1691544,PLANT03,PORT09,299,1.215896663239404,2.0
1447150406.7,2023-04-17,PORT04,V444_0,2,DTP,0,0,V55_13,1663396,PLANT03,PORT09,721,18.098374565606523,2.0
1447405797.7,2023-01-17,PORT04,V444_1,1,DTD,0,0,V5555555_22,1683634,PLANT03,PORT09,467,2.9186957412171055,1.0
1447373244.7,2023-06-03,PORT04,V444_0,2,DTP,3,0,V55555555_5,1617826,PLANT12,PORT09,1317,180.8787878787879,2.0
1447328001.7,2023-08-17,PORT04,V444_0,2,DTP,0,0,V555555555_27,1677891,PLANT03,PORT09,4244,11.64,2.0
1447320606.7,2023-12-16,PORT04,V444_1,1,DTD,0,0,V5555555_22,1668344,PLANT03,PORT09,306,5.92,1.0
1447288500.7,2023-07-05,PORT04,V444_0,2,DTP,0,0,V555555555555555_29,1688589,PLANT03,PORT09,323,4.567551104150948,2.0
1447283716.7,2023-09-27,PORT04,V444_0,2,DTP,3,0,V55555_2,1700094,PLANT03,PORT09,289,2.3,2.0
1447283682.7,2023-07-18,PORT04,V444_0,2,DTP,0,0,V55555_26,1662552,PLANT03,PORT09,594,1.3301610611536525,2.0
1447230930.7,2023-03-07,PORT04,V444_0,3,DTD,0,0,V555555555555555555_42,1671426,PLANT03,PORT09,18311,11.51483711963555,3.0
1447227122.7,2023-02-22,PORT04,V44_3,2,CRF,3,0,V55555_2,1668545,PLANT03,PORT09,314,0.21131606703386852,2.0
1447225275.7,2023-09-24,PORT04,V444_0,2,DTP,0,0,V5555_33,1689544,PLANT03,PORT09,264,1.7161945237724008,2.0
1447223761.7,2023-03-15,PORT04,V444_1,1,DTD,5,0,V55555555555555_8,1651298,PLANT03,PORT09,2283,4.596727272727272,1.0
1447214232.7,2023-07-07,PORT04,V444_0,2,DTP,0,0,V555555555555555_29,1682769,PLANT03,PORT09,321,4.602678908652896,2.0
1447179957.7,2023-09-16,PORT04,V444_1,1,DTD,0,0,V555555555555555555_45,1689547,PLANT03,PORT09,1276,73.98627187313828,1.0
1447175704.7,2023-03-23,PORT04,V444_0,2,DTP,3,0,V55555_2,1695817,PLANT03,PORT09,1972,0.410639405,2.0
1447165554.7,2023-01-09,PORT04,V444_0,2,DTP,0,0,V5555555_30,1654621,PLANT03,PORT09,558,3.6012956419316846,2.0
1447159326.7,2023-04-29,PORT04,V444_0,2,DTP,3,0,V555555555_3,1688571,PLANT03,PORT09,490,16.6179698702282,2.0
1447156748.7,2023-10-20,PORT04,V444_1,1,DTD,5,0,V55555555555555_8,1690627,PLANT03,PORT09,367,3.8418385491678073,1.0
1447156465.7,2023-12-21,PORT04,V444_0,2,DTP,0,0,V5555555_30,1666295,PLANT03,PORT09,1237,9.6,2.0
1447137154.7,2023-11-14,PORT04,V444_0,2,DTP,3,0,V55555555_5,1695348,PLANT03,PORT09,457,0.7037787799905876,2.0
1447133258.7,2023-06-18,PORT04,V444_0,2,DTP,0,0,V55555_26,1652611,PLANT03,PORT09,324,1.5809361095780752,2.0
1447395126.7,2023-09-30,PORT04,V444_0,2,DTP,0,3,V555555555_27,1690092,PLANT03,PORT09,649,6.14,2.0
1447390898.7,2023-08-07,PORT04,V44_3,2,CRF,3,0,V55555_2,1700094,PLANT03,PORT09,321,0.12603381014304293,2.0
1447372031.7,2023-03-17,PORT04,V44_3,4,CRF,0,0,V555555555555555_29,1699368,PLANT03,PORT09,1932,1.9305220911475411,3.52
1447361992.7,2023-05-04,PORT04,V444_0,2,DTP,0,0,V55555_26,1675615,PLANT03,PORT09,821,4.4226849011419676,2.0
1447361680.7,2023-09-02,PORT04,V444_1,1,DTD,0,0,V5555555_22,1644308,PLANT03,PORT09,618,14.04482184547914,1.0
1447360749.7,2023-07-29,PORT04,V444_0,2,DTP,0,0,V555555555555555_29,1688589,PLANT03,PORT09,296,4.567551104150948,2.0
1447358735.7,2023-08-29,PORT09,V44_3,1,CRF,3,0,V55555_53,1696798,PLANT16,PORT09,1942,292.36,1.0
1447329829.7,2023-09-27,PORT04,V444_1,1,DTD,5,0,V55555555555555_8,1689546,PLANT03,PORT09,504,14.325088328602954,1.0
1447323154.7,2023-05-15,PORT04,V444_0,2,DTP,3,0,V5555555_12,1695062,PLANT03,PORT09,314,0.13580628854612414,2.0
1447306544.7,2023-08-06,PORT04,V44_3,4,CRF,0,0,V555555555555555_29,1699584,PLANT03,PORT09,3624,11.82,3.8
1447304512.7,2023-09-05,PORT04,V444_1,1,DTD,5,0,V55555555555555_8,1688285,PLANT03,PORT09,311,0.5863098349127606,1.0
1447283693.7,2023-03-10,PORT04,V444_0,2,DTP,0,0,V55555_26,1660897,PLANT03,PORT09,1057,6.353592886886152,2.0
1447269511.7,2023-05-11,PORT04,V444_0,2,DTP,3,0,V555555_6,1654766,PLANT03,PORT09,971,12.79376146788991,2.0
1447268291.7,2023-10-07,PORT04,V444_1,1,DTD,5,0,V55555555555555_8,1688292,PLANT03,PORT09,254,1.0960186791998714,1.0
1447266958.7,2023-06-25,PORT04,V444_0,2,DTP,0,0,V55555_26,1675654,PLANT03,PORT09,355,0.5670930968967701,2.0
1447241424.7,2023-07-28,PORT04,V444_1,1,DTD,1,0,V555555555555555555_17,1696746,PLANT03,PORT09,274,1.414218149680124,1.0
1447239929.7,2023-02-11,PORT04,V444_0,2,DTP,0,0,V555555_24,1687346,PLANT03,PORT09,329,1.252282632621615,2.0
1447229295.7,2023-11-18,PORT04,V444_0,2,DTP,3,0,V55555_4,1650904,PLANT03,PORT09,664,6.292058823529412,2.0
1447218541.7,2023-10-26,PORT04,V444_0,2,DTP,0,0,V555555555_14,1696746,PLANT03,PORT09,389,2.6516590306502326,2.0
1447200811.7,2023-03-20,PORT04,V444_1,1,DTD,0,0,V555555555555555555_45,1682832,PLANT03,PORT09,378,8.903225183661748,1.0
1447199220.7,2023-09-11,PORT04,V444_0,2,DTP,0,0,V555555555_27,1695345,PLANT03,PORT09,615,1.2673635873961244,2.0
1447179956.7,2023-05-23,PORT04,V444_1,1,DTD,0,0,V555555555555555555_45,1688629,PLANT03,PORT09,930,58.190552523832714,1.0
1447173718.7,2023-03-12,PORT04,V444_0,2,DTP,3,0,V55555_2,1660885,PLANT03,PORT09,1310,8.825303742648671,2.0
1447172381.7,2023-01-28,PORT04,V444_0,2,DTP,3,0,V55555_2,1689033,PLANT03,PORT09,1303,21.94,2.0
1447161663.7,2023-09-23,PORT04,V444_0,2,DTP,3,0,V555555_6,1651302,PLANT03,PORT09,1093,4.0,2.0
1447152595.7,2023-04-23,PORT04,V444_0,2,DTP,0,0,V555555555_27,1668547,PLANT03,PORT09,359,0.3983215434788333,2.0
1447149356.7,2023-01-26,PORT04,V444_0,2,DTP,3,0,V55555555_0,1688824,PLANT03,PORT09,587,3.8,2.0
1447149061.7,2023-07-07,PORT04,V444_0,2,DTP,0,0,V5555_33,1661119,PLANT12,PORT09,321,2.0576939831864633,2.0
1447145082.7,2023-01-18,PORT04,V444_1,1,DTD,0,0,V5555555_22,1660579,PLANT03,PORT09,1116,82.37441008884639,1.0
1447418978.7,2023-02-17,PORT04,V444_0,2,DTP,5,0,V55555555_7,1692956,PLANT03,PORT09,677,3.78,2.0
1447405857.7,2023-01-24,PORT04,V444_1,1,DTD,0,0,V5555555_22,1656350,PLANT03,PORT09,314,0.9358744482684183,1.0
1447394565.7,2023-08-29,PORT04,V444_1,1,DTD,0,0,V55555555555555_8,1688629,PLANT03,PORT09,317,4.484132766957024,1.0
1447392845.7,2023-07-29,PORT04,V44_3,4,CRF,0,0,V555555555555555_29,1699557,PLANT03,PORT09,1081,3.0459392853143874,4.0
1447357739.7,2023-02-06,PORT04,V444_1,1,DTD,5,0,V55555555555555_8,1690628,PLANT03,PORT09,327,2.7696070822688403,1.0
1447353750.7,2023-11-25,PORT04,V444_1,1,DTD,5,0,V55555555555555_8,1676563,PLANT03,PORT09,466,3.7800000000000002,1.0
1447349667.7,2023-04-08,PORT04,V444_1,1,DTD,5,0,V55555555555555_8,1688589,PLANT03,PORT09,295,0.9135102208301897,1.0
1447346261.7,2023-03-19,PORT04,V444_0,2,DTP,3,0,V555555_6,1650880,PLANT03,PORT09,1024,6.584615384615384,2.0
1447317064.7,2023-01-02,PORT04,V444_1,1,DTD,5,0,V55555555555555_8,1690619,PLANT03,PORT09,312,0.8037708794183911,1.0
1447306651.7,2023-03-21,PORT04,V444_1,1,DTD,0,0,V5555555_22,1672651,PLANT03,PORT09,1360,19.28570661862382,1.0
1447306543.7,2023-08-16,PORT04,V44_3,4,CRF,0,0,V555555555555555_29,1699268,PLANT03,PORT09,1437,2.653359698893519,3.84
1447304365.7,2023-12-19,PORT04,V444_0,2,DTP,0,0,V5555_33,1689544,PLANT03,PORT09,240,0.6435729464146502,2.0
1447299247.7,2023-12-10,PORT04,V444_0,2,DTP,6,6,V555555555_14,1696260,PLANT08,PORT09,1690,8.027546512210181,2.0
1447267030.7,2023-11-18,PORT04,V444_0,2,DTP,3,0,V555555_6,1696756,PLANT03,PORT09,320,1.379193205944798,2.0
1447265717.7,2023-02-08,PORT04,V444_0,2,DTP,0,0,V555555555_27,1677891,PLANT03,PORT09,511,0.6614253807106598,2.0
1447265629.7,2023-08-10,PORT04,V444_0,2,DTP,3,0,V555555_6,1677878,PLANT03,PORT09,295,0.06692632765178178,2.0
1447230875.7,2023-11-20,PORT04,V444_1,1,DTD,0,0,V5555555_22,1683636,PLANT03,PORT09,395,3.457496101721161,1.0
1447229528.7,2023-11-06,PORT04,V444_0,2,DTP,3,0,V55555_4,1675654,PLANT03,PORT09,3293,21.28,2.0
1447223868.7,2023-09-15,PORT04,V444_1,1,DTD,3,0,V5555555_19,1696074,PLANT03,PORT09,917,5.327489052970405,1.0
1447216709.7,2023-09-22,PORT04,V44_3,2,CRF,3,0,V55555_2,1658532,PLANT03,PORT09,319,0.8192729619272964,2.0
1447206585.7,2023-01-07,PORT04,V444_0,2,DTP,0,0,V555555555_14,1668550,PLANT03,PORT09,2333,32.15719357435451,2.0
1447183505.7,2023-12-20,PORT04,V444_0,2,DTP,3,0,V555555_6,1660578,PLANT03,PORT09,334,1.0633485414074382,2.0
1447182372.7,2023-06-01,PORT04,V44_3,0,CRF,3,0,V55555555_32,1699417,PLANT03,PORT09,2266,4.717699688401279,0.0
1447169083.7,2023-02-25,PORT04,V444_1,1,DTD,1,0,V555555555555555555_17,1696073,PLANT03,PORT09,534,1.946388057995529,1.0
1447157471.7,2023-11-28,PORT04,V444_0,2,DTP,0,0,V5555_33,1682769,PLANT03,PORT09,340,6.996071941152403,2.0
1447155744.7,2023-01-23,PORT04,V444_1,1,DTD,0,0,V5555555_22,1656353,PLANT03,PORT09,474,8.934983724752794,1.0
1447383127.7,2023-10-07,PORT04,V444_1,1,DTD,0,0,V555555555555555555_45,1688587,PLANT03,PORT09,319,6.110911139000972,1.0
1447379157.7,2023-07-20,PORT04,V444_0,2,DTP,0,0,V55555555555_28,1687384,PLANT03,PORT09,10740,6.369057619550333,2.0
1447372973.7,2023-03-21,PORT04,V444_0,2,DTP,0,0,V5555_33,1688575,PLANT03,PORT09,275,1.989550042960622,2.0
1447372036.7,2023-05-25,PORT04,V44_3,0,CRF,3,0,V55555555_32,1699674,PLANT03,PORT09,3031,8.438419173000002,0.0
1447369505.7,2023-04-18,PORT04,V444_0,2,DTP,0,0,V555555555_14,1668550,PLANT03,PORT09,2328,30.15719357435451,2.0
1447355133.7,2023-01-02,PORT04,V444_0,2,DTP,3,0,V555555_6,1693626,PLANT03,PORT09,296,0.23007533276692155,2.0
1447353233.7,2023-12-06,PORT04,V444_1,1,DTD,5,0,V55555555555555_8,1688589,PLANT03,PORT09,575,26.40530662490569,1.0
1447348311.7,2023-11-07,PORT04,V444_0,2,DTP,0,0,V555555555555555_29,1689544,PLANT03,PORT09,361,10.726215773577504,2.0
1447332115.7,2023-06-20,PORT04,V444_0,2,DTP,0,0,V5555555555_1,1690144,PLANT13,PORT09,254,0.44121951219512195,2.0
1447326752.7,2023-04-24,PORT04,V444_0,2,DTP,3,0,V555555_6,1656246,PLANT03,PORT09,9237,32.24,2.0
1447315618.7,2023-04-12,PORT04,V444_0,2,DTP,0,0,V555555555_14,1687346,PLANT03,PORT09,2262,36.88,2.0
1447306329.7,2023-10-02,PORT04,V444_1,1,DTD,0,0,V5555555_22,1683634,PLANT03,PORT09,613,6.281961032420923,1.0
1447300139.7,2023-11-20,PORT04,V444_0,2,DTP,5,0,V55555555_7,1699369,PLANT03,PORT09,5274,13.363945193691864,2.0
1447283832.7,2023-07-14,PORT04,V444_0,2,DTP,3,0,V555555_6,1695345,PLANT03,PORT09,915,2.263149263207365,2.0
1447275908.7,2023-10-22,PORT04,V444_0,2,DTP,3,0,V55555_2,1689031,PLANT03,PORT09,671,7.58,2.0
1447243013.7,2023-09-20,PORT04,V444_1,1,DTD,5,0,V55555555555555_8,1688571,PLANT03,PORT09,717,44.22604949633399,1.0
1447227163.7,2023-02-10,PORT04,V444_0,2,DTP,0,0,V5555555_30,1660579,PLANT03,PORT09,1812,126.58599898746445,2.0
1447215349.7,2023-05-19,PORT04,V444_0,2,DTP,0,0,V555555_24,1666519,PLANT03,PORT09,393,1.1893333333333334,2.0
1447205223.7,2023-08-15,PORT04,V444_0,2,DTP,3,0,V55555_2,1654621,PLANT03,PORT09,856,7.5200000000000005,2.0
1447183486.7,2023-03-24,PORT04,V444_0,2,DTP,5,0,V55555555_7,1660585,PLANT03,PORT09,704,40.8933131519738,2.0
1447181111.7,2023-09-13,PORT04,V444_0,2,DTP,0,0,V5555_36,1682682,PLANT03,PORT09,6245,13.068806447830985,2.0
1447163027.7,2023-07-26,PORT04,V444_0,2,DTP,3,0,V55555_2,1677878,PLANT03,PORT09,1846,5.4,2.0
1447150982.7,2023-08-10,PORT04,V444_0,2,DTP,0,0,V55_13,1682784,PLANT03,PORT09,293,4.631191318151892,2.0
1447138894.7,2023-12-11,PORT09,V44_3,1,CRF,3,0,V55555_53,1697317,PLANT16,PORT09,2079,345.12,1.0
1447394303.7,2023-10-01,PORT04,V444_0,2,DTP,0,0,V5555_33,1688575,PLANT03,PORT09,287,0.9043409286184646,2.0
1447389105.7,2023-10-24,PORT04,V444_0,2,DTP,3,0,V5555555_22,1683197,PLANT03,PORT09,408,2.060282263536436,2.0
1447379010.7,2023-05-28,PORT04,V444_0,2,DTP,0,0,V555555555_27,1676853,PLANT03,PORT09,553,0.7924876340864491,2.0
1447375103.7,2023-02-20,PORT04,V444_0,2,DTP,3,0,V55555555_5,1652883,PLANT13,PORT09,390,42.03874590117681,2.0
1447320686.7,2023-02-19,PORT04,V444_1,1,DTD,0,0,V5555555_22,1672676,PLANT03,PORT09,252,0.3480437526293648,1.0
1447306525.7,2023-11-16,PORT04,V444_1,1,DTD,0,0,V5555555_22,1683636,PLANT03,PORT09,472,5.725613544450242,1.0
1447305210.7,2023-02-18,PORT04,V444_0,2,DTP,3,0,V55555_2,1668547,PLANT03,PORT09,569,2.1509363347857,2.0
1447301154.7,2023-09-17,PORT04,V444_1,2,DTD,5,0,V55555555555555_8,1697781,PLANT12,PORT09,264,9.75,2.0
1447289237.7,2023-01-25,PORT04,V444_0,2,DTP,3,0,V55555555_5,1621717,PLANT12,PORT09,386,31.59090909090909,2.0
1447272940.7,2023-03-23,PORT04,V444_0,2,DTP,5,0,V55555555_7,1653969,PLANT13,PORT09,273,4.505510752688172,2.0
1447268263.7,2023-04-11,PORT04,V444_0,2,DTP,0,0,V555555555_14,1670215,PLANT03,PORT09,4318,40.4737895176088,2.0
1447267038.7,2023-06-26,PORT04,V444_0,2,DTP,0,0,V55555555_5,1688633,PLANT03,PORT09,429,8.907293515818708,2.0
1447241100.7,2023-01-30,PORT04,V444_0,2,DTP,5,0,V55555555_7,1682757,PLANT03,PORT09,295,1.8375402874111784,2.0
1447226838.7,2023-09-16,PORT04,V444_0,2,DTP,3,0,V55555555_0,1692997,PLANT03,PORT09,401,2.3039943820984856,2.0
1447221456.7,2023-02-07,PORT04,V444_0,2,DTP,3,0,V55555555_5,1689457,PLANT12,PORT09,325,0.8355936248091864,2.0
1447219293.7,2023-05-28,PORT04,V444_0,2,DTP,3,0,V55555_2,1674853,PLANT03,PORT09,366,5.237982195845695,2.0
1447199033.7,2023-04-15,PORT04,V444_0,2,DTP,3,0,V555555_6,1699953,PLANT03,PORT09,2314,69.82442905977172,2.0
1447187334.7,2023-08-31,PORT04,V444_0,2,DTP,0,0,V5555_25,1693453,PLANT03,PORT09,2538,9.880807463291159,2.0
1447182475.7,2023-06-28,PORT04,V44_3,4,CRF,0,0,V555555555555555_29,1699576,PLANT03,PORT09,5502,6.3143139080024895,3.84
1447179685.7,2023-01-28,PORT04,V44_3,2,CRF,3,0,V55555_2,1676853,PLANT03,PORT09,268,0.0026416254469548302,2.0
1447172140.7,2023-06-17,PORT04,V444_0,2,DTP,3,0,V55555555_5,1652887,PLANT13,PORT09,360,57.60000000000001,2.0
1447172089.7,2023-06-19,PORT04,V44_3,4,CRF,0,0,V555555555555_31,1684560,PLANT03,PORT09,18329,8.023158413136773,4.0
1447410986.7,2023-08-06,PORT04,V444_0,2,DTP,0,0,V55555555555_28,1695687,PLANT03,PORT09,6299,6.321306849702128,2.0
1447392832.7,2023-11-11,PORT04,V44_3,4,CRF,0,0,V555555555555555_29,1699555,PLANT03,PORT09,1145,2.910980721120423,3.92
1447391441.7,2023-02-11,PORT04,V44_3,2,CRF,3,0,V55555_2,1660551,PLANT03,PORT09,381,8.405550049554014,2.0
1447389078.7,2023-01-03,PORT04,V444_0,2,DTP,3,0,V55555_4,1650685,PLANT03,PORT09,3930,25.76,2.0
1447383129.7,2023-05-13,PORT04,V444_1,1,DTD,0,0,V555555555555555555_45,1689547,PLANT03,PORT09,2236,139.97254374627656,1.0
1447360922.7,2023-11-06,PORT04,V444_0,2,DTP,0,0,V55555555_5,1656246,PLANT03,PORT09,7324,26.06,2.06
1447351504.7,2023-04-16,PORT04,V444_0,2,DTP,0,0,V555555555555555_29,1680245,PLANT12,PORT09,259,6.585507246376811,2.0
1447346612.7,2023-08-29,PORT04,V444_0,2,DTP,3,0,V55555555_0,1693865,PLANT03,PORT09,336,0.36389011820164585,2.0
1447335980.7,2023-02-09,PORT04,V444_1,1,DTD,5,0,V55555555555555_8,1658528,PLANT03,PORT09,695,4.44,1.0
1447317760.7,2023-01-27,PORT04,V444_0,2,DTP,0,0,V55555555555_28,1674598,PLANT03,PORT09,21234,9.766876194420282,2.0
1447308430.7,2023-04-08,PORT04,V444_0,2,DTP,3,0,V55555555_0,1677889,PLANT03,PORT09,487,1.4399718719928938,2.0
1447281470.7,2023-06-22,PORT04,V444_0,2,DTP,0,0,V555555555_14,1694720,PLANT03,PORT09,1322,11.9,2.0
1447231110.7,2023-09-17,PORT04,V444_1,1,DTD,1,0,V555555555555555555_17,1699771,PLANT03,PORT09,971,4.680012880239468,1.0
1447229004.7,2023-07-06,PORT04,V44_3,2,CRF,3,0,V55555_2,1674853,PLANT03,PORT09,293,0.08729970326409492,2.0
1447227034.7,2023-09-05,PORT04,V444_0,2,DTP,5,0,V55555555_7,1672117,PLANT03,PORT09,263,0.3248000000000001,2.0
1447226240.7,2023-03-27,PORT04,V444_1,1,DTD,0,0,V5555555_22,1687491,PLANT03,PORT09,283,0.024391729496195818,1.0
1447223637.7,2023-12-13,PORT04,V444_1,1,DTD,0,0,V5555555_22,1683636,PLANT03,PORT09,277,0.7191591891580015,1.0
1447208115.7,2023-03-28,PORT04,V444_0,2,DTP,3,0,V55555555_5,1672245,PLANT13,PORT09,342,12.8,2.0
1447196779.7,2023-04-17,PORT04,V444_0,2,DTP,0,0,V555555555_14,1668547,PLANT03,PORT09,5349,36.74,2.0
1447185795.7,2023-08-01,PORT04,V444_0,2,DTP,0,0,V55555_26,1677884,PLANT03,PORT09,1806,5.02,2.0
1447172419.7,2023-12-27,PORT04,V444_0,2,DTP,3,0,V55555_2,1652630,PLANT03,PORT09,296,0.5841379310344827,2.0
1447168065.7,2023-03-28,PORT04,V444_0,2,DTP,3,0,V55555555_5,1666992,PLANT12,PORT09,310,1.254020210397027,2.0
1447137236.7,2023-12-07,PORT04,V444_0,2,DTP,3,0,V55555555_5,1697080,PLANT03,PORT09,911,3.780648135530698,2.0
1447419379.7,2023-02-05,PORT04,V444_1,1,DTD,0,0,V5555555_22,1672676,PLANT03,PORT09,263,0.4872612536811108,1.0
1447418038.7,2023-11-14,PORT04,V444_0,2,DTP,3,0,V55555_2,1674853,PLANT03,PORT09,401,8.14,2.0
1447407041.7,2023-08-23,PORT04,V444_1,1,DTD,3,0,V5555555_19,1692109,PLANT03,PORT09,426,1.4581016931651458,1.0
1447395128.7,2023-07-01,PORT04,V444_1,1,DTD,5,0,V55555555555555_8,1689541,PLANT03,PORT09,394,8.751390268123131,1.0
1447375293.7,2023-08-28,PORT04,V444_0,2,DTP,3,0,V555555_6,1677889,PLANT03,PORT09,280,0.17349058698709566,2.0
1447373510.7,2023-04-10,PORT04,V44_3,2,CRF,3,0,V55555_2,1660551,PLANT03,PORT09,323,1.200792864222002,2.0
1447371605.7,2023-04-02,PORT04,V444_1,1,DTD,5,0,V55555555555555_8,1688589,PLANT03,PORT09,328,4.567551104150948,1.0
1447371281.7,2023-02-22,PORT04,V444_1,1,DTD,0,0,V5555555_22,1683634,PLANT03,PORT09,735,8.137555675843718,1.0
1447367965.7,2023-10-26,PORT04,V444_0,2,DTP,0,0,V55555_26,1660897,PLANT03,PORT09,1925,12.707185773772304,2.0
1447360220.7,2023-08-25,PORT04,V444_0,2,DTP,3,0,V555555_6,1697087,PLANT03,PORT09,318,0.0686906578174566,2.0
1447350452.7,2023-09-29,PORT04,V444_1,1,DTD,5,0,V55555555555555_8,1689541,PLANT03,PORT09,384,14.585650446871886,1.0
1447323092.7,2023-08-18,PORT04,V444_0,2,DTP,0,0,V55555555_5,1666958,PLANT12,PORT09,873,182.89428044280444,2.0
1447322804.7,2023-11-10,PORT04,V444_1,1,DTD,0,0,V5555555_22,1692949,PLANT03,PORT09,958,3.243892343213792,1.0
1447313869.7,2023-11-24,PORT04,V444_0,2,DTP,3,0,V5555555_22,1683197,PLANT03,PORT09,453,4.88,2.0
1447312974.7,2023-10-12,PORT04,V444_0,2,DTP,3,0,V55555555_0,1689554,PLANT03,PORT09,976,11.26,2.0
1447312661.7,2023-02-24,PORT04,V444_0,2,DTP,0,0,V555555_24,1660897,PLANT03,PORT09,756,3.970995554303845,2.0
1447309593.7,2023-06-08,PORT04,V44_3,2,CRF,3,0,V55555_2,1651299,PLANT03,PORT09,327,0.12169168770775887,2.0
1447308846.7,2023-06-14,PORT04,V444_0,2,DTP,0,0,V555555555555555_29,1682757,PLANT03,PORT09,327,4.176227925934496,2.0
1447297328.7,2023-10-05,PORT04,V444_1,1,DTD,5,0,V55555555555555_8,1688589,PLANT03,PORT09,834,43.67551104150949,1.0
1447278145.7,2023-11-20,PORT04,V444_0,2,DTP,0,0,V55555_26,1683560,PLANT03,PORT09,64915,696.2660781570604,2.04
1447261830.7,2023-06-20,PORT04,V444_0,2,DTP,3,0,V55555_2,1658528,PLANT03,PORT09,372,0.8599106084101065,2.0
1447259859.7,2023-03-01,PORT04,V444_1,1,DTD,5,0,V55555555555555_8,1688610,PLANT03,PORT09,520,28.226683994263453,1.0
1447258767.7,2023-02-08,PORT04,V444_0,2,DTP,3,0,V555555_6,1656350,PLANT03,PORT09,335,5.347853990105246,2.0
1447240908.7,2023-10-05,PORT04,V444_0,2,DTP,0,0,V55555_26,1662552,PLANT03,PORT09,774,2.2933811399200903,2.0
1447237190.7,2023-11-20,PORT04,V444_0,2,DTP,3,0,V55555555_5,1689543,PLANT03,PORT09,312,0.2450573565688278,2.0
1447219831.7,2023-12-01,PORT04,V444_1,1,DTD,5,0,V55555555555555_8,1688587,PLANT03,PORT09,278,2.7362288682093907,1.0
1447215331.7,2023-06-20,PORT04,V444_0,2,DTP,3,0,V55555_4,1649002,PLANT03,PORT09,415,2.28603720273134,2.0
1447183455.7,2023-06-15,PORT04,V444_0,2,DTP,0,0,V55_13,1684703,PLANT03,PORT09,612,3.718287524341007,2.0
1447182490.7,2023-01-22,PORT04,V444_0,2,DTP,3,0,V55555555_5,1696075,PLANT03,PORT09,1287,5.828514362117512,2.0
1447182480.7,2023-04-14,PORT04,V44_3,4,CRF,0,0,V555555555555555_29,1699248,PLANT03,PORT09,3291,9.967514308355264,3.28
1447179664.7,2023-03-19,PORT04,V444_1,1,DTD,5,0,V55555555555555_8,1689546,PLANT03,PORT09,510,14.325088328602954,1.0
1447178894.7,2023-11-26,PORT04,V444_0,2,DTP,0,0,V55555555_5,1682805,PLANT03,PORT09,1444,105.80222101950062,2.0
1447173725.7,2023-08-02,PORT04,V444_0,2,DTP,3,0,V55555_2,1658528,PLANT03,PORT09,486,3.1,2.0
1447169085.7,2023-11-13,PORT04,V444_1,1,DTD,1,0,V555555555555555555_17,1696746,PLANT03,PORT09,486,8.838863435500775,1.0
1447167732.7,2023-05-28,PORT04,V444_0,2,DTP,0,0,V55555555_5,1677878,PLANT03,PORT09,447,0.7436258627975754,2.0
1447163989.7,2023-11-07,PORT04,V444_0,2,DTP,0,0,V5555555555_1,1690144,PLANT13,PORT09,278,0.44121951219512195,2.0
1447159821.7,2023-10-07,PORT04,V444_0,3,DTD,0,0,V555555555555555555_42,1671426,PLANT03,PORT09,21329,13.433976639574809,3.0
1447158074.7,2023-03-28,PORT04,V444_0,2,DTP,3,0,V55555_4,1689147,PLANT03,PORT09,625,1.1297294122828914,2.0
1447158072.7,2023-04-11,PORT04,V444_0,2,DTP,3,0,V55555_4,1662552,PLANT03,PORT09,806,2.2933811399200903,2.0
1447154113.7,2023-03-11,PORT04,V444_0,2,DTP,3,0,V555555_6,1695346,PLANT03,PORT09,651,1.5327657467116587,2.0
1447411609.7,2023-01-29,PORT04,V444_0,2,DTP,0,0,V55555555_5,1687346,PLANT03,PORT09,301,1.0435688605180125,2.0
1447405826.7,2023-10-09,PORT04,V44_3,0,CRF,3,0,V55555555_32,1699417,PLANT03,PORT09,2297,4.717699688401279,0.0
1447399701.7,2023-06-30,PORT04,V444_0,2,DTP,0,0,V5555555_30,1658528,PLANT03,PORT09,581,3.68,2.0
1447372088.7,2023-07-17,PORT04,V444_0,2,DTP,0,0,V555555555_27,1622685,PLANT03,PORT09,1139,5.3,2.0
1447365251.7,2023-03-02,PORT04,V444_0,2,DTP,3,1,V555_15,1651298,PLANT03,PORT09,2319,4.596727272727272,2.0
1447361653.7,2023-04-11,PORT04,V444_1,1,DTD,0,0,V5555555_22,1683634,PLANT03,PORT09,413,1.8169364216848207,1.0
1447327255.7,2023-06-29,PORT04,V444_0,2,DTP,0,0,V555555555555555_29,1688575,PLANT03,PORT09,372,4.521704643092323,2.0
1447326516.7,2023-11-24,PORT04,V444_0,2,DTP,0,0,V55555555_5,1675655,PLANT03,PORT09,469,2.2779080106701146,2.0
1447317256.7,2023-09-01,PORT04,V444_1,1,DTD,0,0,V555555555555555555_45,1690619,PLANT03,PORT09,280,0.7233937914765519,1.0
1447306624.7,2023-09-16,PORT04,V44_3,4,CRF,0,0,V555555555555555_29,1699329,PLANT03,PORT09,2677,13.62665277706631,3.56
1447293116.7,2023-11-30,PORT04,V444_0,2,DTP,3,0,V55555_2,1697080,PLANT03,PORT09,297,0.01777734233008165,2.0
1447257475.7,2023-05-07,PORT04,V444_0,2,DTP,0,0,V5555555_30,1674120,PLANT03,PORT09,734,39.92,2.0
1447237031.7,2023-10-08,PORT04,V444_1,1,DTD,5,0,V55555555555555_8,1688629,PLANT03,PORT09,354,9.865092087305452,1.0
1447208184.7,2023-09-07,PORT04,V444_0,2,DTP,3,0,V555555_6,1689546,PLANT03,PORT09,1326,72.62544164301477,2.0
1447188555.7,2023-04-24,PORT04,V444_0,2,DTP,5,0,V55555555_7,1689547,PLANT03,PORT09,333,1.583697981209042,2.0
1447175787.7,2023-02-14,PORT04,V444_0,2,DTP,3,0,V5555555_22,1676566,PLANT03,PORT09,526,2.518890310471552,2.0
1447173719.7,2023-02-24,PORT04,V444_0,2,DTP,3,0,V55555_2,1664051,PLANT03,PORT09,30286,358.44,2.0
1447152414.7,2023-07-07,PORT04,V444_0,2,DTP,0,0,V555555555_27,1677878,PLANT03,PORT09,942,2.3052401746724835,2.0
1447406126.7,2023-08-17,PORT04,V444_0,2,DTP,5,0,V55555555_7,1660585,PLANT03,PORT09,2007,157.6865894866025,2.0
1447398620.7,2023-07-29,PORT04,V444_0,2,DTP,0,0,V55555_26,1683560,PLANT03,PORT09,20987,193.52203905258096,2.0
1447397661.7,2023-12-01,PORT04,V444_0,2,DTP,0,0,V555555555_27,1677692,PLANT03,PORT09,5276,361.9,2.0
1447386441.7,2023-07-09,PORT04,V444_1,2,DTD,0,0,V55555_10,1683387,PLANT12,PORT09,337,2.3422883858461057,2.0
1447384424.7,2023-08-21,PORT04,V444_0,2,DTP,0,0,V5555_33,1688290,PLANT03,PORT09,332,2.786104565501727,2.0
1447377331.7,2023-11-14,PORT04,V44_3,0,CRF,0,0,V555555555555555_29,1699567,PLANT03,PORT09,10266,8.218128182396477,0.84
1447375316.7,2023-10-29,PORT04,V444_0,2,DTP,3,0,V55555_2,1655818,PLANT03,PORT09,1124,2.575449014155183,2.0
1447373517.7,2023-03-11,PORT04,V44_3,2,CRF,3,0,V55555_2,1674853,PLANT03,PORT09,371,4.103086053412461,2.0
1447367410.7,2023-12-21,PORT04,V444_0,2,DTP,0,0,V555555555_27,1679638,PLANT03,PORT09,417,0.3381662044037619,2.0
1447365207.7,2023-07-03,PORT04,V444_1,2,DTD,5,0,V55555555555555_8,1657013,PLANT12,PORT09,411,26.499999999999996,2.0
1447335471.7,2023-11-06,PORT04,V444_0,2,DTP,0,0,V55555_26,1654622,PLANT03,PORT09,30280,377.72,2.0
1447307973.7,2023-06-24,PORT04,V444_0,2,DTP,0,0,V5555555_30,1666295,PLANT03,PORT09,410,1.8117786058347725,2.0
1447306541.7,2023-08-10,PORT04,V44_3,4,CRF,0,0,V555555555555555_29,1699268,PLANT03,PORT09,1495,2.653359698893519,3.84
1447305023.7,2023-07-08,PORT04,V444_0,2,DTP,3,0,V5555555_12,1639636,PLANT03,PORT09,259,2.0570704354355476,2.0
1447300215.7,2023-03-04,PORT04,V444_0,2,DTP,3,1,V555_15,1662551,PLANT03,PORT09,2289,3.7980487804878047,2.0
1447292175.7,2023-06-01,PORT04,V444_0,2,DTP,3,0,V55555_4,1660153,PLANT03,PORT09,450,14.96,2.0
1447289680.7,2023-05-23,PORT04,V444_0,2,DTP,3,0,V55555_2,1664051,PLANT03,PORT09,25328,278.3337241526327,2.02
1447188341.7,2023-11-10,PORT04,V444_0,2,DTP,3,0,V55555555_5,1666994,PLANT12,PORT09,286,0.5547995475914976,2.0
1447184524.7,2023-02-17,PORT04,V444_0,2,DTP,3,0,V55555_2,1669702,PLANT03,PORT09,332,0.8874606289308178,2.0
1447167573.7,2023-08-11,PORT04,V444_1,1,DTD,5,0,V55555555555555_8,1688629,PLANT03,PORT09,376,8.968265533914048,1.0
1447145968.7,2023-04-07,PORT04,V444_1,1,DTD,0,0,V5555555_22,1692946,PLANT03,PORT09,984,3.441058415401349,1.0
1447425025.7,2023-05-12,PORT04,V444_0,2,DTP,5,0,V55555555_7,1660580,PLANT03,PORT09,650,38.92,2.0
1447379297.7,2023-08-15,PORT04,V44_3,0,CRF,0,0,V555555555555555_29,1699792,PLANT03,PORT09,12737,9.30225411425535,0.92
1447327273.7,2023-11-02,PORT04,V444_0,2,DTP,3,0,V555555_6,1660551,PLANT03,PORT09,280,0.1200792864222002,2.0
1447288533.7,2023-10-01,PORT04,V444_0,2,DTP,0,0,V555555555555555_29,1689547,PLANT03,PORT09,611,23.595881561941482,2.0
1447283663.7,2023-06-27,PORT04,V444_0,2,DTP,0,0,V55555_26,1660885,PLANT03,PORT09,714,3.971386684191902,2.0
1447266993.7,2023-11-12,PORT04,V444_0,2,DTP,3,0,V555555555_3,1682832,PLANT03,PORT09,418,8.903225183661748,2.0
1447250705.7,2023-08-02,PORT04,V444_1,1,DTD,0,0,V55555555555555_8,1660668,PLANT03,PORT09,658,19.01933995449377,1.0
1447243692.7,2023-05-25,PORT04,V444_0,2,DTP,0,0,V5555_33,1683392,PLANT03,PORT09,268,1.4371199993820116,2.0
1447227068.7,2023-12-13,PORT04,V444_0,2,DTP,3,0,V55555_4,1656246,PLANT03,PORT09,1330,4.096305732484077,2.0
1447209217.7,2023-02-07,PORT04,V444_0,2,DTP,3,0,V55555555_5,1693700,PLANT03,PORT09,350,0.26071357714966564,2.0
1447189165.7,2023-11-12,PORT04,V444_0,2,DTP,3,0,V55555_2,1689033,PLANT03,PORT09,618,5.68,2.0
1447184523.7,2023-06-01,PORT04,V444_0,2,DTP,3,0,V55555_2,1669702,PLANT03,PORT09,410,2.6623818867924536,2.0
1447179940.7,2023-07-12,PORT04,V444_1,1,DTD,0,0,V555555555555555555_45,1683392,PLANT03,PORT09,321,1.7065799992661388,1.0
1447174691.7,2023-03-13,PORT04,V444_0,2,DTP,0,0,V555555_24,1667817,PLANT03,PORT09,1052,11.795720164609051,2.0
1447173740.7,2023-03-07,PORT04,V444_0,2,DTP,3,0,V55555_2,1682745,PLANT03,PORT09,319,1.1282377558822834,2.0
1447170498.7,2023-07-19,PORT04,V444_0,2,DTP,3,0,V555555_6,1667817,PLANT03,PORT09,5373,79.08,2.0
1447168274.7,2023-06-27,PORT04,V444_0,2,DTP,3,0,V555555_6,1660579,PLANT03,PORT09,322,2.7117199797492892,2.0
1447164257.7,2023-05-21,PORT04,V444_0,2,DTP,3,0,V555555_6,1685211,PLANT03,PORT09,471,3.283329065300897,2.0
1447163626.7,2023-03-04,PORT04,V444_0,2,DTP,0,3,V555555555_27,1655723,PLANT03,PORT09,459,8.642456944777082,2.0
1447162972.7,2023-04-14,PORT04,V444_0,2,DTP,5,0,V55555555_7,1669701,PLANT03,PORT09,896,6.11,2.0
1447152753.7,2023-04-14,PORT04,V444_0,2,DTP,0,0,V555555555_27,1689781,PLANT03,PORT09,321,2.7496968896715903,2.0
1447151466.7,2023-02-15,PORT04,V444_0,2,DTP,3,0,V55555555_5,1689460,PLANT12,PORT09,762,137.0,2.0
1447150972.7,2023-06-25,PORT04,V444_0,2,DTP,3,0,V55555_2,1687491,PLANT03,PORT09,790,9.78,2.0
1447145984.7,2023-05-12,PORT04,V444_1,1,DTD,0,0,V5555555_22,1692950,PLANT03,PORT09,2274,14.141091785241107,1.0
1447420931.7,2023-04-10,PORT04,V444_0,2,DTP,0,0,V555555555_14,1681885,PLANT08,PORT09,1934,5.866213574062154,2.0
1447410883.7,2023-10-23,PORT04,V44_3,2,CRF,3,0,V55555_2,1650905,PLANT03,PORT09,638,6.436571428571427,2.0
1447396703.7,2023-09-17,PORT04,V444_0,2,DTP,0,0,V55_13,1694720,PLANT03,PORT09,621,3.952107794863434,2.0
1447386299.7,2023-02-26,PORT04,V444_1,1,DTD,0,0,V5555555_22,1699799,PLANT03,PORT09,5289,4.191591788535211,1.0
1447383128.7,2023-11-25,PORT04,V444_1,1,DTD,0,0,V555555555555555555_45,1688629,PLANT03,PORT09,1273,90.68265533914048,1.0
1447321236.7,2023-06-12,PORT04,V444_1,2,DTD,5,0,V55555555555555_8,1650715,PLANT12,PORT09,291,10.7,2.0
1447306555.7,2023-05-12,PORT04,V444_1,1,DTD,0,0,V5555555_22,1656350,PLANT03,PORT09,368,5.481550339857878,1.0
1447251313.7,2023-09-14,PORT04,V444_1,1,DTD,5,0,V55555555555555_8,1688629,PLANT03,PORT09,419,17.142877961045286,1.0
1447251206.7,2023-10-13,PORT04,V444_0,2,DTP,3,0,V555555_6,1696074,PLANT03,PORT09,1280,8.87914842161734,2.0
1447230876.7,2023-03-28,PORT04,V444_1,1,DTD,0,0,V5555555_22,1683636,PLANT03,PORT09,266,0.8851190020406172,1.0
1447214823.7,2023-06-02,PORT04,V44_3,0,CRF,0,0,V5555555_12,1699694,PLANT03,PORT09,2775,2.7209956977,0.0
1447203024.7,2023-06-08,PORT04,V444_0,2,DTP,0,0,V5555_33,1689547,PLANT03,PORT09,292,0.14397254374627655,2.0
1447167432.7,2023-02-18,PORT04,V444_0,2,DTP,0,0,V5555_33,1682769,PLANT03,PORT09,306,1.288750094422811,2.0
1447165547.7,2023-09-28,PORT04,V444_0,2,DTP,3,0,V555555_6,1685211,PLANT03,PORT09,315,1.244660691421255,2.0
1447165546.7,2023-10-16,PORT04,V444_0,2,DTP,3,0,V555555_6,1683199,PLANT03,PORT09,315,1.4350306768511967,2.0
1447146553.7,2023-12-29,PORT04,V444_0,2,DTP,5,0,V55555555_7,1660580,PLANT03,PORT09,420,9.690879741727201,2.0
1447405868.7,2023-01-06,PORT04,V444_1,1,DTD,0,0,V5555555_22,1683634,PLANT03,PORT09,411,3.150645071644955,1.0
1447373522.7,2023-08-09,PORT04,V44_3,2,CRF,3,0,V55555_2,1672091,PLANT03,PORT09,275,5.246361417812281,2.0
1447373499.7,2023-01-17,PORT04,V44_3,2,CRF,3,0,V55555_2,1682805,PLANT03,PORT09,316,4.295748739978287,2.0
1447373402.7,2023-10-12,PORT04,V444_0,2,DTP,3,0,V55555_2,1664051,PLANT03,PORT09,15300,173.40023449157962,2.0
1447367720.7,2023-07-11,PORT04,V444_0,2,DTP,0,0,V5555_33,1675810,PLANT12,PORT09,320,1.4968242423223732,2.0
1447352342.7,2023-03-18,PORT04,V444_0,2,DTP,3,0,V55555555_5,1700137,PLANT03,PORT09,47129,56.471407371342984,2.0
1447339230.7,2023-06-07,PORT04,V444_0,2,DTP,0,0,V555555555555555_29,1682769,PLANT03,PORT09,337,1.8410715634611585,2.0
1447327257.7,2023-10-02,PORT04,V444_0,2,DTP,0,0,V555555555555555_29,1688575,PLANT03,PORT09,377,4.521704643092323,2.0
1447308848.7,2023-01-04,PORT04,V444_0,2,DTP,0,0,V555555555555555_29,1688575,PLANT03,PORT09,300,4.521704643092323,2.0
1447300025.7,2023-11-22,PORT04,V444_0,2,DTP,3,0,V5555555_22,1697872,PLANT03,PORT09,357,1.1358673112908946,2.0
1447295173.7,2023-04-21,PORT04,V444_0,2,DTP,3,0,V555555_6,1662274,PLANT03,PORT09,316,1.1628828828828826,2.0
1447293076.7,2023-03-09,PORT04,V444_0,2,DTP,3,0,V55555_2,1677878,PLANT03,PORT09,312,0.27514156923510286,2.0
1447291613.7,2023-01-26,PORT04,V444_0,2,DTP,3,0,V55555555_5,1700143,PLANT03,PORT09,54194,51.327786929486784,2.01
1447258768.7,2023-06-23,PORT04,V444_0,2,DTP,3,0,V55555_2,1663347,PLANT03,PORT09,297,0.3028332084123274,2.0
1447243118.7,2023-10-07,PORT04,V444_1,2,DTD,5,0,V55555555555555_8,1666961,PLANT12,PORT09,363,26.6,2.0
1447216050.7,2023-07-23,PORT04,V444_0,2,DTP,3,0,V5555555_12,1677878,PLANT03,PORT09,560,1.115438794196363,2.0
1447209502.7,2023-02-03,PORT04,V444_1,1,DTD,0,0,V5555555_22,1686401,PLANT03,PORT09,512,5.44,1.0
1447199709.7,2023-11-14,PORT04,V444_0,2,DTP,0,0,V555555555_27,1689780,PLANT03,PORT09,344,10.19723604248819,2.0
1447195003.7,2023-02-14,PORT04,V444_1,1,DTD,0,0,V55555555555555_8,1650904,PLANT03,PORT09,963,11.584117647058823,1.0
1447194768.7,2023-05-08,PORT04,V444_0,2,DTP,0,0,V555555555_27,1699948,PLANT03,PORT09,442,4.124078487670274,2.0
1447182251.7,2023-06-09,PORT04,V444_1,1,DTD,0,0,V5555555_22,1683634,PLANT03,PORT09,379,1.3723668716981092,1.0
1447177920.7,2023-11-10,PORT04,V444_1,1,DTD,5,0,V55555555555555_8,1689551,PLANT03,PORT09,366,7.463581199611766,1.0
1447162956.7,2023-08-24,PORT04,V444_0,2,DTP,0,0,V555555555_27,1679638,PLANT03,PORT09,346,0.16908310220188094,2.0
1447146789.7,2023-03-06,PORT04,V444_0,2,DTP,3,0,V5555555_12,1663341,PLANT03,PORT09,302,4.054435483870968,2.0
1447423205.7,2023-02-16,PORT04,V444_0,2,DTP,5,0,V55555555_7,1660585,PLANT03,PORT09,916,65.32,2.0
1447418040.7,2023-01-24,PORT04,V444_0,2,DTP,3,0,V55555_2,1674853,PLANT03,PORT09,336,8.14,2.0
1447405968.7,2023-03-28,PORT04,V444_1,1,DTD,0,0,V5555555_22,1660677,PLANT03,PORT09,431,9.901850314563008,1.0
1447404359.7,2023-08-21,PORT04,V444_1,1,DTD,0,0,V5555555_22,1699553,PLANT03,PORT09,1075,3.4817178038761125,1.0
1447395057.7,2023-06-22,PORT04,V444_0,2,DTP,3,0,V5555555_22,1683197,PLANT03,PORT09,303,0.5215904464649206,2.0
1447392207.7,2023-04-19,PORT04,V444_0,2,DTP,3,0,V55555555_5,1682769,PLANT03,PORT09,823,49.026789086528964,2.0
1447387463.7,2023-03-21,PORT04,V444_0,2,DTP,0,0,V555555555_27,1655982,PLANT03,PORT09,426,1.17450225865819,2.0
1447381678.7,2023-05-16,PORT09,V44_3,1,CRF,3,0,V55555_53,1700106,PLANT16,PORT09,2766,75.5,1.0
1447373488.7,2023-12-10,PORT04,V44_3,2,CRF,3,0,V55555_2,1660551,PLANT03,PORT09,314,1.200792864222002,2.0
1447373439.7,2023-10-13,PORT04,V444_0,2,DTP,3,0,V55555_2,1687346,PLANT03,PORT09,266,0.18784239489324225,2.0
1447368583.7,2023-10-09,PORT04,V444_0,2,DTP,0,0,V55555555_5,1666958,PLANT12,PORT09,654,144.9778597785978,2.0
1447357737.7,2023-02-09,PORT04,V444_1,1,DTD,5,0,V55555555555555_8,1693747,PLANT03,PORT09,414,19.32,1.0
1447357441.7,2023-02-16,PORT04,V444_0,2,DTP,0,3,V555555555_27,1669702,PLANT03,PORT09,370,1.2908518238993714,2.0
1447350435.7,2023-03-11,PORT04,V444_1,1,DTD,5,0,V55555555555555_8,1688633,PLANT03,PORT09,419,9.278430745644487,1.0
1447340632.7,2023-08-04,PORT04,V44_3,0,CRF,0,0,V5555555_30,1699242,PLANT03,PORT09,844,1.77923094,0.0
1447332236.7,2023-11-19,PORT04,V444_0,2,DTP,3,0,V555555_6,1676564,PLANT03,PORT09,363,0.7768550279833905,2.0
1447327252.7,2023-11-01,PORT04,V444_0,2,DTP,0,0,V555555555555555_29,1688575,PLANT03,PORT09,333,4.521704643092323,2.0
1447323873.7,2023-07-21,PORT04,V444_0,2,DTP,3,0,V555555_6,1660578,PLANT03,PORT09,519,22.62,2.0
1447305837.7,2023-06-02,PORT04,V444_0,2,DTP,3,0,V55555_2,1668545,PLANT03,PORT09,1047,5.58,2.0
1447302325.7,2023-05-23,PORT04,V444_1,1,DTD,5,0,V55555555555555_8,1689544,PLANT03,PORT09,265,2.145243154715501,1.0
1447295508.7,2023-03-04,PORT04,V444_0,2,DTP,0,0,V55555555_5,1678494,PLANT03,PORT09,640,1.6642482582041591,2.0
1447265598.7,2023-01-01,PORT04,V444_0,2,DTP,3,0,V55555_4,1653588,PLANT03,PORT09,418,11.74,2.0
1447236171.7,2023-01-27,PORT04,V444_0,2,DTP,0,0,V555555555555555_29,1688571,PLANT03,PORT09,290,4.40449246755705,2.0
1447214051.7,2023-10-19,PORT04,V444_0,2,DTP,0,0,V555555555_14,1689469,PLANT03,PORT09,3320,59.9,2.0
1447198422.7,2023-08-11,PORT04,V444_0,2,DTP,3,0,V555555_6,1663347,PLANT03,PORT09,441,8.403621533442086,2.0
1447194636.7,2023-12-13,PORT04,V444_0,2,DTP,0,0,V5555_33,1689543,PLANT03,PORT09,274,2.450573565688278,2.0
1447178782.7,2023-09-11,PORT04,V444_0,2,DTP,0,0,V55555555555_28,1700128,PLANT03,PORT09,80957,86.5440897721519,2.06
1447175698.7,2023-10-20,PORT04,V444_0,2,DTP,0,0,V55555555555_28,1667934,PLANT03,PORT09,4277,0.8190994870552318,2.0
1447173860.7,2023-03-25,PORT04,V444_0,2,DTP,5,0,V55555555_7,1687346,PLANT03,PORT09,332,1.419253650304497,2.0
1447172251.7,2023-04-26,PORT04,V444_0,2,DTP,3,0,V5555555_22,1683197,PLANT03,PORT09,532,5.86,2.0
1447164849.7,2023-07-11,PORT04,V444_0,2,DTP,3,0,V55555_4,1662317,PLANT03,PORT09,316,5.78,2.0
1447161384.7,2023-12-01,PORT04,V444_1,1,DTD,0,0,V5555555_22,1683634,PLANT03,PORT09,640,7.712315236725995,1.0
1447146671.7,2023-06-24,PORT04,V444_0,2,DTP,5,0,V55555555_7,1668547,PLANT03,PORT09,364,0.3186572347830666,2.0
1447145367.7,2023-09-13,PORT04,V444_0,2,DTP,0,0,V55_13,1668545,PLANT03,PORT09,284,0.2007502636821751,2.0
1447423384.7,2023-08-17,PORT04,V444_0,2,DTP,5,0,V55555555_7,1699670,PLANT09,PORT09,3858,9.095600176002277,2.0
1447421278.7,2023-10-16,PORT04,V444_0,2,DTP,5,0,V55555555_7,1698977,PLANT03,PORT09,1165,2.444724275256637,2.0
1447402565.7,2023-07-10,PORT04,V44_3,2,CRF,3,0,V55555_2,1700382,PLANT03,PORT09,270,5.96,2.0
1447399909.7,2023-04-05,PORT04,V44_3,0,CRF,3,0,V55555555_32,1699574,PLANT03,PORT09,33859,59.52169441771632,0.0
1447397710.7,2023-08-21,PORT04,V444_0,2,DTP,0,0,V55555_4,1689541,PLANT03,PORT09,250,2.187847567030783,2.0
1447392327.7,2023-11-02,PORT04,V44_3,0,CRF,0,0,V555555555555555_29,1699795,PLANT03,PORT09,5125,10.748509791218371,2.96
1447386472.7,2023-01-11,PORT04,V444_0,2,DTP,3,1,V555_15,1677878,PLANT03,PORT09,314,0.07436258627975753,2.0
1447384420.7,2023-04-05,PORT04,V444_0,2,DTP,0,0,V5555_33,1689547,PLANT03,PORT09,314,0.07198627187313827,2.0
1447373569.7,2023-05-22,PORT04,V444_0,2,DTP,0,0,V55555555555_28,1685760,PLANT03,PORT09,3819,1.2353792940932753,2.0
1447373529.7,2023-09-09,PORT04,V444_0,2,DTP,0,0,V555555555_27,1677878,PLANT03,PORT09,496,0.6692632765178178,2.0
1447360920.7,2023-02-07,PORT04,V444_0,2,DTP,0,0,V55555555_5,1663341,PLANT03,PORT09,348,4.054435483870968,2.0
1447360910.7,2023-10-26,PORT04,V444_1,1,DTD,0,0,V555555555555555555_45,1684755,PLANT03,PORT09,331,0.6393548387096774,1.0
1447347897.7,2023-02-06,PORT04,V444_0,2,DTP,0,0,V5555_33,1689547,PLANT03,PORT09,316,0.14397254374627655,2.0
1447328002.7,2023-06-14,PORT04,V444_0,2,DTP,0,0,V555555555_27,1679638,PLANT03,PORT09,2244,6.763324088075238,2.0
1447327980.7,2023-02-20,PORT04,V444_1,1,DTD,0,0,V5555555_22,1683203,PLANT03,PORT09,436,2.2327016519120195,1.0
1447323815.7,2023-03-20,PORT04,V444_0,2,DTP,3,0,V555555_6,1672661,PLANT03,PORT09,372,2.4034619987146133,2.0
1447308220.7,2023-04-23,PORT04,V444_0,2,DTP,3,0,V55555_4,1677692,PLANT03,PORT09,285,1.727836500659272,2.0
1447306621.7,2023-06-20,PORT04,V44_3,4,CRF,0,0,V555555555555555_29,1699561,PLANT03,PORT09,10309,8.716372159062498,2.88
1447295789.7,2023-07-01,PORT04,V444_0,2,DTP,0,0,V555555555555555_29,1682802,PLANT03,PORT09,313,1.5297234676472105,2.0
1447294076.7,2023-04-28,PORT04,V444_0,2,DTP,3,0,V55555_2,1615677,PLANT03,PORT09,5332,38.26,2.0
1447288797.7,2023-12-06,PORT04,V444_0,2,DTP,3,0,V55555555_5,1700143,PLANT03,PORT09,83567,78.23385252738868,2.0
1447284653.7,2023-05-22,PORT04,V444_1,1,DTD,5,0,V55555555555555_8,1689547,PLANT03,PORT09,752,34.99313593656914,1.0
1447281384.7,2023-03-02,PORT04,V444_0,2,DTP,3,0,V55555_2,1676566,PLANT03,PORT09,467,1.4693526811084052,2.0
1447251096.7,2023-01-24,PORT04,V444_1,1,DTD,0,0,V5555555_22,1651366,PLANT03,PORT09,698,14.97242408743611,1.0
1447247465.7,2023-09-06,PORT04,V444_0,2,DTP,0,0,V5555555555_1,1684005,PLANT13,PORT09,240,2.4,2.0
1447246603.7,2023-08-05,PORT04,V444_0,2,DTP,0,0,V5555_33,1689550,PLANT03,PORT09,311,0.6133473922183493,2.0
1447224368.7,2023-03-15,PORT04,V444_0,2,DTP,3,0,V55555_2,1651302,PLANT03,PORT09,534,1.991881319654587,2.0
1447209516.7,2023-07-30,PORT04,V444_0,2,DTP,3,0,V555555_6,1676564,PLANT03,PORT09,663,6.16,2.0
1447209202.7,2023-11-19,PORT04,V444_1,1,DTD,5,0,V55555555555555_8,1688587,PLANT03,PORT09,352,1.8241525788062605,1.0
1447200802.7,2023-06-23,PORT04,V444_1,1,DTD,0,0,V555555555555555555_45,1683424,PLANT03,PORT09,275,1.98,1.0
1447192284.7,2023-10-02,PORT04,V444_0,2,DTP,0,0,V555555555_27,1655723,PLANT03,PORT09,514,12.255302062541539,2.0
1447187871.7,2023-03-09,PORT04,V444_1,1,DTD,5,0,V55555555555555_8,1690616,PLANT03,PORT09,332,0.47135044828415773,1.0
1447179540.7,2023-12-20,PORT04,V444_0,2,DTP,3,0,V55555_4,1688633,PLANT03,PORT09,331,2.041254764041787,2.0
1447174700.7,2023-11-14,PORT04,V444_0,2,DTP,0,0,V555555_24,1660885,PLANT03,PORT09,1028,6.04,2.0
1447172391.7,2023-10-12,PORT04,V444_0,2,DTP,3,0,V55555_2,1651298,PLANT03,PORT09,2257,4.596727272727272,2.0
1447160054.7,2023-02-26,PORT04,V444_1,1,DTD,3,0,V5555_20,1699953,PLANT03,PORT09,5257,171.5610726494293,1.0
1447157930.7,2023-08-07,PORT04,V444_1,1,DTD,3,0,V5555_20,1693453,PLANT03,PORT09,5258,21.80920670304411,1.0
1447154371.7,2023-10-12,PORT04,V444_0,2,DTP,0,0,V555555_24,1652615,PLANT03,PORT09,334,1.685929648241206,2.0
1447421411.7,2023-08-17,PORT04,V444_1,1,DTD,0,0,V55555555555555_8,1690628,PLANT03,PORT09,322,1.731004426418025,1.0
1447418573.7,2023-10-16,PORT04,V444_0,2,DTP,0,0,V555555_24,1689546,PLANT03,PORT09,815,37.312720821507384,2.0
1447405961.7,2023-11-16,PORT04,V44_3,0,CRF,0,0,V555555555555555_29,1699419,PLANT03,PORT09,7494,23.232290774080003,0.88
1447386497.7,2023-11-14,PORT04,V444_0,2,DTP,3,1,V555_15,1655818,PLANT03,PORT09,2313,6.08,2.0
1447373400.7,2023-02-05,PORT04,V444_0,2,DTP,3,0,V55555_2,1658532,PLANT03,PORT09,436,2.68,2.0
1447365217.7,2023-12-20,PORT04,V444_0,2,DTP,3,0,V555555555_3,1685333,PLANT12,PORT09,319,2.1,2.0
1447360913.7,2023-01-24,PORT04,V444_1,1,DTD,0,0,V555555555555555555_45,1689546,PLANT03,PORT09,557,22.98763249290443,1.0
1447343145.7,2023-06-21,PORT04,V444_1,1,DTD,5,0,V55555555555555_8,1688587,PLANT03,PORT09,383,9.120762894031301,1.0
1447336036.7,2023-08-13,PORT04,V444_0,2,DTP,3,0,V55555_4,1667817,PLANT03,PORT09,613,5.8978600823045255,2.0
1447323712.7,2023-09-14,PORT04,V444_0,2,DTP,3,0,V555555_6,1677891,PLANT03,PORT09,5305,13.58,2.0
1447306817.7,2023-09-11,PORT04,V444_0,2,DTP,0,0,V555555555_27,1676853,PLANT03,PORT09,1252,2.535960429076637,2.0
1447287694.7,2023-01-04,PORT04,V444_0,2,DTP,3,1,V555_15,1689548,PLANT03,PORT09,242,0.5958383010481734,2.0
1447283837.7,2023-12-18,PORT04,V444_0,2,DTP,3,0,V55555_2,1682757,PLANT03,PORT09,343,3.006884106672837,2.0
1447275661.7,2023-05-23,PORT04,V444_0,2,DTP,3,0,V55555_2,1676563,PLANT03,PORT09,289,0.7823411371237459,2.0
1447263376.7,2023-04-26,PORT04,V444_1,1,DTD,5,0,V55555555555555_8,1689550,PLANT03,PORT09,341,1.0222456536972488,1.0
1447258795.7,2023-04-12,PORT04,V444_0,2,DTP,3,0,V55555_2,1660885,PLANT03,PORT09,1331,9.36,2.0
1447250741.7,2023-12-29,PORT04,V444_1,1,DTD,5,0,V55555555555555_8,1689547,PLANT03,PORT09,733,29.79450874925531,1.0
1447237012.7,2023-05-30,PORT04,V444_1,1,DTD,1,0,V555555555555555555_17,1696073,PLANT03,PORT09,604,1.946388057995529,1.0
1447236399.7,2023-12-07,PORT04,V444_0,2,DTP,0,0,V5555_33,1689549,PLANT03,PORT09,313,0.09584354390522834,2.0
1447225594.7,2023-10-08,PORT04,V444_0,2,DTP,0,0,V555555555_27,1662552,PLANT03,PORT09,1229,2.96,2.0
1447211488.7,2023-05-09,PORT04,V444_0,2,DTP,0,0,V5555_33,1688629,PLANT03,PORT09,324,0.8968265533914048,2.0
1447204425.7,2023-07-07,PORT04,V444_0,2,DTP,3,1,V555_15,1689145,PLANT03,PORT09,449,0.4471149201617467,2.0
1447188642.7,2023-09-15,PORT04,V444_0,2,DTP,3,0,V555555555_3,1688587,PLANT03,PORT09,432,10.488877328135997,2.0
1447183479.7,2023-03-02,PORT04,V444_0,2,DTP,3,0,V55555_4,1673710,PLANT03,PORT09,592,22.619068398082653,2.0
1447178728.7,2023-12-09,PORT09,V44_3,1,CRF,3,0,V55555_53,1696798,PLANT16,PORT09,2665,417.92,1.0
1447165390.7,2023-09-28,PORT04,V444_0,2,DTP,3,0,V55555_2,1674853,PLANT03,PORT09,246,0.08729970326409492,2.0
1447165317.7,2023-10-31,PORT04,V444_0,2,DTP,0,0,V55555_26,1664067,PLANT03,PORT09,6840,50.24653209143276,2.0
1447155732.7,2023-06-16,PORT04,V444_1,1,DTD,0,0,V5555555_22,1692949,PLANT03,PORT09,987,3.243892343213792,1.0
1447146569.7,2023-03-06,PORT04,V444_0,2,DTP,5,0,V55555555_7,1660578,PLANT03,PORT09,285,1.0633485414074382,2.0
1447418034.7,2023-06-25,PORT04,V444_0,2,DTP,3,0,V55555_2,1674853,PLANT03,PORT09,333,4.364985163204746,2.0
1447405866.7,2023-12-17,PORT04,V444_1,1,DTD,0,0,V5555555_22,1682784,PLANT03,PORT09,440,13.767383637125844,1.0
1447405793.7,2023-08-02,PORT04,V444_1,1,DTD,0,0,V5555555_22,1693865,PLANT03,PORT09,1193,9.916703546049376,1.0
1447326126.7,2023-07-23,PORT04,V444_0,2,DTP,3,0,V55555_4,1649002,PLANT03,PORT09,474,2.143159877560631,2.0
1447325824.7,2023-09-19,PORT04,V444_1,1,DTD,5,0,V55555555555555_8,1689547,PLANT03,PORT09,693,28.79450874925531,1.0
1447325525.7,2023-09-10,PORT04,V444_0,2,DTP,3,0,V555555555_3,1688587,PLANT03,PORT09,494,19.241525788062603,2.0
1447321323.7,2023-02-07,PORT04,V444_0,2,DTP,0,3,V555555555_27,1676942,PLANT03,PORT09,4253,6.622817869415807,2.0
1447283650.7,2023-05-05,PORT04,V444_0,2,DTP,0,0,V55555_26,1651299,PLANT03,PORT09,2252,6.084584385387943,2.0
1447258706.7,2023-02-21,PORT04,V444_0,2,DTP,0,0,V55_13,1658532,PLANT03,PORT09,354,1.7409550440955048,2.0
1447240402.7,2023-01-23,PORT04,V444_0,2,DTP,3,0,V55555555_5,1700137,PLANT03,PORT09,2888,3.0261892984079437,2.07
1447230873.7,2023-02-10,PORT04,V444_1,1,DTD,0,0,V5555555_22,1683636,PLANT03,PORT09,271,0.13829984406884643,1.0
1447226276.7,2023-06-14,PORT04,V444_1,1,DTD,0,0,V5555555_22,1680915,PLANT03,PORT09,430,4.24931538691587,1.0
1447224396.7,2023-10-14,PORT04,V444_0,2,DTP,0,0,V55555555555_28,1685760,PLANT03,PORT09,14249,4.941517176373101,2.0
1447219351.7,2023-02-13,PORT09,V44_3,1,CRF,3,0,V55555_53,1700035,PLANT16,PORT09,735,7.7,1.0
1447211852.7,2023-10-27,PORT04,V444_1,1,DTD,5,0,V55555555555555_8,1689547,PLANT03,PORT09,601,23.595881561941482,1.0
1447206033.7,2023-11-27,PORT04,V444_0,2,DTP,0,0,V5555_33,1674635,PLANT12,PORT09,300,3.860521708203332,2.0
1447189277.7,2023-12-04,PORT04,V444_0,2,DTP,3,0,V55555_4,1683704,PLANT03,PORT09,3784,15.819999999999999,2.0
1447185211.7,2023-09-21,PORT04,V444_0,2,DTP,3,0,V55555_4,1662317,PLANT03,PORT09,316,0.7366906474820145,2.0
1447184606.7,2023-07-18,PORT04,V44_3,0,CRF,3,0,V55555555_32,1699539,PLANT03,PORT09,12919,42.680409158850395,0.0
1447179946.7,2023-01-18,PORT04,V444_1,1,DTD,0,0,V555555555555555555_45,1689547,PLANT03,PORT09,1118,55.58901749851062,1.0
1447158136.7,2023-07-05,PORT04,V444_0,2,DTP,3,0,V55555_2,1689548,PLANT03,PORT09,1753,110.7196814465325,2.0
1447158114.7,2023-12-21,PORT04,V444_0,2,DTP,3,0,V55555_2,1668545,PLANT03,PORT09,436,1.9018446033048169,2.0
1447145988.7,2023-07-29,PORT04,V444_1,1,DTD,0,0,V5555555_22,1692950,PLANT03,PORT09,1633,8.760727856827405,1.0
1447394308.7,2023-04-23,PORT04,V444_0,2,DTP,0,0,V5555_33,1688633,PLANT03,PORT09,322,1.2061959969337832,2.0
1447385926.7,2023-08-09,PORT04,V44_3,0,CRF,3,0,V55555555_32,1699586,PLANT03,PORT09,5305,9.848652269424521,0.0
1447385492.7,2023-03-10,PORT04,V444_0,2,DTP,0,0,V5555_33,1688633,PLANT03,PORT09,320,4.175293835540019,2.0
1447350175.7,2023-12-01,PORT04,V44_3,4,CRF,0,0,V555555555555555_29,1699345,PLANT03,PORT09,1327,2.9850138075652843,4.0
1447345766.7,2023-12-23,PORT04,V444_0,2,DTP,0,0,V555555555_27,1672706,PLANT03,PORT09,329,2.354675876726886,2.0
1447338995.7,2023-02-21,PORT04,V444_0,2,DTP,0,0,V555555_24,1660885,PLANT03,PORT09,783,4.412651871324336,2.0
1447313995.7,2023-11-08,PORT04,V444_0,2,DTP,3,0,V55555555_0,1677889,PLANT03,PORT09,415,0.9368491697303165,2.0
1447313941.7,2023-08-22,PORT04,V444_0,2,DTP,0,0,V555555555_27,1655818,PLANT03,PORT09,420,0.3219311267693979,2.0
1447311944.7,2023-09-04,PORT04,V444_0,2,DTP,0,0,V555555555_27,1699769,PLANT03,PORT09,457,0.7333778419894421,2.0
1447308638.7,2023-12-17,PORT09,V44_3,1,CRF,3,0,V55555_53,1696799,PLANT16,PORT09,1498,245.08,1.0
1447308589.7,2023-05-15,PORT09,V44_3,1,CRF,3,0,V55555_53,1697884,PLANT16,PORT09,1404,227.2,1.0
1447300204.7,2023-10-15,PORT04,V444_0,2,DTP,5,0,V55555555_7,1687346,PLANT03,PORT09,1270,18.26,2.0
1447296068.7,2023-04-23,PORT04,V444_0,2,DTP,0,0,V5555555555_1,1684497,PLANT13,PORT09,257,0.6,2.0
1447283696.7,2023-06-10,PORT04,V444_0,2,DTP,0,0,V55555_26,1666466,PLANT03,PORT09,315,2.2,2.0
1447274830.7,2023-05-17,PORT04,V444_0,2,DTP,0,0,V5555_33,1689547,PLANT03,PORT09,286,2.08760188432101,2.0
1447251338.7,2023-09-05,PORT04,V444_1,1,DTD,5,0,V55555555555555_8,1689550,PLANT03,PORT09,536,26.578386996128472,1.0
1447245703.7,2023-07-04,PORT04,V444_0,2,DTP,0,0,V555555555_27,1693700,PLANT03,PORT09,401,0.26853498446415563,2.0
1447241607.7,2023-12-06,PORT04,V444_0,2,DTP,3,0,V55555_4,1650571,PLANT03,PORT09,268,0.06844182612689795,2.0
1447231440.7,2023-11-29,PORT04,V444_0,2,DTP,0,0,V55_13,1672714,PLANT03,PORT09,332,0.6493298573608857,2.0
1447223366.7,2023-12-03,PORT04,V444_0,2,DTP,3,0,V555555555_3,1688629,PLANT03,PORT09,511,18.936531067828096,2.0
1447220703.7,2023-02-17,PORT04,V444_0,2,DTP,3,0,V55555_4,1683199,PLANT03,PORT09,268,0.19133742358015957,2.0
1447219010.7,2023-11-28,PORT04,V444_0,2,DTP,3,0,V555555_6,1662238,PLANT03,PORT09,372,8.58,2.0
1447188060.7,2023-10-03,PORT04,V444_1,1,DTD,5,0,V55555555555555_8,1689551,PLANT03,PORT09,306,4.77669196775153,1.0
1447184529.7,2023-09-04,PORT04,V444_0,2,DTP,0,0,V555555555_27,1655723,PLANT03,PORT09,719,22.36754692481696,2.0
1447183476.7,2023-02-18,PORT04,V444_0,2,DTP,0,0,V55555_4,1699946,PLANT03,PORT09,260,0.11979046077595998,2.0
1447181112.7,2023-05-10,PORT04,V444_0,2,DTP,0,0,V5555_36,1693740,PLANT03,PORT09,5330,10.177931790046296,2.0
1447173729.7,2023-04-17,PORT04,V444_0,2,DTP,3,0,V55555_2,1687661,PLANT03,PORT09,413,4.364800000000001,2.0
1447167727.7,2023-01-19,PORT04,V444_0,2,DTP,0,0,V55555555_5,1654766,PLANT03,PORT09,650,6.396880733944955,2.0
1447156709.7,2023-01-25,PORT04,V444_0,2,DTP,0,0,V5555555_30,1655818,PLANT03,PORT09,20282,48.42,2.0
1447145179.7,2023-02-26,PORT04,V444_1,1,DTD,0,0,V5555555_22,1656353,PLANT03,PORT09,1146,35.321751230385416,1.0
1447411533.7,2023-05-20,PORT04,V444_0,2,DTP,5,0,V55555555_7,1689546,PLANT03,PORT09,319,1.0727561830022068,2.0
1447400468.7,2023-08-16,PORT04,V444_0,2,DTP,3,0,V55555_4,1677878,PLANT03,PORT09,1637,5.019474573883634,2.0
1447392375.7,2023-04-16,PORT04,V444_0,2,DTP,3,0,V555555_6,1677884,PLANT03,PORT09,391,0.8842494352796222,2.0
1447389307.7,2023-07-22,PORT04,V444_0,2,DTP,3,0,V55555555_0,1693117,PLANT03,PORT09,320,1.0064516129032257,2.0
1447377330.7,2023-04-23,PORT04,V44_3,0,CRF,0,0,V555555555555555_29,1699567,PLANT03,PORT09,22787,19.490788410392074,1.44
1447373463.7,2023-06-30,PORT04,V44_3,2,CRF,3,0,V55555_2,1696746,PLANT03,PORT09,339,0.48613748895254266,2.0
1447373401.7,2023-11-26,PORT04,V444_0,2,DTP,3,0,V55555_2,1664051,PLANT03,PORT09,15321,172.40023449157962,2.0
1447372962.7,2023-04-17,PORT04,V44_3,0,CRF,0,0,V5555555_30,1699173,PLANT03,PORT09,1446,14.94,0.0
1447351885.7,2023-06-15,PORT04,V444_0,2,DTP,0,0,V5555_33,1688629,PLANT03,PORT09,315,0.17936531067828096,2.0
1447323833.7,2023-02-20,PORT04,V444_0,2,DTP,0,0,V55555_26,1687346,PLANT03,PORT09,328,0.417427544207205,2.0
1447321831.7,2023-02-21,PORT04,V444_0,2,DTP,3,0,V555555_6,1685214,PLANT03,PORT09,837,8.22,2.0
1447310032.7,2023-02-13,PORT04,V444_1,1,DTD,1,0,V555555555555555555_17,1676853,PLANT03,PORT09,1331,2.6416254469548304,1.0
1447298346.7,2023-01-08,PORT04,V444_0,2,DTP,3,1,V555_15,1655818,PLANT03,PORT09,2264,6.04,2.0
1447283686.7,2023-10-03,PORT04,V444_0,2,DTP,0,0,V55555_26,1623991,PLANT03,PORT09,414,0.8447011775161076,2.0
1447281689.7,2023-02-10,PORT04,V444_1,1,DTD,3,0,V5555555_19,1697084,PLANT03,PORT09,2496,8.430504429010295,1.0
1447279013.7,2023-06-04,PORT04,V444_0,2,DTP,0,0,V5555_33,1689546,PLANT03,PORT09,306,0.07662544164301477,2.0
1447255429.7,2023-07-10,PORT04,V44_3,0,CRF,3,0,V55555555_32,1699697,PLANT03,PORT09,2799,1.653936871924925,0.0
1447216455.7,2023-09-21,PORT04,V444_0,2,DTP,0,0,V555555555_14,1672344,PLANT08,PORT09,5645,40.63893872616503,2.0
1447200254.7,2023-02-13,PORT04,V444_0,2,DTP,0,0,V555555555_27,1672722,PLANT03,PORT09,585,17.66,2.0
1447195178.7,2023-07-22,PORT04,V444_1,1,DTD,5,0,V55555555555555_8,1689549,PLANT03,PORT09,266,1.9168708781045667,1.0
1447191437.7,2023-02-26,PORT04,V444_0,2,DTP,3,0,V55555_4,1655373,PLANT03,PORT09,368,2.6217585493614557,2.0
1447188085.7,2023-11-12,PORT04,V444_0,2,DTP,5,0,V55555555_7,1668547,PLANT03,PORT09,319,0.3186572347830666,2.0
1447184700.7,2023-10-27,PORT04,V444_0,2,DTP,3,0,V55555_2,1662552,PLANT03,PORT09,573,1.192558192758447,2.0
1447184598.7,2023-03-23,PORT04,V44_3,0,CRF,3,0,V55555555_32,1699548,PLANT03,PORT09,36239,52.47045275072319,0.0
1447184068.7,2023-05-13,PORT04,V444_0,2,DTP,0,0,V5555_33,1689550,PLANT03,PORT09,241,0.40889826147889957,2.0
1447150574.7,2023-07-28,PORT04,V444_0,2,DTP,3,0,V55555_4,1656246,PLANT03,PORT09,2308,8.192611464968154,2.0
1447405924.7,2023-10-24,PORT04,V44_3,0,CRF,0,0,V555555555555555_29,1699575,PLANT03,PORT09,41852,107.52363636363637,0.44
1447405853.7,2023-09-28,PORT04,V444_1,1,DTD,0,0,V5555555_22,1683634,PLANT03,PORT09,717,9.161998551900053,1.0
1447405799.7,2023-10-11,PORT04,V444_1,1,DTD,0,0,V5555555_22,1692984,PLANT03,PORT09,402,2.1346004812541315,1.0
1447400305.7,2023-02-27,PORT04,V444_0,2,DTP,0,0,V55555555555_28,1676592,PLANT03,PORT09,49257,27.72,2.0
1447382544.7,2023-09-15,PORT04,V444_0,2,DTP,0,0,V55555555_5,1688575,PLANT03,PORT09,1280,98.43409286184647,2.0
1447373454.7,2023-06-06,PORT04,V444_0,2,DTP,3,0,V55555_2,1654621,PLANT03,PORT09,556,4.321554770318022,2.0
1447367375.7,2023-01-08,PORT04,V444_0,2,DTP,0,0,V555555_24,1666507,PLANT03,PORT09,1273,9.72,2.0
1447362805.7,2023-07-23,PORT04,V444_0,2,DTP,3,0,V555555_6,1695345,PLANT03,PORT09,1242,3.7719154386789415,2.0
1447320566.7,2023-03-13,PORT04,V444_1,1,DTD,0,0,V5555555_22,1672676,PLANT03,PORT09,393,2.8539587715607917,1.0
1447299553.7,2023-08-18,PORT04,V444_1,1,DTD,3,0,V5555555_19,1678493,PLANT03,PORT09,2079,17.48221756273749,1.0
1447289699.7,2023-12-17,PORT04,V444_0,2,DTP,3,0,V55555_2,1684170,PLANT03,PORT09,313,1.159231626130099,2.0
1447264805.7,2023-11-20,PORT04,V444_1,1,DTD,3,0,V5555555_19,1689146,PLANT03,PORT09,4285,6.036123711340201,1.0
1447229002.7,2023-04-21,PORT04,V44_3,2,CRF,3,0,V55555_2,1674853,PLANT03,PORT09,315,4.103086053412461,2.0
1447209468.7,2023-03-05,PORT04,V444_0,2,DTP,3,0,V555555_6,1654623,PLANT03,PORT09,374,2.1212195121951214,2.0
1447207727.7,2023-12-22,PORT04,V444_0,2,DTP,0,0,V55_13,1694720,PLANT03,PORT09,372,0.6032812521754152,2.0
1447196657.7,2023-09-16,PORT04,V444_0,2,DTP,3,1,V555_15,1651298,PLANT03,PORT09,2263,4.596727272727272,2.0
1447189591.7,2023-01-29,PORT04,V444_1,1,DTD,5,0,V55555555555555_8,1690621,PLANT03,PORT09,346,1.1446161911793797,1.0
1447178502.7,2023-09-20,PORT04,V444_0,2,DTP,3,0,V55555555_5,1700137,PLANT03,PORT09,86078,102.86424684746214,2.01
1447158178.7,2023-12-26,PORT04,V444_0,2,DTP,0,0,V555555555_27,1656246,PLANT03,PORT09,1329,4.096305732484077,2.0
1447401838.7,2023-02-21,PORT04,V444_0,2,DTP,3,0,V555555_6,1667817,PLANT03,PORT09,2061,31.489300411522628,2.0
1447400279.7,2023-05-02,PORT04,V444_0,2,DTP,3,0,V55555555_5,1700143,PLANT03,PORT09,29671,24.906065597901883,2.0
1447391144.7,2023-06-20,PORT04,V444_0,2,DTP,0,0,V555555555_27,1687346,PLANT03,PORT09,319,1.1479257465698138,2.0
1447385938.7,2023-02-08,PORT04,V444_0,2,DTP,3,0,V55555_2,1664061,PLANT03,PORT09,10265,134.0,2.0
1447385815.7,2023-12-04,PORT04,V444_0,2,DTP,3,0,V55555_2,1620552,PLANT03,PORT09,490,2.861538461538461,2.0
1447373427.7,2023-06-16,PORT04,V444_0,2,DTP,3,0,V55555_2,1664061,PLANT03,PORT09,429,1.5044332523646682,2.0
1447365992.7,2023-02-21,PORT09,V44_3,1,CRF,3,0,V55555_53,1702653,PLANT16,PORT09,814,74.25,1.0
1447365209.7,2023-12-29,PORT04,V444_0,2,DTP,0,0,V55555555555_28,1667927,PLANT03,PORT09,49289,25.51158926649526,2.0
1447365208.7,2023-03-14,PORT04,V444_1,2,DTD,5,0,V55555555555555_8,1666961,PLANT12,PORT09,372,35.4,2.0
1447326105.7,2023-12-01,PORT04,V444_0,2,DTP,0,0,V5555_33,1688587,PLANT03,PORT09,332,6.384534025821911,2.0
1447313942.7,2023-12-10,PORT04,V444_0,2,DTP,3,0,V5555555_22,1683199,PLANT03,PORT09,381,2.104711659381755,2.0
1447312524.7,2023-01-11,PORT04,V444_0,2,DTP,3,0,V55555555_5,1700139,PLANT03,PORT09,5443,6.582875757389397,2.07
1447300167.7,2023-04-18,PORT04,V444_0,2,DTP,5,0,V55555555_7,1699561,PLANT03,PORT09,10264,8.716372159062498,2.0
1447280068.7,2023-10-01,PORT04,V444_0,2,DTP,0,0,V5555_33,1689549,PLANT03,PORT09,305,0.5750612634313701,2.0
1447265660.7,2023-07-01,PORT04,V444_0,2,DTP,3,0,V55555_2,1654497,PLANT03,PORT09,561,6.8,2.0
1447265578.7,2023-12-05,PORT04,V444_0,2,DTP,3,0,V55555_2,1664061,PLANT03,PORT09,15279,181.12,2.0
1447254626.7,2023-12-27,PORT04,V444_1,1,DTD,5,0,V55555555555555_8,1690627,PLANT03,PORT09,354,1.536735419667123,1.0
1447229595.7,2023-10-31,PORT04,V444_0,2,DTP,0,0,V55555555_5,1689147,PLANT03,PORT09,365,0.3765764707609638,2.0
1447227101.7,2023-11-26,PORT04,V444_0,2,DTP,0,0,V55555_26,1650904,PLANT03,PORT09,664,6.292058823529412,2.0
1447206220.7,2023-04-27,PORT04,V444_0,2,DTP,3,0,V555555_6,1683704,PLANT03,PORT09,453,0.9944984717977214,2.0
1447200583.7,2023-08-27,PORT04,V444_0,2,DTP,5,0,V55555555_7,1672088,PLANT03,PORT09,342,4.72,2.0
1447199665.7,2023-11-30,PORT04,V444_0,2,DTP,5,0,V55555555_7,1692940,PLANT03,PORT09,786,17.16,2.0
1447189168.7,2023-02-05,PORT04,V444_0,2,DTP,3,0,V55555_2,1689033,PLANT03,PORT09,2083,34.02,2.0
1447187874.7,2023-06-17,PORT04,V444_0,2,DTP,0,0,V55555555_5,1699952,PLANT03,PORT09,5294,168.400295080104,2.0
1447172060.7,2023-01-16,PORT04,V44_3,4,CRF,0,0,V555555555555_31,1684560,PLANT03,PORT09,9286,4.011579206568387,4.0
1447165523.7,2023-12-29,PORT04,V444_0,2,DTP,0,0,V55_13,1682784,PLANT03,PORT09,465,17.350003336073534,2.0
1447165430.7,2023-05-06,PORT04,V444_0,2,DTP,0,0,V55555_26,1660897,PLANT03,PORT09,762,3.970995554303845,2.0
1447152185.7,2023-03-25,PORT04,V444_1,1,DTD,3,0,V5555_20,1696654,PLANT03,PORT09,1273,31.70229508749958,1.0
1447144366.7,2023-10-15,PORT04,V444_0,2,DTP,0,0,V5555555_30,1674120,PLANT03,PORT09,802,39.96,2.0
1447421013.7,2023-08-29,PORT04,V444_0,2,DTP,3,0,V5555555_22,1683200,PLANT03,PORT09,1183,15.7,2.0
1447418490.7,2023-04-09,PORT04,V444_0,2,DTP,5,0,V55555555_7,1668547,PLANT03,PORT09,410,0.6373144695661332,2.0
1447406924.7,2023-06-27,PORT04,V444_0,2,DTP,3,0,V555555_6,1696758,PLANT03,PORT09,344,0.9595594505644345,2.0
1447402176.7,2023-11-01,PORT04,V444_1,1,DTD,5,0,V55555555555555_8,1700382,PLANT03,PORT09,345,15.1,1.0
1447395143.7,2023-06-11,PORT04,V444_1,1,DTD,5,0,V55555555555555_8,1689541,PLANT03,PORT09,381,14.585650446871886,1.0
1447364452.7,2023-04-19,PORT04,V444_0,2,DTP,0,0,V5555_33,1688629,PLANT03,PORT09,301,1.2555571747479668,2.0
1447360899.7,2023-03-01,PORT04,V444_1,1,DTD,0,0,V555555555555555555_45,1701406,PLANT03,PORT09,321,0.2567526885577734,1.0
1447340135.7,2023-11-03,PORT04,V44_3,4,CRF,0,0,V555555555555555_29,1699419,PLANT03,PORT09,9853,29.30972103210667,3.48
1447332113.7,2023-09-01,PORT04,V444_0,2,DTP,0,0,V5555555555_1,1681379,PLANT13,PORT09,414,77.0,2.0
1447326518.7,2023-06-25,PORT04,V444_0,2,DTP,0,0,V55555555_5,1660897,PLANT03,PORT09,1264,7.94199110860769,2.0
1447320530.7,2023-09-26,PORT04,V444_1,1,DTD,0,0,V5555555_22,1672661,PLANT03,PORT09,927,11.56070140197811,1.0
1447313778.7,2023-11-11,PORT04,V444_0,2,DTP,0,0,V555555555_14,1691700,PLANT08,PORT09,4140,24.85986929883893,2.0
1447292365.7,2023-06-13,PORT04,V444_1,1,DTD,5,0,V55555555555555_8,1688285,PLANT03,PORT09,294,0.3908732232751737,1.0
1447283833.7,2023-10-06,PORT04,V444_0,2,DTP,3,0,V555555_6,1695345,PLANT03,PORT09,1256,3.8096345930657307,2.0
1447269559.7,2023-06-16,PORT04,V444_1,1,DTD,3,0,V5555555_19,1697080,PLANT03,PORT09,2113,11.856030382903196,1.0
1447266593.7,2023-01-21,PORT04,V444_1,2,DTD,5,0,V55555555555555_8,1650715,PLANT12,PORT09,380,22.753181818181822,2.0
1447238172.7,2023-09-16,PORT04,V444_0,2,DTP,3,0,V55555_2,1687346,PLANT03,PORT09,685,7.51369579572969,2.0
1447236173.7,2023-06-26,PORT04,V444_0,2,DTP,0,0,V555555555555555_29,1688571,PLANT03,PORT09,303,4.40449246755705,2.0
1447221835.7,2023-08-02,PORT04,V444_0,2,DTP,0,0,V5555_33,1688571,PLANT03,PORT09,263,0.440449246755705,2.0
1447217764.7,2023-04-23,PORT09,V444_0,0,DTP,3,0,V555555_6,1692737,PLANT16,PORT09,409,37.98738072081522,0.0
1447214749.7,2023-10-21,PORT04,V444_1,1,DTD,5,0,V55555555555555_8,1689547,PLANT03,PORT09,418,7.198627187313828,1.0
1447184429.7,2023-04-14,PORT04,V444_0,2,DTP,3,0,V555555_6,1672722,PLANT03,PORT09,2291,148.48,2.0
1447174248.7,2023-06-13,PORT04,V444_0,2,DTP,0,0,V55555555555_28,1676592,PLANT03,PORT09,94817,45.0,2.0
1447169126.7,2023-01-20,PORT04,V444_1,1,DTD,5,0,V55555555555555_8,1688587,PLANT03,PORT09,339,3.648305157612521,1.0
1447146532.7,2023-08-10,PORT04,V444_0,2,DTP,3,0,V55555_4,1652080,PLANT03,PORT09,411,1.74,2.0
1447399893.7,2023-02-10,PORT04,V44_3,4,CRF,0,0,V555555555555555_29,1699417,PLANT03,PORT09,10333,21.58849844200639,3.4
1447384421.7,2023-07-14,PORT04,V444_0,2,DTP,0,0,V5555_33,1689548,PLANT03,PORT09,295,1.117196814465325,2.0
1447362406.7,2023-05-07,PORT04,V444_0,2,DTP,0,0,V555555555_27,1676853,PLANT03,PORT09,320,0.2271797884381154,2.0
1447348791.7,2023-02-09,PORT04,V444_0,2,DTP,0,0,V55555555_5,1689547,PLANT03,PORT09,854,47.191763123882964,2.0
1447323644.7,2023-12-07,PORT04,V444_0,2,DTP,5,0,V55555555_7,1682784,PLANT03,PORT09,310,3.495238730680673,2.0
1447299340.7,2023-11-08,PORT04,V444_0,2,DTP,3,0,V555555_6,1670498,PLANT13,PORT09,476,173.3,2.0
1447289408.7,2023-04-30,PORT04,V444_0,2,DTP,3,0,V55555555_0,1677889,PLANT03,PORT09,768,2.5618776678427793,2.0
1447284686.7,2023-01-02,PORT04,V444_0,2,DTP,3,0,V555555555_3,1646393,PLANT13,PORT09,840,108.94117647058823,2.0
1447281261.7,2023-10-23,PORT04,V444_0,2,DTP,5,0,V55555555_7,1669409,PLANT03,PORT09,1483,11.528508620040656,2.0
1447275548.7,2023-05-07,PORT04,V444_0,2,DTP,3,0,V55555555_5,1700137,PLANT03,PORT09,31435,39.31427158089532,2.01
1447266828.7,2023-03-28,PORT04,V444_0,2,DTP,0,0,V55555_26,1664067,PLANT03,PORT09,35120,253.48171466391818,2.0
1447211342.7,2023-03-09,PORT04,V444_0,2,DTP,3,0,V55555_2,1652630,PLANT03,PORT09,338,2.88,2.0
1447204570.7,2023-01-01,PORT04,V444_0,2,DTP,3,0,V55555_2,1663347,PLANT03,PORT09,357,3.179748688329438,2.0
1447202438.7,2023-06-12,PORT09,V44_3,1,CRF,3,0,V55555_53,1696799,PLANT16,PORT09,2109,331.12,1.0
1447200634.7,2023-02-25,PORT04,V444_0,2,DTP,5,0,V55555555_7,1682754,PLANT03,PORT09,298,0.5076809815950921,2.0
1447199222.7,2023-12-15,PORT04,V444_0,2,DTP,0,0,V555555555_27,1695345,PLANT03,PORT09,282,0.015087661754715766,2.0
1447184192.7,2023-08-27,PORT04,V444_0,2,DTP,3,0,V555555_6,1668421,PLANT03,PORT09,4794,30.84992700151612,2.0
1447159322.7,2023-07-20,PORT04,V444_0,2,DTP,3,0,V555555555_3,1672720,PLANT03,PORT09,350,4.546894803548795,2.0
1447153522.7,2023-04-07,PORT09,V444_0,0,DTP,3,0,V555555_6,1692722,PLANT16,PORT09,501,58.77422302349772,0.0
1447145257.7,2023-11-06,PORT04,V444_1,1,DTD,0,0,V5555555_22,1680915,PLANT03,PORT09,567,4.9,1.0
1447411488.7,2023-06-22,PORT04,V444_0,2,DTP,5,0,V55555555_7,1682745,PLANT03,PORT09,295,5.415541228234961,2.0
1447407689.7,2023-08-15,PORT04,V444_0,2,DTP,0,0,V555555555_14,1681890,PLANT08,PORT09,1841,6.388834224639998,2.0
1447407048.7,2023-06-10,PORT04,V444_0,2,DTP,0,0,V5555_33,1688290,PLANT03,PORT09,240,0.5970224068932273,2.0
1447403134.7,2023-09-08,PORT04,V44_3,2,CRF,3,0,V55555_2,1672706,PLANT03,PORT09,317,0.6593092454835281,2.0
1447396754.7,2023-10-06,PORT04,V444_1,1,DTD,0,0,V55555555555555_8,1650904,PLANT03,PORT09,654,6.292058823529412,1.0
1447387440.7,2023-05-10,PORT04,V444_1,1,DTD,0,0,V555555555555555555_45,1689548,PLANT03,PORT09,6145,413.7702831630702,1.0
1447386389.7,2023-09-11,PORT04,V444_1,2,DTD,5,0,V55555555555555_8,1650715,PLANT12,PORT09,349,11.8,2.0
1447371189.7,2023-03-17,PORT04,V444_0,2,DTP,0,0,V555555555_14,1691700,PLANT08,PORT09,4157,22.85986929883893,2.0
1447353235.7,2023-03-13,PORT04,V444_1,1,DTD,5,0,V55555555555555_8,1688571,PLANT03,PORT09,380,8.8089849351141,1.0
1447320589.7,2023-10-16,PORT04,V44_3,0,CRF,3,0,V55555555_32,1699697,PLANT03,PORT09,10330,6.6157474876997,0.0
1447288338.7,2023-04-28,PORT04,V444_0,2,DTP,6,6,V555555555_14,1676565,PLANT03,PORT09,721,7.039999999999999,2.0
1447288322.7,2023-08-23,PORT04,V444_0,2,DTP,0,0,V5555_33,1682709,PLANT03,PORT09,355,4.8386289290902225,2.0
1447286441.7,2023-05-20,PORT04,V444_0,2,DTP,0,0,V55555555555_28,1687774,PLANT03,PORT09,12771,6.923388156289838,2.0
1447283765.7,2023-09-02,PORT04,V444_0,2,DTP,0,0,V55555_26,1666466,PLANT03,PORT09,279,0.027877461706783367,2.0
1447283668.7,2023-05-05,PORT04,V444_0,2,DTP,0,0,V55555_26,1660897,PLANT03,PORT09,937,5.5200000000000005,2.0
1447273192.7,2023-10-28,PORT04,V444_0,2,DTP,3,0,V555555_6,1651302,PLANT03,PORT09,1288,4.12,2.0
1447247291.7,2023-06-28,PORT04,V444_1,1,DTD,5,0,V55555555555555_8,1688575,PLANT03,PORT09,686,33.173637144738585,1.0
1447237027.7,2023-04-22,PORT04,V444_1,1,DTD,5,0,V55555555555555_8,1688587,PLANT03,PORT09,321,3.648305157612521,1.0
1447236960.7,2023-05-12,PORT04,V444_0,2,DTP,5,0,V55555555_7,1646909,PLANT03,PORT09,255,0.1319590058082608,2.0
1447207647.7,2023-07-08,PORT04,V444_0,2,DTP,0,0,V55_13,1668545,PLANT03,PORT09,488,2.5569244111098093,2.0
1447200253.7,2023-05-03,PORT04,V444_0,2,DTP,0,0,V555555555555555_29,1699952,PLANT03,PORT09,5266,196.400295080104,2.0
1447191862.7,2023-09-05,PORT04,V444_0,2,DTP,0,0,V55555555555_28,1666443,PLANT03,PORT09,12262,9.453971035377245,2.0
1447190630.7,2023-02-17,PORT04,V444_0,2,DTP,0,0,V5555_25,1697085,PLANT03,PORT09,408,0.4486591580678415,2.0
1447183503.7,2023-09-08,PORT04,V444_0,2,DTP,5,0,V55555555_7,1680562,PLANT03,PORT09,334,0.5816375267925509,2.0
1447163763.7,2023-07-30,PORT04,V444_1,1,DTD,5,0,V55555555555555_8,1688610,PLANT03,PORT09,387,14.865582292260713,1.0
1447147916.7,2023-01-21,PORT04,V444_0,2,DTP,0,0,V5555_33,1689543,PLANT03,PORT09,281,0.7351720697064834,2.0
1447147912.7,2023-12-01,PORT04,V444_0,2,DTP,0,0,V5555_33,1688290,PLANT03,PORT09,292,0.39801493792881815,2.0
1447147910.7,2023-04-11,PORT04,V444_0,2,DTP,0,0,V5555_33,1688288,PLANT03,PORT09,313,0.4264086320670071,2.0
1447145311.7,2023-01-16,PORT04,V444_1,1,DTD,0,0,V5555555_22,1682826,PLANT03,PORT09,480,15.605168088149677,1.0
1447145126.7,2023-02-25,PORT04,V444_1,1,DTD,0,0,V5555555_22,1682784,PLANT03,PORT09,269,1.5728574288063029,1.0
1447398352.7,2023-07-22,PORT04,V444_1,1,DTD,0,0,V55555555555555_8,1689548,PLANT03,PORT09,832,40.23989381551083,1.0
1447397003.7,2023-11-25,PORT04,V444_0,2,DTP,0,0,V55_13,1696754,PLANT03,PORT09,377,4.856749918324496,2.0
1447336146.7,2023-11-28,PORT04,V444_0,2,DTP,0,0,V5555555_30,1658528,PLANT03,PORT09,329,1.1608793213536437,2.0
1447325520.7,2023-03-28,PORT04,V444_0,2,DTP,3,0,V555555555_3,1689549,PLANT03,PORT09,344,4.792177195261417,2.0
1447322719.7,2023-04-01,PORT04,V444_0,2,DTP,0,0,V5555_33,1682772,PLANT03,PORT09,330,0.7761386138613864,2.0
1447322715.7,2023-06-17,PORT04,V444_0,2,DTP,0,0,V5555_33,1688587,PLANT03,PORT09,279,1.2769068051643824,2.0
1447305068.7,2023-09-09,PORT04,V444_0,2,DTP,3,0,V55555_2,1664051,PLANT03,PORT09,25249,307.3337241526327,2.02
1447302735.7,2023-05-27,PORT04,V444_0,2,DTP,0,0,V55555555555_28,1667934,PLANT03,PORT09,12289,2.4572984611656956,2.0
1447299358.7,2023-07-12,PORT04,V444_1,2,DTD,5,0,V55555555555555_8,1657013,PLANT12,PORT09,404,45.60000000000001,2.0
1447288727.7,2023-11-24,PORT04,V44_3,0,CRF,3,0,V55555555_32,1699571,PLANT03,PORT09,2886,6.22,0.0
1447251753.7,2023-10-29,PORT04,V444_1,2,DTD,5,0,V55555555555555_8,1666961,PLANT12,PORT09,403,26.6,2.0
1447233243.7,2023-05-23,PORT04,V444_1,1,DTD,5,0,V55555555555555_8,1693747,PLANT03,PORT09,322,6.166619277793575,1.0
1447219838.7,2023-12-26,PORT04,V444_0,2,DTP,0,0,V555555555555555_29,1672721,PLANT03,PORT09,433,7.982367758186397,2.0
1447215397.7,2023-03-24,PORT04,V444_0,2,DTP,0,0,V55555_26,1666466,PLANT03,PORT09,374,1.6726477024070021,2.0
1447211155.7,2023-04-06,PORT04,V44_3,2,CRF,3,0,V55555_2,1689551,PLANT03,PORT09,285,0.1492716239922353,2.0
1447191264.7,2023-12-27,PORT04,V444_0,2,DTP,3,0,V55555555_5,1617826,PLANT12,PORT09,1289,184.8787878787879,2.0
1447182882.7,2023-05-28,PORT04,V44_3,0,CRF,3,0,V55555555_32,1699553,PLANT03,PORT09,1172,3.4817178038761125,0.0
1447178887.7,2023-04-04,PORT04,V444_0,2,DTP,0,0,V555555555_27,1685211,PLANT03,PORT09,784,9.8,2.0
1447155209.7,2023-12-31,PORT04,V444_1,1,DTD,0,0,V5555555555555_16,1682796,PLANT03,PORT09,289,0.307961175640305,1.0
1447425027.7,2023-12-20,PORT04,V444_0,2,DTP,5,0,V55555555_7,1660580,PLANT03,PORT09,266,1.0690879741727202,2.0
1447423181.7,2023-03-23,PORT04,V444_0,2,DTP,5,0,V55555555_7,1656246,PLANT03,PORT09,3289,12.46,2.0
1447421269.7,2023-05-24,PORT04,V444_0,2,DTP,5,0,V55555555_7,1699417,PLANT03,PORT09,10244,21.58849844200639,2.0
1447408693.7,2023-12-12,PORT04,V444_0,2,DTP,3,0,V55555555_5,1700140,PLANT03,PORT09,33888,25.584351012949853,2.0
1447399900.7,2023-03-01,PORT04,V44_3,0,CRF,3,0,V55555555_32,1699689,PLANT03,PORT09,3242,12.100770208333333,0.0
1447389208.7,2023-05-03,PORT04,V44_3,2,CRF,3,0,V55555_2,1682805,PLANT03,PORT09,403,8.591497479956574,2.0
1447386863.7,2023-12-01,PORT04,V444_0,2,DTP,0,0,V5555_33,1688288,PLANT03,PORT09,275,1.81223668628478,2.0
1447367958.7,2023-06-16,PORT04,V444_0,2,DTP,0,0,V55555_26,1649008,PLANT03,PORT09,486,1.9964601769911507,2.0
1447330514.7,2023-07-12,PORT04,V444_0,2,DTP,0,0,V555555555555555_29,1689779,PLANT03,PORT09,337,2.1900301943799745,2.0
1447309551.7,2023-11-18,PORT04,V444_0,2,DTP,3,0,V55555_4,1660673,PLANT03,PORT09,254,1.0979481744813155,2.0
1447286038.7,2023-10-21,PORT04,V444_1,1,DTD,5,0,V55555555555555_8,1690616,PLANT03,PORT09,271,0.47135044828415773,1.0
1447285606.7,2023-03-04,PORT04,V444_1,1,DTD,5,0,V55555555555555_8,1690630,PLANT03,PORT09,401,3.052953212067935,1.0
1447282464.7,2023-09-07,PORT04,V444_1,1,DTD,5,0,V55555555555555_8,1688571,PLANT03,PORT09,341,5.990109755877588,1.0
1447251020.7,2023-11-28,PORT04,V444_0,2,DTP,3,0,V55555_4,1650568,PLANT03,PORT09,718,3.36,2.0
1447229922.7,2023-08-09,PORT04,V444_0,2,DTP,5,0,V55555555_7,1655818,PLANT03,PORT09,799,1.5452694084931098,2.0
1447228699.7,2023-10-09,PORT04,V444_0,2,DTP,0,0,V5555_33,1683409,PLANT03,PORT09,255,0.3752978481431805,2.0
1447226801.7,2023-05-20,PORT04,V444_0,2,DTP,5,0,V55555555_7,1687353,PLANT12,PORT09,334,5.486231884057972,2.0
1447198516.7,2023-10-27,PORT04,V444_0,2,DTP,3,0,V55555_2,1672091,PLANT03,PORT09,639,51.84043346921667,2.0
1447196796.7,2023-02-12,PORT04,V444_0,2,DTP,3,0,V555555_6,1660578,PLANT03,PORT09,407,17.056562975252316,2.0
1447192322.7,2023-04-24,PORT04,V444_0,2,DTP,0,0,V55555_26,1699948,PLANT03,PORT09,1631,45.56281913178118,2.0
1447173357.7,2023-12-09,PORT04,V444_0,2,DTP,0,0,V5555_33,1682793,PLANT03,PORT09,293,1.7537986056650468,2.0
1447165487.7,2023-07-09,PORT04,V444_0,2,DTP,0,0,V55555_26,1652611,PLANT03,PORT09,294,0.5269787031926918,2.0
1447163440.7,2023-06-21,PORT04,V444_0,2,DTP,3,0,V555555_6,1675654,PLANT03,PORT09,3248,25.2,2.0
1447146830.7,2023-01-17,PORT04,V444_0,2,DTP,3,0,V55555555_0,1677878,PLANT03,PORT09,603,1.3385265530356356,2.0
1447405955.7,2023-02-21,PORT04,V44_3,0,CRF,0,0,V555555555555555_29,1699418,PLANT03,PORT09,890,1.926233274666785,1.76
1447402642.7,2023-09-06,PORT04,V444_0,2,DTP,3,0,V55555_4,1652080,PLANT03,PORT09,339,2.0916165413533836,2.0
1447402084.7,2023-01-13,PORT04,V444_0,2,DTP,0,0,V555555555_14,1700097,PLANT03,PORT09,601,4.66,2.0
1447383756.7,2023-10-12,PORT04,V444_0,2,DTP,3,0,V555555_6,1697072,PLANT03,PORT09,2299,11.26,2.0
1447372977.7,2023-12-23,PORT04,V444_0,2,DTP,0,0,V5555_33,1689547,PLANT03,PORT09,303,0.21595881561941482,2.0
1447369898.7,2023-07-25,PORT04,V444_0,2,DTP,3,0,V55555555_0,1677878,PLANT03,PORT09,578,0.9815861388927994,2.0
1447366219.7,2023-02-20,PORT04,V444_0,2,DTP,3,0,V55555555_5,1652883,PLANT13,PORT09,410,42.03874590117681,2.0
1447346561.7,2023-10-02,PORT04,V444_0,2,DTP,0,0,V55555_26,1667817,PLANT03,PORT09,4930,69.56,2.0
1447344844.7,2023-02-19,PORT04,V44_3,0,CRF,0,0,V555555555555555_29,1699310,PLANT03,PORT09,1164,6.566666666666666,0.0
1447323710.7,2023-08-12,PORT04,V444_0,2,DTP,3,0,V555555_6,1677891,PLANT03,PORT09,5274,14.680000000000001,2.0
1447316092.7,2023-02-01,PORT04,V444_1,1,DTD,1,0,V555555555555555555_17,1697084,PLANT03,PORT09,263,0.0660454264023848,1.0
1447312488.7,2023-07-07,PORT04,V444_0,2,DTP,5,0,V55555555_7,1680562,PLANT03,PORT09,921,6.231830644205902,2.0
1447295517.7,2023-08-10,PORT04,V444_0,2,DTP,0,0,V55555555_5,1688633,PLANT03,PORT09,272,3.340235068432015,2.0
1447283712.7,2023-05-21,PORT04,V444_0,2,DTP,3,0,V55555_2,1700094,PLANT03,PORT09,383,2.3,2.0
1447275928.7,2023-12-26,PORT04,V444_0,2,DTP,3,0,V55555_2,1689033,PLANT03,PORT09,688,16.24,2.0
1447244614.7,2023-06-08,PORT04,V444_0,2,DTP,0,0,V5555_33,1689546,PLANT03,PORT09,246,0.15325088328602954,2.0
1447238137.7,2023-05-08,PORT04,V444_0,2,DTP,3,0,V5555555_22,1683636,PLANT03,PORT09,279,0.055319937627538576,2.0
1447230407.7,2023-08-04,PORT04,V444_0,2,DTP,3,0,V555555_6,1696073,PLANT03,PORT09,252,0.07136756212650273,2.0
1447212524.7,2023-03-29,PORT04,V444_0,2,DTP,0,0,V55555_4,1695348,PLANT03,PORT09,1229,3.167004509957644,2.0
1447210181.7,2023-04-02,PORT04,V444_0,2,DTP,0,0,V555555555_14,1696746,PLANT03,PORT09,388,4.7729862551704185,2.0
1447209432.7,2023-01-19,PORT04,V444_0,2,DTP,3,0,V5555555_12,1683197,PLANT03,PORT09,326,0.5215904464649206,2.0
1447208254.7,2023-03-02,PORT04,V444_0,2,DTP,3,0,V55555555_5,1699948,PLANT03,PORT09,423,3.299262790136219,2.0
1447207645.7,2023-11-02,PORT04,V444_0,2,DTP,0,0,V55_13,1658532,PLANT03,PORT09,648,3.7000000000000006,2.0
1447206148.7,2023-08-21,PORT04,V444_0,2,DTP,5,0,V55555555_7,1683409,PLANT03,PORT09,308,0.18764892407159026,2.0
1447185737.7,2023-11-10,PORT04,V444_0,2,DTP,3,0,V55555_2,1664051,PLANT03,PORT09,32293,372.52,2.0
1447179703.7,2023-07-10,PORT04,V444_1,1,DTD,3,0,V5555555_19,1689145,PLANT03,PORT09,2260,6.32,1.0
1447175890.7,2023-05-09,PORT04,V444_1,1,DTD,5,0,V55555555555555_8,1688288,PLANT03,PORT09,336,1.0660215801675177,1.0
1447175772.7,2023-04-25,PORT04,V444_0,2,DTP,0,0,V55555555555_28,1687384,PLANT03,PORT09,21315,13.738115239100665,2.0
1447420899.7,2023-06-17,PORT04,V444_0,2,DTP,5,0,V55555555_7,1660580,PLANT03,PORT09,505,23.04,2.0
1447418239.7,2023-11-25,PORT04,V444_0,2,DTP,0,0,V5555_33,1683419,PLANT03,PORT09,322,1.8549550983148801,2.0
1447402062.7,2023-05-21,PORT04,V444_0,2,DTP,0,0,V555555555_14,1677878,PLANT03,PORT09,8306,20.56,2.0
1447386266.7,2023-01-08,PORT04,V44_3,0,CRF,3,0,V55555555_32,1699249,PLANT03,PORT09,2081,7.5884359467500015,0.0
1447377767.7,2023-07-23,PORT04,V444_0,2,DTP,0,0,V555555_24,1679638,PLANT03,PORT09,1306,3.381662044037619,2.0
1447369868.7,2023-02-27,PORT04,V444_0,2,DTP,3,0,V555555_6,1699949,PLANT03,PORT09,317,0.25632830327389583,2.0
1447367414.7,2023-02-06,PORT04,V444_0,2,DTP,0,0,V555555_24,1679638,PLANT03,PORT09,1265,3.381662044037619,2.0
1447327253.7,2023-02-09,PORT04,V444_0,2,DTP,0,0,V555555555555555_29,1688575,PLANT03,PORT09,375,4.521704643092323,2.0
1447323787.7,2023-10-02,PORT04,V444_0,2,DTP,3,0,V555555_6,1655818,PLANT03,PORT09,20331,50.16,2.0
1447320519.7,2023-06-21,PORT04,V444_1,1,DTD,0,0,V5555555_22,1660579,PLANT03,PORT09,1066,61.79870216782416,1.0
1447306373.7,2023-10-11,PORT04,V444_1,1,DTD,0,0,V5555555_22,1683636,PLANT03,PORT09,317,0.8574590332268479,1.0
1447297804.7,2023-12-06,PORT04,V444_1,2,DTD,5,0,V55555555555555_8,1666961,PLANT12,PORT09,332,24.6,2.0
1447279014.7,2023-06-02,PORT04,V444_0,2,DTP,0,0,V5555_33,1689543,PLANT03,PORT09,277,0.2450573565688278,2.0
1447267027.7,2023-03-12,PORT04,V444_0,2,DTP,3,0,V555555_6,1697071,PLANT03,PORT09,373,0.8009605744767281,2.0
1447265597.7,2023-08-25,PORT04,V444_0,2,DTP,3,0,V55555_4,1675670,PLANT03,PORT09,436,1.8365649893141636,2.0
1447246709.7,2023-09-29,PORT04,V444_1,1,DTD,5,0,V55555555555555_8,1688575,PLANT03,PORT09,523,17.086818572369292,1.0
1447232835.7,2023-04-30,PORT09,V44_3,1,CRF,3,0,V55555_53,1696799,PLANT16,PORT09,3876,717.24,1.0
1447229915.7,2023-01-12,PORT04,V444_0,2,DTP,5,0,V55555555_7,1655818,PLANT03,PORT09,743,1.5452694084931098,2.0
1447221386.7,2023-02-05,PORT04,V44_3,4,CRF,0,0,V555555555555_31,1684560,PLANT03,PORT09,3319,1.3371930688561289,4.0
1447214683.7,2023-07-04,PORT04,V444_1,1,DTD,3,0,V5555_20,1697085,PLANT03,PORT09,415,0.6729887371017622,1.0
1447188083.7,2023-06-17,PORT04,V444_0,2,DTP,5,0,V55555555_7,1682784,PLANT03,PORT09,347,5.24285809602101,2.0
1447183463.7,2023-01-11,PORT04,V444_0,2,DTP,0,0,V55_13,1684703,PLANT03,PORT09,643,4.864426331127124,2.0
1447174505.7,2023-09-04,PORT04,V444_0,2,DTP,3,0,V555555555_3,1689547,PLANT03,PORT09,648,26.79450874925531,2.0
1447156690.7,2023-01-17,PORT04,V444_0,2,DTP,3,0,V555555_6,1687661,PLANT03,PORT09,338,0.14880000000000004,2.0
1447144657.7,2023-03-23,PORT04,V444_0,2,DTP,0,0,V55555555_5,1654766,PLANT03,PORT09,627,6.396880733944955,2.0
1447423144.7,2023-09-27,PORT04,V444_0,2,DTP,5,0,V55555555_7,1668545,PLANT03,PORT09,464,1.954673620063284,2.0
1447411580.7,2023-01-13,PORT04,V444_0,2,DTP,3,0,V55555_2,1669702,PLANT03,PORT09,463,3.0254339622641515,2.0
1447396722.7,2023-01-21,PORT04,V444_0,2,DTP,0,0,V55_13,1658532,PLANT03,PORT09,490,3.12,2.0
1447394616.7,2023-05-23,PORT04,V444_0,2,DTP,0,0,V5555555_30,1660885,PLANT03,PORT09,5329,41.2,2.0
1447373490.7,2023-12-01,PORT04,V44_3,2,CRF,3,0,V55555_2,1658528,PLANT03,PORT09,644,4.08,2.0
1447373455.7,2023-09-28,PORT04,V444_0,2,DTP,3,0,V55555_2,1692940,PLANT03,PORT09,319,1.0138718173836696,2.0
1447355130.7,2023-07-09,PORT04,V444_0,2,DTP,3,0,V555555_6,1662552,PLANT03,PORT09,323,0.3440071709880136,2.0
1447346093.7,2023-09-15,PORT04,V444_0,2,DTP,3,0,V55555555_0,1692997,PLANT03,PORT09,434,4.607988764196971,2.0
1447344842.7,2023-02-08,PORT04,V444_1,1,DTD,3,0,V5555555_19,1697085,PLANT03,PORT09,496,0.897318316135683,1.0
1447343379.7,2023-10-16,PORT04,V44_3,0,CRF,3,0,V55555555_32,1699674,PLANT03,PORT09,2083,5.625612782000001,0.0
1447314014.7,2023-09-30,PORT04,V444_0,2,DTP,3,0,V55555_2,1669702,PLANT03,PORT09,427,3.0254339622641515,2.0
1447310312.7,2023-11-10,PORT04,V444_0,2,DTP,3,0,V55555555_0,1693019,PLANT03,PORT09,412,11.88,2.0
1447307353.7,2023-05-17,PORT04,V444_0,2,DTP,3,0,V555555_6,1677884,PLANT03,PORT09,335,0.8842494352796222,2.0
1447303090.7,2023-02-15,PORT04,V444_0,2,DTP,0,0,V555555555_14,1700094,PLANT03,PORT09,467,3.72,2.0
1447296246.7,2023-05-20,PORT04,V444_0,2,DTP,3,0,V55555_2,1664051,PLANT03,PORT09,60306,783.52,2.01
1447293770.7,2023-02-14,PORT04,V444_0,2,DTP,0,0,V55_13,1672714,PLANT03,PORT09,456,8.157206333096125,2.0
1447269655.7,2023-03-13,PORT04,V444_1,1,DTD,0,0,V555555555555555555_45,1680740,PLANT03,PORT09,390,5.136118832264725,1.0
1447243914.7,2023-02-14,PORT04,V444_0,2,DTP,0,0,V5555_33,1688587,PLANT03,PORT09,306,1.0944915472837562,2.0
1447224504.7,2023-09-29,PORT04,V444_0,2,DTP,5,0,V55555555_7,1660585,PLANT03,PORT09,307,4.044442626303946,2.0
1447215329.7,2023-06-25,PORT04,V444_0,2,DTP,3,0,V55555_4,1676853,PLANT03,PORT09,348,0.264162544695483,2.0
1447192248.7,2023-02-07,PORT04,V444_0,2,DTP,5,0,V55555555_7,1689547,PLANT03,PORT09,778,34.54560269288243,2.0
1447188557.7,2023-07-04,PORT04,V444_0,2,DTP,5,0,V55555555_7,1689548,PLANT03,PORT09,409,6.107342585743777,2.0
1447182253.7,2023-03-05,PORT04,V444_1,1,DTD,0,0,V5555555_22,1683633,PLANT03,PORT09,348,2.96,1.0
1447174670.7,2023-04-02,PORT04,V444_1,1,DTD,1,0,V555555555555555555_17,1683191,PLANT03,PORT09,1241,19.26,1.0
1447170788.7,2023-05-31,PORT04,V444_1,1,DTD,0,0,V5555555_22,1660579,PLANT03,PORT09,408,12.208442582963729,1.0
1447167731.7,2023-04-20,PORT04,V444_0,2,DTP,0,0,V55555555_5,1675655,PLANT03,PORT09,1723,10.200000000000001,2.27
1447165148.7,2023-01-27,PORT04,V444_0,2,DTP,0,0,V555555555_14,1700097,PLANT03,PORT09,777,8.16,2.0
1447423383.7,2023-09-22,PORT04,V444_0,2,DTP,5,0,V55555555_7,1699540,PLANT09,PORT09,29043,52.6914856040445,2.0
1447412841.7,2023-09-26,PORT04,V44_3,0,CRF,3,0,V55555555_32,1699562,PLANT03,PORT09,4838,8.892328133604314,0.0
1447405914.7,2023-02-26,PORT04,V444_1,1,DTD,0,0,V5555555_22,1683633,PLANT03,PORT09,280,0.4066935483870968,1.0
1447389179.7,2023-12-01,PORT04,V444_0,2,DTP,3,0,V555555_6,1660578,PLANT03,PORT09,423,14.56,2.0
1447383143.7,2023-01-18,PORT04,V444_1,1,DTD,0,0,V555555555555555555_45,1690628,PLANT03,PORT09,255,0.6924017705672101,1.0
1447372038.7,2023-04-16,PORT04,V44_3,0,CRF,3,0,V55555555_32,1699246,PLANT03,PORT09,2012,5.1957541848,0.0
1447362975.7,2023-05-12,PORT04,V444_1,1,DTD,0,0,V5555555_22,1672664,PLANT03,PORT09,455,5.879673074012412,1.0
1447327260.7,2023-10-31,PORT04,V444_0,2,DTP,0,0,V555555555555555_29,1688571,PLANT03,PORT09,353,4.40449246755705,2.0
1447325620.7,2023-02-01,PORT04,V444_0,2,DTP,3,0,V55555_4,1646393,PLANT13,PORT09,516,45.576470588235296,2.0
1447321405.7,2023-03-16,PORT04,V444_0,2,DTP,0,0,V555555_34,1682826,PLANT03,PORT09,495,15.68358601824088,2.0
1447301364.7,2023-07-29,PORT04,V444_0,2,DTP,0,0,V5555_25,1693453,PLANT03,PORT09,5259,24.80920670304411,2.0
1447288751.7,2023-01-21,PORT04,V444_0,2,DTP,3,0,V5555555_12,1660577,PLANT03,PORT09,299,1.6600000000000001,2.0
1447288504.7,2023-08-14,PORT04,V444_0,2,DTP,0,0,V555555555555555_29,1688589,PLANT03,PORT09,366,4.567551104150948,2.0
1447277442.7,2023-04-11,PORT04,V444_0,2,DTP,3,0,V5555555_12,1658528,PLANT03,PORT09,257,0.07165921736750887,2.0
1447238363.7,2023-12-30,PORT04,V444_0,2,DTP,3,0,V555555_6,1663347,PLANT03,PORT09,1235,68.6,2.0
1447229521.7,2023-01-24,PORT04,V444_0,2,DTP,0,0,V5555_33,1688629,PLANT03,PORT09,249,0.3587306213565619,2.0
1447211522.7,2023-02-27,PORT09,V44_3,1,CRF,3,0,V55555_53,1696799,PLANT16,PORT09,2393,434.64,1.0
1447205141.7,2023-09-21,PORT04,V444_0,2,DTP,3,0,V55555555_5,1700143,PLANT03,PORT09,88511,80.71819679370566,2.0
1447189692.7,2023-10-09,PORT04,V444_0,2,DTP,3,0,V55555555_5,1695348,PLANT03,PORT09,1331,3.518893899952938,2.0
1447187989.7,2023-04-18,PORT04,V444_0,2,DTP,5,0,V55555555_7,1689547,PLANT03,PORT09,288,1.295752893716489,2.0
1447183480.7,2023-05-08,PORT04,V444_0,2,DTP,5,0,V55555555_7,1687346,PLANT03,PORT09,916,14.579999999999998,2.0
1447172434.7,2023-06-13,PORT04,V444_0,2,DTP,3,0,V55555_2,1668099,PLANT03,PORT09,569,25.3,2.0
1447170836.7,2023-02-20,PORT04,V444_1,1,DTD,0,0,V5555555_22,1680915,PLANT03,PORT09,307,0.5226430689789573,1.0
1447163934.7,2023-05-18,PORT04,V444_0,2,DTP,5,0,V55555555_7,1687346,PLANT03,PORT09,307,0.333942035365764,2.0
1447163447.7,2023-08-03,PORT04,V444_0,2,DTP,3,0,V555555_6,1677891,PLANT03,PORT09,10322,25.44,2.0
1447160065.7,2023-09-11,PORT04,V444_1,1,DTD,0,0,V55555555555555_8,1660668,PLANT03,PORT09,318,2.6093579715523765,1.0
1447158621.7,2023-01-13,PORT04,V444_0,2,DTP,0,0,V555555555_27,1685212,PLANT03,PORT09,585,6.927000879507475,2.0
1447149301.7,2023-08-18,PORT04,V444_0,2,DTP,3,0,V55555555_0,1668128,PLANT03,PORT09,289,4.63306238317771,2.0
1447144969.7,2023-05-28,PORT04,V444_0,2,DTP,3,0,V5555555_12,1644200,PLANT03,PORT09,334,2.0009813542688915,2.0
1447421273.7,2023-07-18,PORT04,V444_0,2,DTP,5,0,V55555555_7,1699570,PLANT03,PORT09,7759,8.813554649268292,2.0
1447418035.7,2023-07-08,PORT04,V444_0,2,DTP,3,0,V55555_2,1674853,PLANT03,PORT09,387,8.14,2.0
1447392847.7,2023-01-18,PORT04,V44_3,4,CRF,0,0,V555555555555555_29,1699553,PLANT03,PORT09,703,1.7408589019380563,3.92
1447386298.7,2023-07-29,PORT04,V444_1,1,DTD,0,0,V5555555_22,1699799,PLANT03,PORT09,5320,4.191591788535211,1.0
1447366020.7,2023-02-04,PORT04,V444_0,2,DTP,0,0,V5555_33,1689547,PLANT03,PORT09,276,0.14397254374627655,2.0
1447343148.7,2023-08-26,PORT04,V444_1,1,DTD,5,0,V55555555555555_8,1690616,PLANT03,PORT09,296,0.9427008965683155,1.0
1447340134.7,2023-09-24,PORT04,V444_1,1,DTD,0,0,V5555555_22,1699799,PLANT03,PORT09,2740,2.0957958942676056,1.0
1447339805.7,2023-08-28,PORT04,V444_0,2,DTP,0,0,V55555555_5,1677891,PLANT03,PORT09,2306,5.98,2.0
1447334102.7,2023-01-21,PORT04,V444_0,2,DTP,3,0,V55555555_5,1689788,PLANT03,PORT09,296,0.6380979007027745,2.0
1447328781.7,2023-06-10,PORT04,V444_0,2,DTP,0,0,V555555555_14,1695139,PLANT03,PORT09,313,0.366079457673224,2.0
1447320640.7,2023-03-08,PORT04,V444_1,1,DTD,0,0,V5555555_22,1683203,PLANT03,PORT09,408,2.1468285114538648,1.0
1447313961.7,2023-09-07,PORT04,V444_0,2,DTP,0,0,V555555555_27,1655818,PLANT03,PORT09,2244,6.04,2.0
1447297884.7,2023-11-18,PORT04,V444_0,2,DTP,3,0,V55555555_5,1655985,PLANT12,PORT09,335,0.2611388917784066,2.0
1447296421.7,2023-09-05,PORT04,V444_0,2,DTP,3,0,V55555_4,1689012,PLANT03,PORT09,1201,5.562060863581677,2.0
1447283839.7,2023-06-18,PORT04,V444_0,2,DTP,3,0,V55555_2,1696748,PLANT03,PORT09,254,0.3585053173751017,2.0
1447282165.7,2023-03-30,PORT04,V444_0,2,DTP,3,0,V555555555_3,1688587,PLANT03,PORT09,316,5.654872994299407,2.0
1447281248.7,2023-01-26,PORT04,V444_0,2,DTP,3,0,V55555_2,1689033,PLANT03,PORT09,717,8.04,2.0
1447268287.7,2023-10-10,PORT04,V444_1,1,DTD,5,0,V55555555555555_8,1689541,PLANT03,PORT09,450,29.54,1.0
1447265428.7,2023-12-03,PORT04,V444_0,2,DTP,0,0,V55555555_5,1689460,PLANT12,PORT09,1140,278.14719271623676,2.0
1447260690.7,2023-12-16,PORT04,V444_0,2,DTP,3,0,V55555_2,1689547,PLANT03,PORT09,1145,65.78764468582445,2.0
1447235369.7,2023-11-01,PORT09,V444_0,0,DTP,3,0,V555555_6,1692708,PLANT16,PORT09,378,9.583807935526318,0.0
1447224313.7,2023-08-22,PORT04,V444_0,2,DTP,5,0,V55555555_7,1669409,PLANT03,PORT09,716,3.648230068508621,2.0
1447223606.7,2023-07-05,PORT04,V444_1,1,DTD,0,0,V5555555_22,1660677,PLANT03,PORT09,828,37.239424960781626,1.0
1447196707.7,2023-11-25,PORT04,V444_0,2,DTP,3,0,V555555_6,1660578,PLANT03,PORT09,673,39.9,2.0
1447169191.7,2023-12-26,PORT04,V444_1,1,DTD,5,0,V55555555555555_8,1688571,PLANT03,PORT09,457,17.6179698702282,1.0
1447150752.7,2023-04-14,PORT04,V444_0,2,DTP,0,0,V55555_26,1660885,PLANT03,PORT09,557,2.206325935662168,2.0
1447146772.7,2023-11-13,PORT04,V444_0,2,DTP,5,0,V55555555_7,1672117,PLANT03,PORT09,253,1.1368000000000003,2.0
1447145969.7,2023-11-03,PORT04,V444_1,1,DTD,0,0,V5555555_22,1692946,PLANT03,PORT09,966,3.441058415401349,1.0
1447417832.7,2023-05-13,PORT04,V444_1,1,DTD,0,0,V55555555555555_8,1688589,PLANT03,PORT09,301,3.654040883320759,1.0
1447377351.7,2023-09-17,PORT04,V444_0,2,DTP,0,0,V5555_33,1683419,PLANT03,PORT09,334,1.39121632373616,2.0
1447367890.7,2023-11-06,PORT04,V444_0,2,DTP,3,0,V55555_4,1650586,PLANT03,PORT09,1692,17.525882352941178,2.0
1447329591.7,2023-08-27,PORT04,V444_0,2,DTP,0,0,V5555_33,1688285,PLANT03,PORT09,330,0.9771830581879343,2.0
1447308842.7,2023-12-03,PORT04,V444_0,2,DTP,0,0,V555555555555555_29,1682760,PLANT03,PORT09,294,4.2701211340017595,2.0
1447302856.7,2023-05-16,PORT04,V44_3,2,CRF,3,0,V55555_2,1696746,PLANT03,PORT09,276,0.5303318061300465,2.0
1447297175.7,2023-02-20,PORT04,V444_0,2,DTP,3,0,V55555_4,1672110,PLANT03,PORT09,286,0.37529854371054805,2.0
1447262388.7,2023-06-05,PORT04,V444_0,2,DTP,0,0,V5555_33,1689547,PLANT03,PORT09,236,0.14397254374627655,2.0
1447245202.7,2023-06-01,PORT04,V444_1,1,DTD,0,0,V5555555_22,1660673,PLANT03,PORT09,767,22.825475386244545,1.0
1447242487.7,2023-03-27,PORT04,V444_0,2,DTP,3,0,V555555_6,1660885,PLANT03,PORT09,251,0.08825303742648671,2.0
1447206411.7,2023-04-18,PORT04,V444_0,2,DTP,0,0,V5555_33,1688290,PLANT03,PORT09,341,0.8955336103398408,2.0
1447200300.7,2023-05-20,PORT04,V444_1,1,DTD,0,0,V55555555555555_8,1650904,PLANT03,PORT09,2126,30.9,1.0
1447185761.7,2023-08-28,PORT04,V444_0,2,DTP,0,0,V55555_26,1660897,PLANT03,PORT09,818,4.050415465389921,2.0
1447166065.7,2023-10-13,PORT04,V444_0,3,DTP,0,0,V55555555_5,1661099,PLANT03,PORT09,65565,77.0,2.93
1447149388.7,2023-05-22,PORT04,V444_0,2,DTP,0,0,V55555_26,1644050,PLANT03,PORT09,276,1.0759874244590646,2.0
1447149015.7,2023-02-09,PORT04,V444_0,2,DTP,0,0,V5555_33,1674635,PLANT12,PORT09,311,3.860521708203332,2.0
1447141981.7,2023-06-10,PORT04,V444_0,2,DTP,0,0,V555555_24,1666519,PLANT03,PORT09,724,4.16,2.0
1447418373.7,2023-07-11,PORT04,V444_0,2,DTP,5,0,V55555555_7,1669409,PLANT03,PORT09,304,0.1770985470149816,2.0
1447396766.7,2023-01-17,PORT04,V44_3,0,CRF,0,0,V5555555_30,1699552,PLANT03,PORT09,2386,6.04514509459611,0.0
1447395058.7,2023-01-21,PORT04,V444_0,2,DTP,3,0,V5555555_22,1683197,PLANT03,PORT09,437,4.66,2.0
1447389227.7,2023-10-05,PORT04,V444_0,2,DTP,3,0,V5555555_22,1683200,PLANT03,PORT09,407,3.8770315255731913,2.0
1447386501.7,2023-03-04,PORT04,V444_0,2,DTP,3,0,V55555_4,1652080,PLANT03,PORT09,345,0.7090225563909774,2.0
1447369445.7,2023-07-01,PORT04,V444_1,1,DTD,5,0,V55555555555555_8,1689546,PLANT03,PORT09,492,15.325088328602954,1.0
1447363576.7,2023-04-25,PORT09,V44_3,1,CRF,3,0,V55555_53,1700035,PLANT16,PORT09,3308,48.2,1.0
1447361713.7,2023-08-26,PORT04,V444_0,2,DTP,0,0,V55555555_5,1672713,PLANT03,PORT09,327,4.816962750716333,2.0
1447331094.7,2023-07-29,PORT04,V444_0,2,DTP,0,0,V5555555555_1,1689457,PLANT12,PORT09,299,0.8355936248091864,2.0
1447329679.7,2023-11-25,PORT04,V444_1,1,DTD,5,0,V55555555555555_8,1688575,PLANT03,PORT09,395,9.043409286184646,1.0
1447323885.7,2023-10-22,PORT04,V444_0,2,DTP,0,0,V55555_26,1649008,PLANT03,PORT09,534,1.9964601769911507,2.0
1447322521.7,2023-03-12,PORT04,V444_0,2,DTP,0,0,V5555_25,1693453,PLANT03,PORT09,1313,4.7618413406088225,2.0
1447308359.7,2023-05-01,PORT04,V444_0,2,DTP,0,0,V5555_33,1688633,PLANT03,PORT09,304,0.18556861491288973,2.0
1447268269.7,2023-05-21,PORT04,V444_1,1,DTD,0,0,V55555555555555_8,1689548,PLANT03,PORT09,1277,78.47978763102167,1.0
1447236509.7,2023-07-08,PORT04,V444_0,2,DTP,3,0,V55555_2,1658528,PLANT03,PORT09,887,7.06,2.0
1447226250.7,2023-10-26,PORT04,V444_1,1,DTD,0,0,V5555555_22,1692948,PLANT03,PORT09,919,2.9759698626859494,1.0
1447224450.7,2023-05-26,PORT04,V444_0,2,DTP,3,0,V5555555_22,1683200,PLANT03,PORT09,519,5.24,2.0
1447207728.7,2023-12-13,PORT04,V444_0,2,DTP,0,0,V55_13,1694720,PLANT03,PORT09,318,0.8002710488041221,2.0
1447207512.7,2023-12-20,PORT04,V44_3,0,CRF,3,0,V55555555_32,1699283,PLANT03,PORT09,3626,16.68404565103226,0.0
1447172397.7,2023-01-10,PORT04,V444_0,2,DTP,3,0,V55555_2,1660885,PLANT03,PORT09,503,1.7650607485297343,2.0
1447172385.7,2023-04-12,PORT04,V444_0,2,DTP,3,0,V55555_2,1689033,PLANT03,PORT09,1416,20.64,2.0
1447163990.7,2023-02-02,PORT04,V444_0,2,DTP,0,0,V555555555_27,1668547,PLANT03,PORT09,294,0.23899292608729997,2.0
1447159888.7,2023-10-10,PORT04,V444_0,2,DTP,0,0,V555555555_14,1677878,PLANT03,PORT09,8298,22.6,2.0
1447139268.7,2023-09-18,PORT04,V444_0,2,DTP,0,0,V55555_26,1664067,PLANT03,PORT09,45295,358.22635516885975,2.0
1447417876.7,2023-03-19,PORT04,V444_1,1,DTD,0,0,V55555555555555_8,1688629,PLANT03,PORT09,462,12.452398300871073,1.0
1447403873.7,2023-11-08,PORT04,V444_0,2,DTP,0,0,V555555555_27,1620510,PLANT03,PORT09,277,0.8365819861431871,2.0
1447396999.7,2023-12-04,PORT04,V444_0,2,DTP,0,0,V55_13,1672714,PLANT03,PORT09,344,0.6493298573608857,2.0
1447390579.7,2023-08-10,PORT04,V444_0,2,DTP,0,0,V555555555_14,1696747,PLANT03,PORT09,362,4.903271543820317,2.0
1447386471.7,2023-06-29,PORT04,V444_0,2,DTP,3,1,V555_15,1677878,PLANT03,PORT09,566,0.9667136216368479,2.0
1447371899.7,2023-06-06,PORT04,V444_0,2,DTP,0,0,V555555555_27,1676853,PLANT03,PORT09,384,0.31699505363457964,2.0
1447360738.7,2023-12-18,PORT04,V444_0,2,DTP,3,0,V55555555_5,1700142,PLANT03,PORT09,52296,52.06634101591837,2.0
1447346487.7,2023-07-21,PORT04,V444_0,2,DTP,0,0,V5555555_30,1666295,PLANT03,PORT09,1301,9.78,2.0
1447345010.7,2023-02-23,PORT04,V444_0,2,DTP,0,0,V55555555_5,1689546,PLANT03,PORT09,583,21.98763249290443,2.0
1447323799.7,2023-08-04,PORT04,V444_0,2,DTP,3,0,V55555_4,1656246,PLANT03,PORT09,3267,10.38,2.0
1447299062.7,2023-09-05,PORT04,V444_0,2,DTP,0,0,V5555_33,1689544,PLANT03,PORT09,318,0.10726215773577505,2.0
1447296426.7,2023-05-25,PORT04,V444_1,1,DTD,0,0,V555555555555555555_45,1688587,PLANT03,PORT09,442,13.410805372569458,1.0
1447296083.7,2023-01-29,PORT04,V444_0,2,DTP,0,0,V55_13,1677877,PLANT03,PORT09,2235,4.636129032258063,2.0
1447288236.7,2023-09-20,PORT04,V444_1,1,DTD,3,0,V5555_20,1693453,PLANT03,PORT09,5324,21.80920670304411,1.0
1447281301.7,2023-10-06,PORT04,V444_0,2,DTP,5,0,V55555555_7,1668547,PLANT03,PORT09,529,2.0712720260899333,2.0
1447265487.7,2023-05-02,PORT04,V444_0,2,DTP,3,0,V55555_2,1621717,PLANT12,PORT09,355,23.193181818181817,2.0
1447261828.7,2023-11-29,PORT04,V444_1,1,DTD,5,0,V55555555555555_8,1658528,PLANT03,PORT09,802,4.5,1.0
1447228999.7,2023-11-21,PORT04,V44_3,2,CRF,3,0,V55555_2,1674853,PLANT03,PORT09,376,4.80148367952522,2.0
1447226771.7,2023-02-20,PORT04,V444_0,2,DTP,0,0,V5555_33,1674635,PLANT12,PORT09,319,3.860521708203332,2.0
1447218547.7,2023-09-18,PORT04,V444_0,2,DTP,0,0,V555555555_14,1696746,PLANT03,PORT09,408,6.805924845335597,2.0
1447209638.7,2023-12-25,PORT04,V444_1,1,DTD,5,0,V55555555555555_8,1688633,PLANT03,PORT09,344,9.278430745644487,1.0
1447208250.7,2023-08-26,PORT04,V444_0,2,DTP,3,0,V55555555_5,1699948,PLANT03,PORT09,334,3.299262790136219,2.0
1447204791.7,2023-11-26,PORT04,V444_0,2,DTP,3,0,V555555_6,1677889,PLANT03,PORT09,333,0.05783019566236522,2.0
1447193366.7,2023-03-16,PORT04,V444_0,2,DTP,0,0,V55_13,1696758,PLANT03,PORT09,380,4.797797252822172,2.0
1447189651.7,2023-02-26,PORT04,V444_1,1,DTD,5,0,V55555555555555_8,1688294,PLANT03,PORT09,295,6.866795471009559,1.0
1447188643.7,2023-06-20,PORT04,V444_0,2,DTP,3,0,V555555555_3,1688629,PLANT03,PORT09,457,16.936531067828096,2.0
1447185213.7,2023-04-02,PORT04,V444_0,2,DTP,0,0,V555555555_27,1699948,PLANT03,PORT09,379,4.124078487670274,2.0
1447167255.7,2023-10-23,PORT04,V444_0,2,DTP,0,0,V5555_33,1689548,PLANT03,PORT09,241,0.14895957526204334,2.0
1447165398.7,2023-03-10,PORT04,V444_0,2,DTP,0,0,V55555_26,1676853,PLANT03,PORT09,598,0.7924876340864491,2.0
1447418953.7,2023-09-30,PORT04,V444_0,2,DTP,5,0,V55555555_7,1682784,PLANT03,PORT09,262,0.08738096826701683,2.0
1447413833.7,2023-05-10,PORT04,V444_1,1,DTD,3,0,V5555555_19,1690006,PLANT03,PORT09,325,0.11590392201265959,1.0
1447401985.7,2023-05-24,PORT04,V444_0,2,DTP,0,0,V555555555_14,1668545,PLANT03,PORT09,2034,17.961865697878824,2.0
1447380110.7,2023-04-15,PORT09,V444_0,0,DTP,3,0,V555555_6,1692723,PLANT16,PORT09,366,6.618629709923316,0.0
1447376470.7,2023-12-11,PORT04,V444_0,2,DTP,0,0,V5555_38,1671426,PLANT03,PORT09,12292,7.676558079757033,2.0
1447373493.7,2023-08-20,PORT04,V44_3,2,CRF,3,0,V55555_2,1677889,PLANT03,PORT09,240,0.017349058698709563,2.0
1447365210.7,2023-11-27,PORT04,V444_0,2,DTP,0,0,V55555555555_28,1667927,PLANT03,PORT09,49313,25.51158926649526,2.0
1447347898.7,2023-03-05,PORT04,V444_0,2,DTP,0,0,V5555_33,1689548,PLANT03,PORT09,310,0.2979191505240867,2.0
1447344604.7,2023-08-17,PORT04,V444_1,1,DTD,0,0,V55555555555555_8,1700140,PLANT03,PORT09,5921,3.9307251688249756,1.0
1447329890.7,2023-06-24,PORT04,V444_1,1,DTD,0,0,V5555555_22,1660677,PLANT03,PORT09,305,4.445728712660943,1.0
1447322574.7,2023-01-18,PORT04,V444_1,1,DTD,5,0,V55555555555555_8,1690628,PLANT03,PORT09,268,1.038602655850815,1.0
1447321392.7,2023-08-22,PORT04,V444_0,2,DTP,3,1,V555_15,1689469,PLANT03,PORT09,1326,18.18,2.0
1447318271.7,2023-06-23,PORT04,V444_1,1,DTD,0,0,V5555555_22,1692948,PLANT03,PORT09,1655,5.951939725371899,1.0
1447316603.7,2023-06-05,PORT04,V44_3,4,CRF,0,0,V555555555555555_29,1699557,PLANT03,PORT09,1107,3.0459392853143874,4.0
1447300857.7,2023-07-31,PORT04,V444_0,2,DTP,0,0,V5555_33,1688285,PLANT03,PORT09,269,0.09771830581879343,2.0
1447293741.7,2023-08-13,PORT04,V444_0,2,DTP,0,0,V555555555_14,1662552,PLANT03,PORT09,4295,9.4,2.0
1447291252.7,2023-09-27,PORT04,V444_0,2,DTP,0,0,V555555555_14,1687689,PLANT03,PORT09,463,2.58,2.0
1447283708.7,2023-05-07,PORT04,V444_0,2,DTP,0,0,V55555_26,1644050,PLANT03,PORT09,335,2.26,2.0
1447282433.7,2023-04-12,PORT04,V444_0,2,DTP,0,0,V555555555_27,1655818,PLANT03,PORT09,8273,23.96,2.0
1447281410.7,2023-07-16,PORT04,V444_0,2,DTP,5,0,V55555555_7,1660585,PLANT03,PORT09,1516,127.80438699120468,2.0
1447267003.7,2023-11-30,PORT04,V444_0,2,DTP,3,0,V55555555_0,1671416,PLANT03,PORT09,619,0.6224519869549463,2.0
1447247246.7,2023-04-30,PORT04,V444_0,2,DTP,3,0,V55555_2,1668127,PLANT03,PORT09,590,38.22,2.0
1447242483.7,2023-03-02,PORT04,V444_0,2,DTP,0,0,V555555555_27,1683200,PLANT03,PORT09,529,5.1351410934744255,2.0
1447236743.7,2023-09-06,PORT04,V444_0,2,DTP,3,0,V55555_2,1682757,PLANT03,PORT09,369,4.343277042971876,2.0
1447225481.7,2023-09-03,PORT04,V444_0,2,DTP,0,0,V555555555_27,1668547,PLANT03,PORT09,349,0.23899292608729997,2.0
1447208247.7,2023-07-26,PORT04,V444_0,2,DTP,3,0,V55555555_5,1699948,PLANT03,PORT09,398,3.299262790136219,2.0
1447208176.7,2023-01-29,PORT04,V444_0,2,DTP,3,0,V555555_6,1682739,PLANT03,PORT09,354,4.938605230386053,2.0
1447185731.7,2023-07-21,PORT04,V444_0,2,DTP,0,0,V5555555_30,1674120,PLANT03,PORT09,760,31.96,2.0
1447182454.7,2023-03-13,PORT04,V44_3,4,CRF,0,0,V555555555555555_29,1699562,PLANT03,PORT09,4802,8.892328133604314,3.44
1447170963.7,2023-03-29,PORT09,V444_0,0,DTP,3,0,V555555_6,1692656,PLANT16,PORT09,281,4.8555780473635135,0.0
1447167152.7,2023-01-10,PORT04,V444_0,2,DTP,3,0,V55555_4,1689541,PLANT03,PORT09,359,18.0,2.0
1447164824.7,2023-07-29,PORT04,V444_0,2,DTP,5,0,V55555555_7,1688589,PLANT03,PORT09,275,0.5481061324981138,2.0
1447163437.7,2023-01-23,PORT04,V444_0,2,DTP,3,0,V555555_6,1675615,PLANT03,PORT09,5301,40.3,2.0
1447156749.7,2023-05-08,PORT04,V444_1,1,DTD,5,0,V55555555555555_8,1690628,PLANT03,PORT09,363,1.3848035411344202,1.0
1447423183.7,2023-01-23,PORT04,V444_0,2,DTP,5,0,V55555555_7,1675615,PLANT03,PORT09,651,3.5381479209135738,2.0
1447366445.7,2023-02-28,PORT04,V444_0,2,DTP,0,0,V55555_26,1672722,PLANT03,PORT09,251,0.3832808365881315,2.0
1447334104.7,2023-12-19,PORT04,V444_1,1,DTD,1,0,V555555555555555555_17,1677878,PLANT03,PORT09,1428,4.0899422453866645,1.0
1447313155.7,2023-03-01,PORT04,V444_0,2,DTP,0,0,V5555555_30,1672706,PLANT03,PORT09,350,4.709351753453772,2.0
1447304652.7,2023-06-04,PORT04,V444_0,2,DTP,0,0,V555555555_27,1687346,PLANT03,PORT09,339,0.9392119744662113,2.0
1447299065.7,2023-05-24,PORT04,V444_0,2,DTP,0,0,V5555_33,1688290,PLANT03,PORT09,273,0.5970224068932273,2.0
1447291996.7,2023-05-21,PORT04,V444_0,2,DTP,3,0,V55555555_5,1666994,PLANT12,PORT09,260,0.5547995475914976,2.0
1447284650.7,2023-06-18,PORT04,V444_1,1,DTD,5,0,V55555555555555_8,1689547,PLANT03,PORT09,771,32.99313593656914,1.0
1447278856.7,2023-02-17,PORT04,V444_0,2,DTP,0,0,V555555555_14,1696746,PLANT03,PORT09,934,24.516590306502327,2.0
1447266914.7,2023-05-18,PORT04,V444_0,2,DTP,0,0,V555555555_27,1695345,PLANT03,PORT09,958,2.376306726367733,2.0
1447252546.7,2023-12-09,PORT04,V444_1,1,DTD,5,0,V55555555555555_8,1689545,PLANT03,PORT09,314,0.4531409403189614,1.0
1447245305.7,2023-01-22,PORT04,V444_1,1,DTD,5,0,V55555555555555_8,1688571,PLANT03,PORT09,660,35.2359397404564,1.0
1447211846.7,2023-11-25,PORT04,V444_1,1,DTD,5,0,V55555555555555_8,1690627,PLANT03,PORT09,368,1.9209192745839037,1.0
1447195860.7,2023-11-19,PORT04,V444_0,2,DTP,0,0,V555555_24,1662552,PLANT03,PORT09,792,2.2933811399200903,2.0
1447192326.7,2023-12-01,PORT04,V444_0,2,DTP,0,0,V5555555_30,1672706,PLANT03,PORT09,316,4.709351753453772,2.0
1447174500.7,2023-04-12,PORT04,V444_0,2,DTP,3,0,V555555555_3,1672713,PLANT03,PORT09,298,2.580515759312321,2.0
1447168472.7,2023-12-21,PORT04,V444_1,1,DTD,5,0,V55555555555555_8,1688294,PLANT03,PORT09,271,2.288931823669853,1.0
1447149330.7,2023-07-08,PORT04,V444_0,2,DTP,3,0,V55555_4,1689541,PLANT03,PORT09,338,14.585650446871886,2.0
1447144472.7,2023-12-21,PORT04,V444_1,1,DTD,0,0,V555555555555555555_45,1683392,PLANT03,PORT09,314,0.17963999992275145,1.0
1447407391.7,2023-10-06,PORT04,V444_0,2,DTP,0,0,V5555_33,1688290,PLANT03,PORT09,415,11.741440668900136,2.0
1447401891.7,2023-06-21,PORT04,V444_0,2,DTP,3,0,V555555_6,1660578,PLANT03,PORT09,717,41.66,2.0
1447352523.7,2023-08-21,PORT04,V44_3,0,CRF,0,0,V5555555_30,1699540,PLANT03,PORT09,3532,5.743498400449389,0.0
1447312662.7,2023-09-28,PORT04,V444_0,2,DTP,0,0,V555555_24,1695346,PLANT03,PORT09,377,0.38319143667791467,2.0
1447308500.7,2023-03-04,PORT04,V444_1,1,DTD,5,0,V55555555555555_8,1688571,PLANT03,PORT09,473,14.21347740267115,1.0
1447275493.7,2023-04-13,PORT04,V444_0,2,DTP,0,0,V555555555_14,1691700,PLANT08,PORT09,4166,24.85986929883893,2.0
1447269586.7,2023-03-28,PORT04,V44_3,4,CRF,0,0,V555555555555555_29,1699248,PLANT03,PORT09,1445,3.9870057233421057,4.0
1447248648.7,2023-03-12,PORT04,V444_1,1,DTD,0,0,V5555555_22,1683203,PLANT03,PORT09,357,2.4688527881719446,1.0
1447240551.7,2023-08-13,PORT04,V444_1,1,DTD,3,0,V5555555_19,1697085,PLANT03,PORT09,290,0.05383909896814098,1.0
1447208890.7,2023-10-09,PORT04,V444_0,2,DTP,0,0,V55_13,1682784,PLANT03,PORT09,362,6.990477461361346,2.0
1447208234.7,2023-09-19,PORT04,V444_0,2,DTP,3,0,V555555_6,1695346,PLANT03,PORT09,1154,3.291614441063287,2.0
1447173741.7,2023-04-19,PORT04,V444_0,2,DTP,3,0,V55555_2,1689547,PLANT03,PORT09,794,35.99313593656914,2.0
1447167225.7,2023-11-28,PORT04,V444_1,1,DTD,0,0,V5555555555555_16,1682802,PLANT03,PORT09,280,1.2237787741177684,1.0
1447158841.7,2023-08-07,PORT04,V444_1,1,DTD,3,3,V555555555555555_44,1699948,PLANT03,PORT09,439,4.22305637137436,1.0
1447157060.7,2023-07-22,PORT09,V444_0,0,DTP,3,0,V555555_6,1692708,PLANT16,PORT09,338,4.791903967763159,0.0
1447156411.7,2023-04-06,PORT04,V444_0,2,DTP,3,0,V55555555_5,1646393,PLANT13,PORT09,5244,946.5,2.0
1447152898.7,2023-11-19,PORT04,V444_0,2,DTP,0,0,V555555555_27,1662552,PLANT03,PORT09,2107,4.16,2.0
1447411611.7,2023-11-01,PORT04,V444_0,2,DTP,0,0,V55555555_5,1668547,PLANT03,PORT09,5247,39.48,2.0
1447406877.7,2023-01-27,PORT04,V444_0,2,DTP,0,0,V555555555_27,1613321,PLANT03,PORT09,3401,17.68,2.0
1447401664.7,2023-02-19,PORT04,V444_0,2,DTP,0,0,V555555555_27,1677692,PLANT03,PORT09,5267,350.64000000000004,2.0
1447390883.7,2023-09-08,PORT04,V44_3,0,CRF,3,0,V55555555_32,1699315,PLANT03,PORT09,8367,22.56275689311641,0.0
1447384370.7,2023-04-08,PORT04,V444_1,1,DTD,5,0,V55555555555555_8,1689550,PLANT03,PORT09,332,7.2579441412504675,1.0
1447375174.7,2023-06-02,PORT04,V444_0,2,DTP,3,0,V555555_6,1676564,PLANT03,PORT09,731,7.613179274237226,2.0
1447369856.7,2023-12-01,PORT04,V444_0,2,DTP,0,0,V555555_24,1687346,PLANT03,PORT09,353,0.417427544207205,2.0
1447360904.7,2023-12-13,PORT04,V444_1,1,DTD,0,0,V555555555555555555_45,1688633,PLANT03,PORT09,375,9.278430745644487,1.0
1447320523.7,2023-08-29,PORT04,V444_1,1,DTD,0,0,V5555555_22,1692984,PLANT03,PORT09,1298,14.942203368778921,1.0
1447320488.7,2023-04-25,PORT04,V444_1,1,DTD,0,0,V5555555_22,1683634,PLANT03,PORT09,611,6.649214138931685,1.0
1447280412.7,2023-06-19,PORT04,V44_3,0,CRF,3,0,V55555555_32,1699834,PLANT03,PORT09,3478,4.291067891411765,0.0
1447265577.7,2023-03-16,PORT04,V444_0,2,DTP,5,0,V55555555_7,1699553,PLANT03,PORT09,1088,3.4817178038761125,2.0
1447258851.7,2023-10-18,PORT04,V444_0,2,DTP,3,0,V555555_6,1655373,PLANT03,PORT09,291,0.7865275648084368,2.0
1447240411.7,2023-10-11,PORT04,V444_1,1,DTD,5,0,V55555555555555_8,1688633,PLANT03,PORT09,372,6.123764292125361,1.0
1447232721.7,2023-08-12,PORT04,V444_0,2,DTP,3,0,V555555_6,1697306,PLANT03,PORT09,2271,1.5252257639875235,2.0
1447225588.7,2023-08-15,PORT04,V444_1,1,DTD,5,0,V55555555555555_8,1689550,PLANT03,PORT09,306,3.0667369610917468,1.0
1447224428.7,2023-06-12,PORT04,V444_0,2,DTP,5,0,V55555555_7,1658528,PLANT03,PORT09,352,1.1465474778801419,2.0
1447221846.7,2023-07-13,PORT04,V444_0,2,DTP,0,0,V5555_33,1688629,PLANT03,PORT09,375,6.815881805774676,2.0
1447219886.7,2023-09-05,PORT04,V44_3,2,CRF,3,0,V55555_2,1697072,PLANT03,PORT09,262,0.030910638556597612,2.0
1447211848.7,2023-05-17,PORT04,V444_1,1,DTD,5,0,V55555555555555_8,1690616,PLANT03,PORT09,301,0.47135044828415773,1.0
1447204346.7,2023-02-12,PORT04,V444_0,2,DTP,0,0,V555555555_27,1656246,PLANT03,PORT09,1310,4.096305732484077,2.0
1447183385.7,2023-05-07,PORT04,V444_0,2,DTP,3,0,V55555555_0,1650685,PLANT03,PORT09,757,3.7014874959402406,2.0
1447181235.7,2023-11-26,PORT04,V444_0,2,DTP,0,0,V5555_33,1688587,PLANT03,PORT09,255,0.18241525788062604,2.0
1447180383.7,2023-01-16,PORT04,V444_0,2,DTP,0,0,V5555_33,1661119,PLANT12,PORT09,328,1.0288469915932317,2.0
1447164848.7,2023-11-20,PORT04,V444_0,2,DTP,3,0,V55555_4,1662395,PLANT03,PORT09,329,3.636927732346832,2.0
1447163429.7,2023-06-08,PORT04,V444_0,2,DTP,3,0,V555555_6,1671942,PLANT03,PORT09,1313,114.24,2.0
1447145178.7,2023-02-21,PORT04,V444_1,1,DTD,0,0,V5555555_22,1656353,PLANT03,PORT09,440,4.795381173376499,1.0
1447401850.7,2023-01-14,PORT04,V44_3,2,CRF,3,0,V55555_2,1651302,PLANT03,PORT09,272,0.11287327478042661,2.0
1447400440.7,2023-02-17,PORT04,V444_0,2,DTP,3,0,V55555555_0,1696954,PLANT03,PORT09,357,0.39127562203112376,2.0
1447348787.7,2023-12-20,PORT04,V444_0,2,DTP,0,0,V55555555_5,1675654,PLANT03,PORT09,347,0.945155161494617,2.0
1447308587.7,2023-06-21,PORT09,V44_3,1,CRF,3,0,V55555_53,1697317,PLANT16,PORT09,2120,335.12,1.0
1447283656.7,2023-06-29,PORT04,V444_0,2,DTP,0,0,V55555_26,1662552,PLANT03,PORT09,1124,2.98,2.0
1447243634.7,2023-04-13,PORT04,V444_0,2,DTP,0,0,V5555_36,1682682,PLANT03,PORT09,20330,42.22935482610328,2.0
1447236742.7,2023-03-08,PORT04,V444_0,2,DTP,3,0,V55555_2,1682757,PLANT03,PORT09,325,2.171638521485938,2.0
1447230846.7,2023-12-04,PORT04,V444_1,1,DTD,0,0,V5555555_22,1683636,PLANT03,PORT09,274,0.8574590332268479,1.0
1447191440.7,2023-12-05,PORT04,V444_0,2,DTP,3,0,V55555_4,1657063,PLANT03,PORT09,319,0.016591349257585538,2.0
1447159332.7,2023-03-20,PORT04,V444_0,2,DTP,3,0,V555555555_3,1689549,PLANT03,PORT09,259,0.9584354390522833,2.0
1447382094.7,2023-06-29,PORT04,V444_1,1,DTD,0,0,V5555555_22,1682751,PLANT03,PORT09,266,1.846629624140681,1.0
1447375137.7,2023-10-29,PORT04,V444_0,2,DTP,3,0,V5555555_22,1683200,PLANT03,PORT09,398,1.7972993827160488,2.0
1447369708.7,2023-01-16,PORT04,V444_0,2,DTP,3,0,V555555555_3,1689547,PLANT03,PORT09,684,30.79450874925531,2.0
1447368077.7,2023-08-13,PORT04,V444_0,2,DTP,0,0,V5555_33,1689547,PLANT03,PORT09,254,1.0078078062239357,2.0
1447339100.7,2023-11-05,PORT04,V444_1,1,DTD,0,0,V555555555555555555_45,1682832,PLANT03,PORT09,461,12.354837775492621,1.0
1447327264.7,2023-11-09,PORT04,V444_0,2,DTP,0,0,V555555555555555_29,1682853,PLANT03,PORT09,330,5.165537635680365,2.0
1447325526.7,2023-01-26,PORT04,V444_0,2,DTP,3,0,V555555555_3,1688629,PLANT03,PORT09,1120,78.74612427131238,2.0
1447321835.7,2023-11-10,PORT04,V444_0,2,DTP,3,0,V555555_6,1689145,PLANT03,PORT09,366,0.37557653293586724,2.0
1447321830.7,2023-02-18,PORT04,V444_0,2,DTP,3,0,V555555_6,1677878,PLANT03,PORT09,459,0.7436258627975754,2.0
1447305654.7,2023-10-08,PORT04,V44_3,2,CRF,3,0,V55555_2,1672347,PLANT08,PORT09,744,5.001012154349816,2.0
1447281382.7,2023-08-31,PORT04,V444_0,2,DTP,5,0,V55555555_7,1687346,PLANT03,PORT09,317,0.83485508841441,2.0
1447269421.7,2023-12-10,PORT04,V444_0,2,DTP,3,0,V555555_6,1651298,PLANT03,PORT09,6319,9.98,2.0
1447261162.7,2023-04-05,PORT04,V44_3,2,CRF,3,0,V55555_2,1682757,PLANT03,PORT09,361,6.1808173303830545,2.0
1447260487.7,2023-12-05,PORT04,V444_0,2,DTP,3,0,V555555_6,1683199,PLANT03,PORT09,301,0.019133742358015956,2.0
1447254417.7,2023-05-23,PORT04,V444_0,2,DTP,5,0,V55555555_7,1668545,PLANT03,PORT09,454,1.8173181764912694,2.0
1447224982.7,2023-05-13,PORT04,V444_0,2,DTP,3,0,V555555_6,1699771,PLANT03,PORT09,1321,7.291627210730242,2.0
1447213173.7,2023-07-02,PORT04,V444_0,2,DTP,0,0,V55555555555_28,1700138,PLANT03,PORT09,19805,19.89158266741097,2.0
1447191277.7,2023-11-19,PORT09,V44_3,1,CRF,3,0,V55555_53,1696799,PLANT16,PORT09,2985,484.67999999999995,1.0
1447178885.7,2023-10-10,PORT04,V444_0,2,DTP,0,0,V555555555_27,1672721,PLANT03,PORT09,817,34.28,2.0
1447144477.7,2023-09-26,PORT04,V444_1,1,DTD,0,0,V555555555555555555_45,1682730,PLANT03,PORT09,282,0.5227026260990892,1.0
1447137235.7,2023-09-12,PORT04,V444_0,2,DTP,3,0,V55555555_5,1697080,PLANT03,PORT09,972,3.780648135530698,2.0
1447406127.7,2023-12-18,PORT04,V444_0,2,DTP,5,0,V55555555_7,1675615,PLANT03,PORT09,2085,15.840000000000002,2.0
1447398726.7,2023-11-04,PORT04,V444_0,2,DTP,0,0,V555555555_27,1656246,PLANT03,PORT09,1243,4.096305732484077,2.0
1447391529.7,2023-11-28,PORT04,V444_0,2,DTP,0,0,V55555555_5,1663337,PLANT03,PORT09,364,6.623304278128442,2.0
1447382547.7,2023-03-20,PORT04,V444_0,2,DTP,0,0,V55555555_5,1689546,PLANT03,PORT09,886,43.97526498580886,2.0
1447374424.7,2023-02-15,PORT04,V444_0,2,DTP,3,0,V55555_4,1675670,PLANT03,PORT09,815,4.54,2.0
1447373424.7,2023-10-11,PORT04,V44_3,2,CRF,3,0,V55555_2,1663337,PLANT03,PORT09,280,1.6558260695321105,2.0
1447352020.7,2023-10-03,PORT04,V44_3,0,CRF,0,0,V5555555_30,1699552,PLANT03,PORT09,1500,3.627087056757666,0.0
1447343567.7,2023-06-26,PORT04,V444_0,2,DTP,3,0,V55555555_5,1690171,PLANT13,PORT09,319,30.5,2.0
1447334103.7,2023-11-03,PORT04,V444_0,2,DTP,3,0,V55555555_5,1689788,PLANT03,PORT09,349,0.6380979007027745,2.0
1447330383.7,2023-08-25,PORT04,V444_1,1,DTD,5,0,V55555555555555_8,1688633,PLANT03,PORT09,471,17.556861491288974,1.0
1447299179.7,2023-10-30,PORT04,V444_0,2,DTP,0,0,V5555_33,1688294,PLANT03,PORT09,319,0.2288931823669853,2.0
1447295783.7,2023-01-07,PORT04,V444_0,2,DTP,3,0,V55555555_5,1652887,PLANT13,PORT09,245,6.167521367521368,2.0
1447288577.7,2023-05-21,PORT04,V444_0,2,DTP,0,0,V555555555555555_29,1688571,PLANT03,PORT09,368,4.40449246755705,2.0
1447283694.7,2023-08-20,PORT04,V444_0,2,DTP,0,0,V55555_26,1660885,PLANT03,PORT09,490,2.206325935662168,2.0
1447283487.7,2023-11-15,PORT04,V444_0,2,DTP,0,0,V5555_33,1661119,PLANT12,PORT09,338,1.0288469915932317,2.0
1447281406.7,2023-11-29,PORT04,V444_0,2,DTP,3,0,V55555_2,1668547,PLANT03,PORT09,414,0.7169787782618999,2.0
1447281275.7,2023-06-11,PORT04,V444_0,2,DTP,3,1,V555_15,1651377,PLANT03,PORT09,615,8.78,2.0
1447275684.7,2023-10-07,PORT04,V444_0,2,DTP,3,0,V555555_6,1687346,PLANT03,PORT09,851,12.14,2.0
1447269481.7,2023-08-22,PORT04,V444_0,2,DTP,3,0,V5555555_22,1676566,PLANT03,PORT09,520,2.518890310471552,2.0
1447269477.7,2023-03-06,PORT04,V44_3,0,CRF,3,0,V55555555_32,1699283,PLANT03,PORT09,1916,7.84202282551613,0.0
1447264573.7,2023-02-22,PORT04,V44_3,0,CRF,3,0,V55555555_32,1699682,PLANT03,PORT09,1110,2.9542287545279184,0.0
1447254390.7,2023-04-29,PORT04,V44_3,0,CRF,3,0,V55555555_32,1699682,PLANT03,PORT09,1115,2.9542287545279184,0.0
1447241526.7,2023-02-05,PORT04,V444_0,2,DTP,3,0,V555555_6,1672722,PLANT03,PORT09,1300,75.52,2.0
1447223803.7,2023-07-23,PORT04,V44_3,0,CRF,3,0,V55555555_32,1699556,PLANT03,PORT09,724,1.518544516257675,0.0
1447196819.7,2023-08-13,PORT04,V444_1,1,DTD,3,0,V5555_20,1699953,PLANT03,PORT09,832,17.45610726494293,1.0
1447184534.7,2023-10-15,PORT04,V444_0,2,DTP,3,0,V555555_6,1660897,PLANT03,PORT09,1021,5.559393776025383,2.0
1447184531.7,2023-04-26,PORT04,V444_1,1,DTD,5,0,V55555555555555_8,1688294,PLANT03,PORT09,327,2.288931823669853,1.0
1447171207.7,2023-08-14,PORT04,V444_0,2,DTP,5,0,V55555555_7,1646909,PLANT03,PORT09,241,0.0659795029041304,2.0
1447167284.7,2023-12-27,PORT04,V444_0,2,DTP,3,0,V555555_6,1650880,PLANT03,PORT09,1407,9.7,2.0
1447158705.7,2023-05-09,PORT04,V444_1,1,DTD,0,0,V555555555555555555_45,1651299,PLANT03,PORT09,307,0.15211460963469858,1.0
1447146535.7,2023-07-19,PORT04,V444_0,2,DTP,3,0,V55555_4,1660885,PLANT03,PORT09,3546,24.62,2.0
1447137232.7,2023-12-05,PORT04,V444_0,2,DTP,3,0,V55555555_5,1697080,PLANT03,PORT09,956,3.780648135530698,2.0
1447403235.7,2023-09-23,PORT04,V444_0,2,DTP,0,0,V55555555_5,1655818,PLANT03,PORT09,2275,6.06,2.0
1447398906.7,2023-02-14,PORT04,V444_1,1,DTD,0,0,V55555555555555_8,1690621,PLANT03,PORT09,255,1.1446161911793797,1.0
1447369362.7,2023-07-21,PORT04,V444_1,1,DTD,5,0,V55555555555555_8,1689547,PLANT03,PORT09,347,7.198627187313828,1.0
1447351887.7,2023-06-23,PORT04,V444_0,2,DTP,0,0,V5555_33,1682709,PLANT03,PORT09,313,0.7741806286544356,2.0
1447323711.7,2023-09-28,PORT04,V444_0,2,DTP,3,0,V555555_6,1677891,PLANT03,PORT09,5257,13.66,2.0
1447283836.7,2023-03-10,PORT04,V444_0,2,DTP,3,0,V55555_2,1682757,PLANT03,PORT09,371,5.512620862233535,2.0
1447266957.7,2023-11-01,PORT04,V444_0,2,DTP,3,0,V555555_6,1651299,PLANT03,PORT09,1296,3.0422921926939717,2.0
1447265718.7,2023-06-14,PORT04,V444_0,2,DTP,0,0,V555555555_27,1677878,PLANT03,PORT09,1953,5.54,2.0
1447257015.7,2023-01-01,PORT04,V444_1,1,DTD,5,0,V55555555555555_8,1699433,PLANT03,PORT09,244,0.7289304011769002,1.0
1447246607.7,2023-01-04,PORT04,V444_0,2,DTP,0,0,V5555_33,1682754,PLANT03,PORT09,242,0.12692024539877303,2.0
1447233420.7,2023-03-13,PORT04,V444_1,1,DTD,5,0,V55555555555555_8,1700362,PLANT03,PORT09,350,7.773543167478821,1.0
1447206392.7,2023-08-10,PORT04,V444_0,2,DTP,3,0,V555555_6,1699946,PLANT03,PORT09,336,0.9104075018972958,2.0
1447189604.7,2023-07-31,PORT04,V444_1,1,DTD,5,0,V55555555555555_8,1689541,PLANT03,PORT09,306,0.29171300893743773,1.0
1447189598.7,2023-05-18,PORT04,V44_3,0,CRF,3,0,V55555555_32,1699249,PLANT03,PORT09,927,2.529478648916667,0.0
1447182468.7,2023-11-02,PORT04,V44_3,4,CRF,0,0,V555555555555555_29,1699625,PLANT03,PORT09,840,2.114554808253085,3.52
1447179954.7,2023-02-25,PORT04,V444_1,1,DTD,0,0,V555555555555555555_45,1682832,PLANT03,PORT09,485,17.806450367323496,1.0
1447165484.7,2023-12-04,PORT04,V444_0,2,DTP,0,0,V55555_26,1662552,PLANT03,PORT09,1131,3.16,2.0
1447160489.7,2023-02-18,PORT04,V444_0,2,DTP,3,0,V555555_6,1700097,PLANT03,PORT09,274,0.6702072538860103,2.0
1447158132.7,2023-01-13,PORT04,V444_0,2,DTP,3,0,V55555_2,1660579,PLANT03,PORT09,370,9.039066599164297,2.0
1447152848.7,2023-01-07,PORT04,V444_0,2,DTP,0,0,V555555555_27,1668547,PLANT03,PORT09,311,0.12746289391322665,2.0
1447425230.7,2023-02-23,PORT04,V444_1,1,DTD,0,0,V5555555_22,1692949,PLANT03,PORT09,1629,6.487784686427584,1.0
1447410956.7,2023-05-17,PORT04,V444_0,2,DTP,0,0,V55555555_5,1689546,PLANT03,PORT09,396,10.493816246452216,2.0
1447409771.7,2023-02-11,PORT04,V444_0,2,DTP,0,0,V5555555_30,1674120,PLANT03,PORT09,777,38.08,2.0
1447403230.7,2023-03-31,PORT04,V444_0,2,DTP,0,0,V55555555_5,1663337,PLANT03,PORT09,345,8.1,2.0
1447402184.7,2023-07-06,PORT04,V444_1,1,DTD,0,0,V55555555555555_8,1689548,PLANT03,PORT09,393,12.17196814465325,1.0
1447385488.7,2023-03-02,PORT04,V444_0,2,DTP,0,0,V5555_33,1688288,PLANT03,PORT09,286,0.21320431603350354,2.0
1447378573.7,2023-07-20,PORT04,V444_1,1,DTD,5,0,V55555555555555_8,1688587,PLANT03,PORT09,313,3.648305157612521,1.0
1447365202.7,2023-03-30,PORT04,V444_1,2,DTD,5,0,V55555555555555_8,1657013,PLANT12,PORT09,416,28.999999999999996,2.0
1447334858.7,2023-11-10,PORT04,V444_0,2,DTP,0,0,V555555555555555_29,1689544,PLANT03,PORT09,317,5.363107886788752,2.0
1447320650.7,2023-08-12,PORT04,V44_3,0,CRF,3,0,V55555555_32,1699836,PLANT03,PORT09,9886,84.78,0.0
1447236709.7,2023-03-13,PORT04,V444_0,2,DTP,0,0,V555555_24,1672722,PLANT03,PORT09,536,20.06,2.0
1447227069.7,2023-05-04,PORT04,V444_0,2,DTP,3,0,V55555_4,1675654,PLANT03,PORT09,1310,9.451551614946169,2.0
1447211104.7,2023-06-04,PORT04,V444_0,2,DTP,3,0,V55555_2,1672347,PLANT08,PORT09,751,5.001012154349816,2.0
1447206541.7,2023-11-10,PORT04,V444_0,2,DTP,0,0,V555555555_14,1700097,PLANT03,PORT09,555,4.54,2.0
1447200719.7,2023-09-18,PORT04,V444_0,2,DTP,0,0,V55555555555_28,1685028,PLANT03,PORT09,10294,8.50954370406561,2.0
1447191822.7,2023-03-24,PORT04,V444_0,2,DTP,3,0,V55555555_5,1699952,PLANT03,PORT09,4290,137.5202360640832,2.0
1447182453.7,2023-11-18,PORT04,V44_3,4,CRF,0,0,V555555555555555_29,1699792,PLANT03,PORT09,15243,11.16270493710642,2.32
1447182452.7,2023-12-15,PORT04,V44_3,4,CRF,0,0,V555555555555555_29,1699574,PLANT03,PORT09,10372,17.656508325314896,3.48
1447182261.7,2023-07-24,PORT04,V444_0,2,DTP,0,0,V5555_33,1689547,PLANT03,PORT09,259,1.0078078062239357,2.0
1447179704.7,2023-02-15,PORT04,V444_0,2,DTP,3,0,V555555_6,1656350,PLANT03,PORT09,337,0.6684817487631558,2.0
1447179646.7,2023-08-07,PORT04,V444_0,2,DTP,0,0,V55555_26,1689145,PLANT03,PORT09,374,0.35769193612939737,2.0
1447154199.7,2023-01-24,PORT04,V444_1,1,DTD,5,0,V55555555555555_8,1688292,PLANT03,PORT09,393,15.440280187998074,1.0
1447146754.7,2023-03-21,PORT04,V444_0,2,DTP,5,0,V55555555_7,1687346,PLANT03,PORT09,298,1.0435688605180125,2.0
1447145090.7,2023-01-19,PORT04,V444_1,1,DTD,0,0,V5555555_22,1660673,PLANT03,PORT09,871,37.20108563509298,1.0
1447423195.7,2023-09-08,PORT04,V444_0,2,DTP,5,0,V55555555_7,1660585,PLANT03,PORT09,672,43.152203722642646,2.0
1447421280.7,2023-01-07,PORT04,V444_0,2,DTP,5,0,V55555555_7,1699268,PLANT03,PORT09,904,1.3266798494467595,2.0
1447394119.7,2023-09-02,PORT04,V444_0,2,DTP,3,0,V555555555_3,1690617,PLANT03,PORT09,408,10.41115981112546,2.0
1447373448.7,2023-03-26,PORT04,V44_3,2,CRF,3,0,V55555_2,1663347,PLANT03,PORT09,306,2.8012071778140286,2.0
1447360901.7,2023-10-11,PORT04,V444_1,1,DTD,0,0,V555555555555555555_45,1688629,PLANT03,PORT09,1247,81.68265533914048,1.0
1447356010.7,2023-10-14,PORT04,V444_0,2,DTP,0,0,V555555_24,1660885,PLANT03,PORT09,816,4.412651871324336,2.0
1447337778.7,2023-01-01,PORT09,V444_0,0,DTP,0,0,V55555_4,1692724,PLANT16,PORT09,358,0.6138857302484847,0.0
1447326503.7,2023-12-20,PORT04,V444_0,2,DTP,0,0,V5555_33,1683403,PLANT03,PORT09,286,1.0293211915673106,2.0
1447306617.7,2023-09-20,PORT04,V444_1,1,DTD,0,0,V5555555_22,1676565,PLANT03,PORT09,757,7.54,1.0
1447306538.7,2023-09-25,PORT04,V44_3,4,CRF,0,0,V555555555555555_29,1699540,PLANT03,PORT09,5033,8.615247600674085,3.32
1447304799.7,2023-09-29,PORT04,V44_3,2,CRF,3,0,V55555_2,1674853,PLANT03,PORT09,287,1.8332937685459934,2.0
1447304364.7,2023-10-19,PORT04,V444_0,2,DTP,0,0,V5555_33,1688571,PLANT03,PORT09,290,0.088089849351141,2.0
1447292291.7,2023-04-23,PORT04,V444_0,2,DTP,0,0,V5555_33,1682709,PLANT03,PORT09,258,1.5483612573088712,2.0
1447288282.7,2023-01-28,PORT04,V444_1,1,DTD,3,0,V5555555_19,1695349,PLANT03,PORT09,1305,8.868141546164148,1.0
1447261156.7,2023-03-23,PORT04,V44_3,2,CRF,3,0,V55555_2,1658532,PLANT03,PORT09,268,0.4096364809636482,2.0
1447219920.7,2023-02-08,PORT04,V444_0,2,DTP,3,0,V55555_2,1672091,PLANT03,PORT09,503,30.1,2.0
1447214534.7,2023-05-08,PORT04,V444_0,2,DTP,3,0,V555555_6,1685211,PLANT03,PORT09,459,3.712522407170295,2.0
1447200584.7,2023-03-30,PORT04,V444_0,2,DTP,5,0,V55555555_7,1689548,PLANT03,PORT09,546,17.683472429348853,2.0
1447188561.7,2023-09-10,PORT04,V444_0,2,DTP,5,0,V55555555_7,1689547,PLANT03,PORT09,545,21.595881561941482,2.0
1447165169.7,2023-06-28,PORT04,V444_0,2,DTP,0,0,V5555_33,1675810,PLANT12,PORT09,337,4.49047272696712,2.0
1447162473.7,2023-11-03,PORT04,V444_1,1,DTD,3,0,V5555555_19,1689146,PLANT03,PORT09,8280,12.072247422680402,1.0
1447145120.7,2023-07-25,PORT04,V444_1,1,DTD,0,0,V5555555_22,1675655,PLANT03,PORT09,731,4.544426481286878,1.0
1447140283.7,2023-02-13,PORT04,V444_0,2,DTP,3,0,V55555_2,1680210,PLANT03,PORT09,312,0.019798238057956455,2.0
1447411615.7,2023-07-27,PORT04,V444_0,2,DTP,3,0,V55555555_0,1651302,PLANT03,PORT09,1264,4.12,2.0
1447411050.7,2023-05-18,PORT04,V444_0,2,DTP,3,0,V55555_4,1675654,PLANT03,PORT09,2318,16.12,2.0
1447407858.7,2023-12-25,PORT04,V44_3,0,CRF,3,0,V55555555_32,1699539,PLANT03,PORT09,2055,5.811487022692914,0.0
1447399908.7,2023-04-12,PORT04,V44_3,0,CRF,3,0,V55555555_32,1699574,PLANT03,PORT09,28796,48.19344025505887,0.0
1447399811.7,2023-11-20,PORT04,V444_0,2,DTP,0,0,V55_13,1672986,PLANT08,PORT09,777,3.042107920985247,2.0
1447373523.7,2023-08-16,PORT04,V444_0,2,DTP,3,0,V55555_2,1677889,PLANT03,PORT09,1277,4.0,2.0
1447362782.7,2023-12-21,PORT04,V444_0,2,DTP,3,0,V555555_6,1695345,PLANT03,PORT09,1270,3.7719154386789415,2.0
1447353038.7,2023-04-02,PORT04,V444_0,2,DTP,0,0,V5555555_30,1660885,PLANT03,PORT09,3291,21.68,2.0
1447342347.7,2023-11-30,PORT04,V444_1,1,DTD,0,0,V555555555555555555_45,1700362,PLANT03,PORT09,241,0.5182362111652548,1.0
1447327240.7,2023-09-17,PORT04,V444_0,2,DTP,0,0,V555555555555555_29,1688589,PLANT03,PORT09,345,4.567551104150948,2.0
1447326452.7,2023-12-14,PORT04,V444_1,1,DTD,5,0,V55555555555555_8,1689541,PLANT03,PORT09,353,13.585650446871886,1.0
1447305225.7,2023-03-30,PORT04,V44_3,2,CRF,3,0,V55555_2,1672085,PLANT03,PORT09,324,6.800000000000001,2.0
1447264670.7,2023-11-22,PORT04,V444_1,1,DTD,0,0,V5555555_22,1699799,PLANT03,PORT09,2771,2.0957958942676056,1.0
1447247167.7,2023-05-02,PORT04,V444_1,1,DTD,0,0,V5555555_22,1683203,PLANT03,PORT09,763,10.734142557269324,1.0
1447230393.7,2023-10-12,PORT04,V444_0,2,DTP,0,0,V5555555_30,1675655,PLANT03,PORT09,829,4.48,2.0
1447215352.7,2023-10-31,PORT04,V444_0,2,DTP,0,0,V555555_24,1688633,PLANT03,PORT09,328,4.175293835540019,2.0
1447214781.7,2023-11-06,PORT04,V444_1,2,DTD,0,0,V55555_10,1681688,PLANT12,PORT09,299,5.547864932272486,2.0
1447206048.7,2023-12-26,PORT04,V444_0,2,DTP,0,0,V555555_24,1678648,PLANT03,PORT09,421,1.4629700940594061,2.0
1447195287.7,2023-12-13,PORT04,V444_0,2,DTP,3,0,V55555555_5,1669740,PLANT13,PORT09,289,122.52906454558426,2.0
1447187003.7,2023-06-27,PORT04,V444_0,2,DTP,0,0,V55_13,1684703,PLANT03,PORT09,256,0.22656232227167428,2.0
1447185420.7,2023-05-10,PORT04,V444_1,1,DTD,5,0,V55555555555555_8,1690628,PLANT03,PORT09,269,0.6924017705672101,1.0
1447185060.7,2023-04-09,PORT04,V444_0,2,DTP,3,0,V555555555_3,1689460,PLANT12,PORT09,352,14.0,2.0
1447156639.7,2023-07-26,PORT04,V444_0,2,DTP,3,0,V555555_6,1651299,PLANT03,PORT09,554,0.7909959701004327,2.0
1447154919.7,2023-12-15,PORT04,V444_1,1,DTD,3,0,V5555_20,1699946,PLANT03,PORT09,487,5.103073629055895,1.0
1447145222.7,2023-07-22,PORT04,V444_1,1,DTD,0,0,V5555555_22,1668344,PLANT03,PORT09,329,6.4635814889336025,1.0
1447137210.7,2023-01-04,PORT04,V444_0,2,DTP,0,0,V55_13,1672670,PLANT03,PORT09,600,5.3223265375853925,2.0
1447137142.7,2023-01-22,PORT04,V444_1,1,DTD,3,0,V5555555_19,1654766,PLANT03,PORT09,3133,45.58,1.0
1447406525.7,2023-08-20,PORT04,V444_0,2,DTP,5,0,V55555555_7,1668547,PLANT03,PORT09,372,0.3186572347830666,2.0
1447401849.7,2023-12-06,PORT04,V44_3,2,CRF,3,0,V55555_2,1658528,PLANT03,PORT09,353,0.28663686947003547,2.0
1447389087.7,2023-02-06,PORT04,V444_0,2,DTP,3,0,V5555555_22,1683200,PLANT03,PORT09,632,8.0,2.0
1447388153.7,2023-02-15,PORT04,V444_0,2,DTP,0,0,V555555555555555_29,1689544,PLANT03,PORT09,371,11.726215773577504,2.0
1447383138.7,2023-04-28,PORT04,V444_1,1,DTD,0,0,V555555555555555555_45,1682805,PLANT03,PORT09,630,26.774492439869725,1.0
1447375003.7,2023-11-30,PORT04,V444_0,2,DTP,0,0,V555555555_14,1691700,PLANT08,PORT09,4163,22.85986929883893,2.0
1447356161.7,2023-01-18,PORT04,V444_0,2,DTP,0,0,V555555555555555_29,1682802,PLANT03,PORT09,299,3.824308669118026,2.0
1447354864.7,2023-03-11,PORT04,V444_0,2,DTP,3,0,V5555555_12,1701972,PLANT03,PORT09,350,1.7569230769230768,2.0
1447343577.7,2023-05-21,PORT04,V444_0,2,DTP,0,0,V555555555_27,1662552,PLANT03,PORT09,453,0.9448730296470772,2.0
1447335260.7,2023-07-12,PORT04,V444_0,2,DTP,3,0,V55555555_5,1686657,PLANT12,PORT09,281,0.6797843665768193,2.0
1447327250.7,2023-09-08,PORT04,V444_0,2,DTP,0,0,V555555555555555_29,1688575,PLANT03,PORT09,351,4.521704643092323,2.0
1447302729.7,2023-02-12,PORT04,V444_0,2,DTP,0,0,V55555_26,1662551,PLANT03,PORT09,2285,3.7980487804878047,2.0
1447292068.7,2023-12-12,PORT04,V444_0,2,DTP,0,0,V5555_33,1688633,PLANT03,PORT09,336,0.37113722982577946,2.0
1447283667.7,2023-05-16,PORT04,V444_0,2,DTP,0,0,V55555_26,1660885,PLANT03,PORT09,507,1.7650607485297343,2.0
1447282078.7,2023-08-06,PORT04,V444_0,2,DTP,0,0,V5555_33,1689546,PLANT03,PORT09,300,0.3065017665720591,2.0
1447281182.7,2023-08-28,PORT04,V444_1,1,DTD,5,0,V55555555555555_8,1688285,PLANT03,PORT09,270,1.5634928931006948,1.0
1447275664.7,2023-05-30,PORT04,V444_0,2,DTP,3,0,V555555_6,1697306,PLANT03,PORT09,2293,1.5252257639875235,2.0
1447258792.7,2023-09-06,PORT04,V444_0,2,DTP,3,0,V555555_6,1660578,PLANT03,PORT09,618,29.08,2.0
1447250244.7,2023-07-17,PORT04,V444_0,2,DTP,0,0,V555555555_14,1677878,PLANT03,PORT09,8322,26.92,2.0
1447245306.7,2023-08-19,PORT04,V444_1,1,DTD,5,0,V55555555555555_8,1690621,PLANT03,PORT09,282,2.2892323823587595,1.0
1447236744.7,2023-10-07,PORT04,V444_0,2,DTP,3,0,V55555_2,1682757,PLANT03,PORT09,319,5.846719096308295,2.0
1447234870.7,2023-10-15,PORT04,V444_0,2,DTP,3,0,V5555555_22,1683199,PLANT03,PORT09,1124,16.249592659338717,2.0
1447221454.7,2023-01-28,PORT04,V444_0,2,DTP,3,0,V55555555_5,1689461,PLANT12,PORT09,311,2.0,2.0
1447220210.7,2023-09-16,PORT04,V444_0,2,DTP,0,3,V555555555_27,1699952,PLANT03,PORT09,251,0.11064017704806241,2.0
1447206412.7,2023-03-26,PORT04,V444_0,2,DTP,0,0,V5555_33,1688575,PLANT03,PORT09,328,0.5426045571710788,2.0
1447206404.7,2023-08-06,PORT04,V444_0,2,DTP,0,0,V55555_26,1699952,PLANT03,PORT09,420,6.8228109179638485,2.0
1447204424.7,2023-07-22,PORT04,V444_0,2,DTP,3,1,V555_15,1689145,PLANT03,PORT09,437,0.4471149201617467,2.0
1447200578.7,2023-02-16,PORT04,V444_0,2,DTP,5,0,V55555555_7,1672085,PLANT03,PORT09,273,3.40036155269178,2.0
1447187886.7,2023-08-31,PORT04,V444_0,2,DTP,0,0,V5555_33,1689543,PLANT03,PORT09,245,0.2450573565688278,2.0
1447185728.7,2023-05-14,PORT04,V444_0,2,DTP,0,0,V5555555_30,1666295,PLANT03,PORT09,1241,9.64,2.0
1447171064.7,2023-04-04,PORT04,V444_1,1,DTD,5,0,V55555555555555_8,1689547,PLANT03,PORT09,1052,62.58901749851062,1.0
1447146664.7,2023-07-12,PORT04,V444_0,2,DTP,0,0,V55555_26,1664051,PLANT03,PORT09,5658,59.304084416968664,2.0
1447146566.7,2023-04-29,PORT04,V444_0,2,DTP,5,0,V55555555_7,1668094,PLANT03,PORT09,309,6.52,2.0
1447423189.7,2023-02-28,PORT04,V444_0,2,DTP,5,0,V55555555_7,1675615,PLANT03,PORT09,916,5.661036673461718,2.0
1447403385.7,2023-01-15,PORT04,V444_0,2,DTP,5,0,V55555555_7,1683432,PLANT03,PORT09,287,1.0834128336273041,2.0
1447366428.7,2023-01-18,PORT04,V44_3,0,CRF,3,0,V55555555_32,1699567,PLANT03,PORT09,2822,2.054532045599119,0.0
1447335480.7,2023-12-23,PORT04,V444_0,2,DTP,3,0,V555555555_3,1682832,PLANT03,PORT09,427,8.903225183661748,2.0
1447323801.7,2023-01-31,PORT04,V444_0,2,DTP,3,0,V55555_4,1683200,PLANT03,PORT09,370,2.464867724867724,2.0
1447313847.7,2023-11-22,PORT04,V444_1,1,DTD,3,0,V5555_20,1683558,PLANT03,PORT09,1318,6.4,1.0
1447310035.7,2023-09-21,PORT04,V444_1,1,DTD,1,0,V555555555555555555_17,1668550,PLANT03,PORT09,458,2.411789518076588,1.0
1447306748.7,2023-01-13,PORT04,V444_0,2,DTP,3,0,V55555555_5,1697072,PLANT03,PORT09,1290,6.182127711319522,2.0
1447306540.7,2023-04-29,PORT04,V44_3,4,CRF,0,0,V555555555555555_29,1699561,PLANT03,PORT09,5308,4.358186079531249,3.68
1447304639.7,2023-07-10,PORT04,V444_0,2,DTP,0,0,V55555555555_28,1700140,PLANT03,PORT09,22633,15.722900675299902,2.0
1447283649.7,2023-10-17,PORT04,V444_0,2,DTP,0,0,V55555_26,1669409,PLANT03,PORT09,435,1.5053376496273434,2.0
1447281276.7,2023-02-25,PORT04,V444_0,2,DTP,3,1,V555_15,1650905,PLANT03,PORT09,613,6.436571428571427,2.0
1447269664.7,2023-10-24,PORT04,V444_1,1,DTD,5,0,V55555555555555_8,1688589,PLANT03,PORT09,365,9.135102208301896,1.0
1447258766.7,2023-06-26,PORT04,V444_0,2,DTP,3,0,V555555_6,1656350,PLANT03,PORT09,401,5.347853990105246,2.0
1447241614.7,2023-09-29,PORT04,V444_0,2,DTP,5,0,V55555555_7,1683203,PLANT03,PORT09,471,4.078974171762344,2.0
1447238821.7,2023-05-20,PORT04,V444_0,2,DTP,3,0,V55555_2,1689033,PLANT03,PORT09,679,8.1,2.0
1447222737.7,2023-03-09,PORT04,V444_0,2,DTP,0,0,V55_13,1696754,PLANT03,PORT09,410,7.205068560151725,2.0
1447210178.7,2023-12-09,PORT04,V444_0,2,DTP,0,0,V555555555_14,1696747,PLANT03,PORT09,577,14.709814631460953,2.0
1447188634.7,2023-09-20,PORT04,V444_1,1,DTD,5,0,V55555555555555_8,1688589,PLANT03,PORT09,427,9.135102208301896,1.0
1447182479.7,2023-04-01,PORT04,V44_3,4,CRF,0,0,V555555555555555_29,1699555,PLANT03,PORT09,674,1.4554903605602114,3.76
1447171216.7,2023-11-11,PORT04,V444_0,2,DTP,5,0,V55555555_7,1682739,PLANT03,PORT09,417,12.346513075965133,2.0
1447165539.7,2023-02-21,PORT04,V444_0,2,DTP,3,0,V555555_6,1689546,PLANT03,PORT09,368,3.8312720821507384,2.0
1447421281.7,2023-05-09,PORT04,V444_0,2,DTP,5,0,V55555555_7,1699570,PLANT03,PORT09,5272,5.875703099512195,2.0
1447418503.7,2023-08-20,PORT04,V444_0,2,DTP,3,0,V55555_2,1668607,PLANT03,PORT09,404,4.058661778185151,2.0
1447394353.7,2023-09-13,PORT04,V444_1,1,DTD,5,0,V55555555555555_8,1700366,PLANT03,PORT09,321,0.28994706708436857,1.0
1447373449.7,2023-07-31,PORT04,V444_0,2,DTP,3,0,V55555_2,1672091,PLANT03,PORT09,393,13.08,2.0
1447373420.7,2023-11-16,PORT04,V44_3,2,CRF,3,0,V55555_2,1668612,PLANT03,PORT09,313,0.3722748815165877,2.0
1447339238.7,2023-12-27,PORT04,V444_0,2,DTP,0,0,V555555555_27,1689147,PLANT03,PORT09,310,0.1694594118424337,2.0
1447337708.7,2023-08-21,PORT04,V444_0,2,DTP,0,0,V555555555_14,1696746,PLANT03,PORT09,909,24.516590306502327,2.0
1447329678.7,2023-03-21,PORT04,V444_0,2,DTP,0,3,V555555555_27,1676942,PLANT03,PORT09,6300,9.02,2.0
1447303432.7,2023-08-18,PORT04,V444_0,2,DTP,0,0,V555555555_14,1668550,PLANT03,PORT09,2250,34.15719357435451,2.0
1447299262.7,2023-07-04,PORT04,V444_0,3,DTP,0,0,V55555555_5,1684862,PLANT03,PORT09,5523,7.379915939859431,2.62
1447296140.7,2023-04-18,PORT04,V444_0,2,DTP,3,0,V55555_2,1667817,PLANT03,PORT09,2453,32.68,2.0
1447293767.7,2023-07-01,PORT04,V444_0,2,DTP,3,0,V55555_4,1662395,PLANT03,PORT09,312,0.40410308137187023,2.0
1447281395.7,2023-05-04,PORT04,V444_0,2,DTP,3,0,V5555555_12,1687661,PLANT03,PORT09,387,2.4800000000000004,2.0
1447261788.7,2023-03-24,PORT04,V444_1,1,DTD,5,0,V55555555555555_8,1676565,PLANT03,PORT09,277,0.4081528057895363,1.0
1447237672.7,2023-07-07,PORT04,V444_0,2,DTP,0,0,V55555555555_28,1678000,PLANT03,PORT09,20331,10.169657785745683,2.0
1447229273.7,2023-11-15,PORT04,V444_0,2,DTP,0,0,V55555555_5,1652883,PLANT13,PORT09,581,120.55468786748337,2.0
1447216655.7,2023-07-19,PORT04,V444_0,2,DTP,3,0,V55555_2,1676853,PLANT03,PORT09,608,0.9245689064341905,2.0
1447214236.7,2023-05-24,PORT04,V444_0,2,DTP,0,0,V555555555555555_29,1688589,PLANT03,PORT09,312,4.567551104150948,2.0
1447212843.7,2023-07-26,PORT04,V444_1,1,DTD,5,0,V55555555555555_8,1689547,PLANT03,PORT09,393,7.198627187313828,1.0
1447204333.7,2023-07-14,PORT04,V444_0,2,DTP,5,0,V55555555_7,1668545,PLANT03,PORT09,522,2.261081917262393,2.0
1447194511.7,2023-10-10,PORT04,V444_1,1,DTD,5,0,V55555555555555_8,1700382,PLANT03,PORT09,338,7.9399999999999995,1.0
1447192336.7,2023-01-20,PORT04,V444_0,2,DTP,0,0,V55555_26,1663341,PLANT03,PORT09,302,2.4326612903225806,2.0
1447192252.7,2023-03-24,PORT04,V444_0,2,DTP,5,0,V55555555_7,1683409,PLANT03,PORT09,254,1.1258935444295415,2.0
1447182260.7,2023-04-11,PORT04,V444_0,2,DTP,0,0,V5555_33,1689543,PLANT03,PORT09,245,0.9802294262753112,2.0
1447152747.7,2023-08-04,PORT04,V444_0,2,DTP,0,0,V555555_34,1682829,PLANT03,PORT09,1262,83.55236773785127,2.0
1447406922.7,2023-09-03,PORT04,V444_0,2,DTP,0,0,V555555_24,1660885,PLANT03,PORT09,612,2.6475911227946014,2.0
1447404682.7,2023-02-13,PORT04,V444_0,2,DTP,0,0,V5555_33,1688288,PLANT03,PORT09,325,0.21320431603350354,2.0
1447389200.7,2023-08-09,PORT04,V444_0,2,DTD,0,0,V555_41,1692333,PLANT03,PORT09,16747,4.487117953314343,2.0
1447386861.7,2023-12-13,PORT04,V444_0,2,DTP,0,0,V5555_33,1688290,PLANT03,PORT09,274,0.7960298758576363,2.0
1447373521.7,2023-04-10,PORT04,V44_3,2,CRF,3,0,V55555_2,1672091,PLANT03,PORT09,389,11.492722835624562,2.0
1447371293.7,2023-04-12,PORT04,V444_0,2,DTP,0,0,V55555555555_28,1667927,PLANT03,PORT09,3765,1.8936849476068045,2.0
1447360903.7,2023-08-11,PORT04,V444_1,1,DTD,0,0,V555555555555555555_45,1689548,PLANT03,PORT09,3309,212.439362893065,1.0
1447357421.7,2023-05-31,PORT04,V444_0,2,DTP,3,0,V5555555_22,1697872,PLANT03,PORT09,312,1.1358673112908946,2.0
1447340567.7,2023-07-13,PORT04,V444_0,2,DTP,3,0,V55555555_5,1671247,PLANT12,PORT09,327,3.335848687410123,2.0
1447339228.7,2023-08-10,PORT04,V444_0,2,DTP,0,0,V555555555555555_29,1682769,PLANT03,PORT09,297,1.8410715634611585,2.0
1447335482.7,2023-02-21,PORT04,V444_0,2,DTP,3,0,V555555555_3,1689547,PLANT03,PORT09,641,29.79450874925531,2.0
1447316664.7,2023-08-16,PORT04,V444_0,2,DTP,3,0,V555555_6,1697072,PLANT03,PORT09,1320,6.182127711319522,2.0
1447310459.7,2023-11-17,PORT04,V444_1,1,DTD,0,0,V5555555_22,1672661,PLANT03,PORT09,597,7.043188639711519,1.0
1447288536.7,2023-05-09,PORT04,V444_0,2,DTP,0,0,V555555555555555_29,1688571,PLANT03,PORT09,310,4.40449246755705,2.0
1447283715.7,2023-07-16,PORT04,V444_0,2,DTP,3,0,V55555_2,1700094,PLANT03,PORT09,312,2.32,2.0
1447281295.7,2023-12-05,PORT04,V444_0,2,DTP,0,0,V55555555555_28,1685028,PLANT03,PORT09,2819,2.1273859260164025,2.0
1447273218.7,2023-06-22,PORT04,V444_0,2,DTP,3,0,V55555_4,1650568,PLANT03,PORT09,1274,4.94,2.0
1447269825.7,2023-02-22,PORT04,V444_1,1,DTD,5,0,V55555555555555_8,1690621,PLANT03,PORT09,333,2.2892323823587595,1.0
1447258859.7,2023-09-25,PORT04,V444_0,2,DTP,0,0,V5555_33,1682754,PLANT03,PORT09,305,0.3807607361963191,2.0
1447243631.7,2023-06-26,PORT04,V444_0,2,DTP,0,0,V5555_36,1671834,PLANT03,PORT09,6310,11.7067758009036,2.0
1447227190.7,2023-12-20,PORT04,V444_0,2,DTP,0,0,V5555_33,1688610,PLANT03,PORT09,317,0.6193992621775297,2.0
1447205061.7,2023-08-20,PORT04,V444_0,2,DTP,0,0,V55555555555_28,1666524,PLANT03,PORT09,40278,21.0779673466248,2.0
1447200813.7,2023-02-18,PORT04,V444_1,1,DTD,0,0,V555555555555555555_45,1683432,PLANT03,PORT09,389,4.720584489376111,1.0
1447196813.7,2023-10-18,PORT04,V444_0,2,DTP,0,0,V55_13,1672670,PLANT03,PORT09,327,1.6778859932048864,2.0
1447189606.7,2023-05-06,PORT04,V444_1,1,DTD,5,0,V55555555555555_8,1689541,PLANT03,PORT09,446,30.499999999999996,1.0
1447182466.7,2023-01-29,PORT04,V44_3,4,CRF,0,0,V555555555555555_29,1699525,PLANT03,PORT09,6697,25.6,3.08
1447182384.7,2023-04-23,PORT04,V44_3,0,CRF,3,0,V55555555_32,1699573,PLANT03,PORT09,119525,409.62,0.0
1447172947.7,2023-12-26,PORT04,V444_0,2,DTP,0,0,V555555555_14,1656839,PLANT03,PORT09,492,2.84,2.0
1447172432.7,2023-05-27,PORT04,V444_0,2,DTP,3,0,V55555_2,1651302,PLANT03,PORT09,385,0.6639604398848624,2.0
1447168264.7,2023-11-16,PORT04,V444_0,2,DTP,3,0,V55555555_5,1689788,PLANT03,PORT09,350,1.276195801405549,2.0
1447165168.7,2023-11-14,PORT04,V444_0,2,DTP,0,0,V5555_33,1674635,PLANT12,PORT09,443,25.16313024921999,2.0
1447156548.7,2023-12-22,PORT04,V444_0,2,DTP,3,0,V555555_6,1672664,PLANT03,PORT09,249,0.06390948993491752,2.0
1447146801.7,2023-09-08,PORT04,V444_0,2,DTP,3,1,V555_15,1651298,PLANT03,PORT09,2327,4.596727272727272,2.0
1447144798.7,2023-03-12,PORT04,V444_1,1,DTD,3,0,V5555555_19,1689145,PLANT03,PORT09,2286,6.12,1.0
1447400257.7,2023-01-02,PORT04,V444_0,2,DTP,0,0,V55555555555_28,1700143,PLANT03,PORT09,19925,17.937377065267924,2.0
1447373516.7,2023-04-21,PORT04,V44_3,2,CRF,3,0,V55555_2,1674853,PLANT03,PORT09,344,3.841186943620176,2.0
1447373164.7,2023-06-23,PORT04,V444_0,2,DTP,3,0,V555555555_3,1691544,PLANT03,PORT09,455,9.11922497429553,2.0
1447369913.7,2023-02-27,PORT04,V444_0,2,DTP,0,0,V555555555_27,1655723,PLANT03,PORT09,400,5.302120825016615,2.0
1447348990.7,2023-08-12,PORT04,V444_0,2,DTP,3,0,V55555555_5,1690627,PLANT03,PORT09,364,1.9209192745839037,2.0
1447342391.7,2023-06-14,PORT04,V444_0,2,DTP,0,0,V5555_33,1683405,PLANT03,PORT09,307,0.16373684210526318,2.0
1447326457.7,2023-11-12,PORT04,V444_1,1,DTD,5,0,V55555555555555_8,1690619,PLANT03,PORT09,261,0.1607541758836782,1.0
1447317155.7,2023-06-15,PORT04,V444_0,2,DTP,3,0,V55555_2,1651126,PLANT03,PORT09,357,4.72,2.0
1447302712.7,2023-10-12,PORT04,V444_0,2,DTP,0,0,V55555555555_28,1676592,PLANT03,PORT09,17734,9.12,2.0
1447280067.7,2023-11-25,PORT04,V444_0,2,DTP,0,0,V5555_33,1689547,PLANT03,PORT09,283,0.5758901749851062,2.0
1447214934.7,2023-05-18,PORT04,V444_0,2,DTP,3,0,V555555_6,1699952,PLANT03,PORT09,2531,87.79997089753414,2.0
1447208889.7,2023-10-01,PORT04,V444_0,2,DTP,0,0,V55_13,1682784,PLANT03,PORT09,358,8.912858763235716,2.0
1447199010.7,2023-05-19,PORT04,V444_0,2,DTP,3,0,V55555555_0,1689012,PLANT03,PORT09,367,0.2996800034257369,2.0
1447198883.7,2023-02-12,PORT04,V444_0,2,DTP,3,0,V555555_6,1655373,PLANT03,PORT09,301,0.7865275648084368,2.0
1447180634.7,2023-05-06,PORT04,V444_1,1,DTD,0,0,V55555555555555_8,1660668,PLANT03,PORT09,302,0.29539901564743887,1.0
1447162850.7,2023-03-18,PORT04,V444_0,2,DTP,0,0,V55555555555_28,1686463,PLANT03,PORT09,1761,2.709907546178714,2.0
1447159333.7,2023-12-20,PORT04,V444_0,2,DTP,3,0,V555555555_3,1691544,PLANT03,PORT09,332,1.215896663239404,2.0
1447146621.7,2023-11-08,PORT04,V444_0,2,DTP,5,0,V55555555_7,1668094,PLANT03,PORT09,417,12.76,2.0
1447141980.7,2023-03-05,PORT04,V444_0,2,DTP,0,0,V555555_24,1666954,PLANT03,PORT09,694,5.16,2.0
1447418330.7,2023-04-23,PORT04,V444_0,2,DTP,5,0,V55555555_7,1687346,PLANT03,PORT09,481,4.549960231858535,2.0
1447405969.7,2023-11-30,PORT04,V444_1,1,DTD,0,0,V5555555_22,1660677,PLANT03,PORT09,788,33.120100988626604,1.0
1447389084.7,2023-04-04,PORT04,V444_0,2,DTP,3,0,V5555555_22,1683200,PLANT03,PORT09,403,1.7972993827160488,2.0
1447361991.7,2023-08-21,PORT04,V444_0,2,DTP,0,0,V55555_26,1675655,PLANT03,PORT09,753,4.52,2.0
1447323871.7,2023-02-13,PORT04,V444_0,2,DTP,0,0,V555555555_27,1690006,PLANT03,PORT09,803,6.015413552457033,2.0
1447320210.7,2023-11-24,PORT04,V444_0,2,DTP,0,0,V5555_33,1689544,PLANT03,PORT09,269,0.8580972618862004,2.0
1447313934.7,2023-05-08,PORT04,V444_0,2,DTP,0,0,V555555555_27,1655818,PLANT03,PORT09,446,0.6438622535387958,2.0
1447306512.7,2023-08-12,PORT04,V444_0,2,DTP,0,0,V55555555555_28,1667927,PLANT03,PORT09,14267,7.574739790427218,2.0
1447302709.7,2023-02-27,PORT04,V444_0,2,DTP,0,0,V5555555_30,1674120,PLANT03,PORT09,801,37.51273677335075,2.0
1447288659.7,2023-11-10,PORT04,V444_0,2,DTP,0,0,V5555555_30,1660579,PLANT03,PORT09,795,41.19533299582149,2.0
1447251019.7,2023-10-28,PORT04,V444_0,2,DTP,3,0,V55555_4,1650568,PLANT03,PORT09,804,3.34,2.0
1447232400.7,2023-05-18,PORT04,V444_0,2,DTP,0,0,V55_13,1663396,PLANT03,PORT09,376,5.362787444188279,2.0
1447232399.7,2023-01-20,PORT04,V444_0,2,DTP,0,0,V55_13,1663396,PLANT03,PORT09,344,2.705550422293186,2.0
1447232284.7,2023-08-21,PORT04,V444_0,2,DTP,3,0,V55555555_5,1700140,PLANT03,PORT09,56317,37.30725168824976,2.05
1447208912.7,2023-11-02,PORT04,V444_1,1,DTD,5,0,V55555555555555_8,1689551,PLANT03,PORT09,354,2.0898027358912943,1.0
1447208418.7,2023-11-12,PORT04,V444_0,2,DTP,0,0,V55555555_5,1671942,PLANT03,PORT09,444,25.1,2.0
1447205222.7,2023-11-17,PORT04,V444_0,2,DTP,3,0,V55555_4,1650571,PLANT03,PORT09,295,0.04562788408459863,2.0
1447204349.7,2023-05-25,PORT04,V444_0,2,DTP,3,0,V55555_2,1668547,PLANT03,PORT09,591,2.1509363347857,2.0
1447180538.7,2023-05-13,PORT04,V444_0,2,DTP,3,0,V555555_6,1656944,PLANT12,PORT09,251,1.9,2.0
1447175182.7,2023-02-24,PORT04,V444_0,2,DTP,0,0,V55555_26,1645070,PLANT03,PORT09,335,1.1793099547826098,2.0
1447172386.7,2023-08-28,PORT04,V444_0,2,DTP,3,0,V55555_2,1689032,PLANT03,PORT09,497,4.12,2.0
1447171209.7,2023-07-09,PORT04,V444_0,2,DTP,5,0,V55555555_7,1646909,PLANT03,PORT09,331,0.0659795029041304,2.0
1447159331.7,2023-04-20,PORT04,V444_0,2,DTP,3,0,V555555555_3,1689548,PLANT03,PORT09,1296,69.47978763102167,2.0
1447152865.7,2023-12-23,PORT04,V444_1,1,DTD,0,0,V5555555555555_16,1682802,PLANT03,PORT09,334,0.3059446935294421,1.0
1447148608.7,2023-03-27,PORT04,V444_1,2,DTD,3,0,V55555555_9,1677229,PLANT12,PORT09,245,3.9000000000000004,2.0
1447145117.7,2023-03-11,PORT04,V444_1,1,DTD,0,0,V5555555_22,1644308,PLANT03,PORT09,490,9.456745160015458,1.0
1447144880.7,2023-08-04,PORT04,V444_1,1,DTD,5,0,V55555555555555_8,1688575,PLANT03,PORT09,470,14.56511392927697,1.0
1447137163.7,2023-12-25,PORT04,V444_0,2,DTP,3,0,V55555555_5,1696074,PLANT03,PORT09,353,0.8879148421617342,2.0
1447125805.7,2023-04-16,PORT04,V444_0,2,DTP,0,0,V55555555_5,1660583,PLANT03,PORT09,262,0.5944760908848614,2.0
1447418493.7,2023-06-22,PORT04,V444_0,2,DTP,5,0,V55555555_7,1669409,PLANT03,PORT09,2395,16.66,2.0
1447406366.7,2023-06-14,PORT04,V444_0,2,DTP,3,0,V55555555_5,1692109,PLANT03,PORT09,683,2.733940674684648,2.0
1447405790.7,2023-07-01,PORT04,V444_1,1,DTD,0,0,V5555555_22,1692984,PLANT03,PORT09,967,9.673002406270658,1.0
1447402083.7,2023-07-23,PORT04,V444_0,2,DTP,0,0,V555555555_14,1700097,PLANT03,PORT09,501,3.6799999999999997,2.0
1447385487.7,2023-07-09,PORT04,V444_0,2,DTP,0,0,V5555_33,1688589,PLANT03,PORT09,334,0.9135102208301897,2.0
1447374140.7,2023-01-18,PORT04,V444_0,2,DTP,0,0,V55555555555_28,1666443,PLANT03,PORT09,3269,2.3634927588443113,2.0
1447371709.7,2023-05-10,PORT04,V444_1,1,DTD,5,0,V55555555555555_8,1688610,PLANT03,PORT09,648,37.6415527793619,1.0
1447367968.7,2023-06-18,PORT04,V444_0,2,DTP,0,0,V55555_26,1660885,PLANT03,PORT09,923,5.06,2.0
1447364748.7,2023-03-15,PORT04,V44_3,0,CRF,3,0,V55555555_32,1699583,PLANT03,PORT09,3650,11.94,0.0
1447354716.7,2023-05-27,PORT04,V444_0,2,DTP,0,0,V5555555_30,1687346,PLANT03,PORT09,442,4.17427544207205,2.0
1447351878.7,2023-06-19,PORT04,V444_0,2,DTP,0,0,V55_13,1696757,PLANT03,PORT09,351,3.9191122753012992,2.0
1447312468.7,2023-10-02,PORT04,V44_3,2,CRF,3,0,V55555_2,1674853,PLANT03,PORT09,280,0.08729970326409492,2.0
1447306567.7,2023-12-06,PORT04,V44_3,4,CRF,0,0,V555555555555555_29,1699564,PLANT03,PORT09,14988,13.39789671655012,3.2
1447283238.7,2023-11-25,PORT04,V444_0,2,DTP,3,0,V55555_2,1689785,PLANT03,PORT09,245,0.818904958492704,2.0
1447281294.7,2023-10-21,PORT04,V444_0,2,DTP,0,0,V55555555555_28,1682210,PLANT03,PORT09,62761,47.01512792988429,2.0
1447275699.7,2023-11-17,PORT04,V444_0,2,DTP,0,0,V555555555_14,1697230,PLANT03,PORT09,339,2.0897575035146696,2.0
1447269732.7,2023-03-03,PORT04,V444_1,1,DTD,5,0,V55555555555555_8,1688633,PLANT03,PORT09,388,9.278430745644487,1.0
1447265545.7,2023-11-28,PORT04,V444_0,2,DTP,5,0,V55555555_7,1668547,PLANT03,PORT09,286,0.1593286173915333,2.0
1447241512.7,2023-05-24,PORT04,V44_3,2,CRF,3,0,V55555_2,1672034,PLANT03,PORT09,308,1.114933596901662,2.0
1447233205.7,2023-03-17,PORT04,V444_0,3,DTP,0,0,V55555555_5,1684862,PLANT03,PORT09,167075,201.0,2.97
1447223638.7,2023-09-06,PORT04,V444_1,1,DTD,0,0,V5555555_22,1683636,PLANT03,PORT09,273,0.7468191579717708,1.0
1447220739.7,2023-09-12,PORT04,V444_0,2,DTP,0,0,V5555_33,1672676,PLANT03,PORT09,333,1.9142406394615066,2.0
1447209587.7,2023-01-07,PORT04,V444_1,1,DTD,5,0,V55555555555555_8,1688633,PLANT03,PORT09,344,9.278430745644487,1.0
1447208878.7,2023-08-27,PORT04,V444_0,2,DTP,3,0,V555555_6,1655723,PLANT03,PORT09,279,0.1060424165003323,2.0
1447200761.7,2023-09-18,PORT04,V444_0,2,DTP,0,0,V55555555_5,1686758,PLANT03,PORT09,2237,24.24,2.0
1447191439.7,2023-03-18,PORT04,V444_0,2,DTP,3,0,V55555_4,1668492,PLANT03,PORT09,679,7.676666666666666,2.0
1447182464.7,2023-04-22,PORT04,V44_3,4,CRF,0,0,V555555555555555_29,1699220,PLANT03,PORT09,1931,0.075121356,3.16
1447171026.7,2023-02-24,PORT04,V444_0,2,DTP,5,0,V55555555_7,1687354,PLANT12,PORT09,336,6.1,2.0
1447149382.7,2023-11-12,PORT04,V444_0,2,DTP,0,0,V5555_33,1689548,PLANT03,PORT09,328,0.07447978763102167,2.0
1447144039.7,2023-07-07,PORT04,V444_1,1,DTD,0,0,V5555555555555_16,1682850,PLANT03,PORT09,305,0.08049322146515714,1.0
1447407429.7,2023-10-17,PORT04,V444_1,1,DTD,0,0,V5555555_22,1651366,PLANT03,PORT09,553,12.418559727981576,1.0
1447403200.7,2023-06-25,PORT04,V444_0,2,DTP,0,0,V55555555555_28,1691532,PLANT03,PORT09,99300,173.83464611795551,2.01
1447400291.7,2023-04-19,PORT04,V444_0,2,DTP,0,0,V55_13,1684703,PLANT03,PORT09,963,9.595580707976794,2.0
1447394307.7,2023-11-29,PORT04,V444_0,2,DTP,0,0,V5555_33,1689548,PLANT03,PORT09,298,1.8619946907755418,2.0
1447387187.7,2023-07-19,PORT04,V444_1,1,DTD,0,0,V55555555555555_8,1688589,PLANT03,PORT09,245,0.9135102208301897,1.0
1447377760.7,2023-08-29,PORT04,V444_0,2,DTP,0,0,V555555_24,1660885,PLANT03,PORT09,3261,22.5,2.0
1447371612.7,2023-04-05,PORT04,V444_1,1,DTD,1,0,V555555555555555555_17,1689146,PLANT03,PORT09,20327,30.7,1.0
1447361673.7,2023-03-25,PORT04,V444_1,1,DTD,0,0,V5555555_22,1660585,PLANT03,PORT09,1250,95.11106565759864,1.0
1447353256.7,2023-12-03,PORT04,V444_1,1,DTD,5,0,V55555555555555_8,1689541,PLANT03,PORT09,560,40.06,1.0
1447335436.7,2023-12-13,PORT04,V44_3,0,CRF,0,0,V5555555_30,1699465,PLANT03,PORT09,2026,2.471972596138996,0.0
1447323809.7,2023-01-27,PORT04,V444_0,2,DTP,3,0,V555555_6,1666954,PLANT03,PORT09,312,0.6862452457753602,2.0
1447309527.7,2023-03-03,PORT04,V444_0,2,DTP,3,0,V55555555_5,1700142,PLANT03,PORT09,78327,86.09951152387755,2.03
1447306612.7,2023-11-04,PORT04,V444_1,1,DTD,0,0,V5555555_22,1672676,PLANT03,PORT09,744,12.6,1.0
1447306369.7,2023-03-03,PORT04,V444_1,1,DTD,0,0,V5555555_22,1683636,PLANT03,PORT09,1099,19.7960554252502,1.0
1447306341.7,2023-06-09,PORT04,V444_1,1,DTD,0,0,V5555555_22,1656246,PLANT03,PORT09,1287,4.096305732484077,1.0
1447284618.7,2023-10-12,PORT04,V444_0,2,DTP,0,0,V5555_33,1689546,PLANT03,PORT09,299,0.4597526498580886,2.0
1447282664.7,2023-01-17,PORT04,V444_0,2,DTP,0,0,V555555555555555_29,1688571,PLANT03,PORT09,289,4.40449246755705,2.0
1447282657.7,2023-04-04,PORT04,V444_0,2,DTP,0,0,V555555555555555_29,1688589,PLANT03,PORT09,364,4.567551104150948,2.0
1447232385.7,2023-06-08,PORT04,V444_0,2,DTP,0,0,V5555_33,1688290,PLANT03,PORT09,240,0.19900746896440907,2.0
1447227113.7,2023-12-01,PORT04,V444_0,2,DTP,0,0,V555555555_27,1675615,PLANT03,PORT09,793,4.334231203119128,2.0
1447226242.7,2023-04-03,PORT04,V444_1,1,DTD,0,0,V5555555_22,1660677,PLANT03,PORT09,522,17.098926701908564,1.0
1447208161.7,2023-07-07,PORT04,V444_0,2,DTP,3,0,V55555_4,1677891,PLANT03,PORT09,1808,4.960690355329949,2.0
1447194895.7,2023-02-22,PORT04,V444_0,2,DTP,3,0,V555555555_3,1682853,PLANT03,PORT09,323,5.165537635680365,2.0
1447172850.7,2023-08-17,PORT04,V444_0,2,DTP,0,0,V555555555_14,1689469,PLANT03,PORT09,1257,19.12,2.0
1447162802.7,2023-04-21,PORT04,V444_0,2,DTP,5,0,V55555555_7,1655818,PLANT03,PORT09,678,1.2877245070775916,2.0
1447152673.7,2023-07-03,PORT04,V444_0,2,DTP,0,0,V555555555_27,1655818,PLANT03,PORT09,7292,18.7,2.0
1447151459.7,2023-07-24,PORT04,V444_1,1,DTD,5,0,V55555555555555_8,1688575,PLANT03,PORT09,785,49.21704643092323,1.0
1447400258.7,2023-01-08,PORT04,V444_0,2,DTP,3,0,V55555_2,1689033,PLANT03,PORT09,652,8.0,2.0
1447382107.7,2023-08-04,PORT04,V444_0,2,DTP,3,0,V555555_6,1672713,PLANT03,PORT09,334,8.1,2.0
1447378365.7,2023-08-16,PORT04,V444_0,2,DTP,3,0,V55555555_5,1689457,PLANT12,PORT09,272,2.1,2.0
1447377316.7,2023-02-15,PORT09,V44_3,1,CRF,3,0,V55555_53,1702654,PLANT16,PORT09,672,66.8,1.0
1447369194.7,2023-08-30,PORT04,V444_0,2,DTP,0,0,V555555555_14,1696488,PLANT03,PORT09,546,4.26,2.0
1447359744.7,2023-09-12,PORT04,V444_0,2,DTP,3,0,V555555_6,1662552,PLANT03,PORT09,287,0.09173524559680361,2.0
1447323778.7,2023-10-11,PORT04,V444_0,2,DTP,0,0,V555555555_14,1696746,PLANT03,PORT09,534,13.860546298653627,2.0
1447316663.7,2023-12-27,PORT04,V444_0,2,DTP,0,0,V555555555_27,1699954,PLANT03,PORT09,289,1.8163595693823986,2.0
1447308357.7,2023-12-20,PORT04,V444_0,2,DTP,0,0,V5555_33,1689546,PLANT03,PORT09,282,0.3065017665720591,2.0
1447305838.7,2023-04-06,PORT04,V444_0,2,DTP,3,0,V55555_2,1687346,PLANT03,PORT09,279,0.918340597255851,2.0
1447281216.7,2023-05-02,PORT04,V444_1,2,DTD,5,0,V55555555555555_8,1650715,PLANT12,PORT09,377,21.753181818181822,2.0
1447273180.7,2023-08-26,PORT04,V444_0,2,DTP,3,0,V5555555_22,1683200,PLANT03,PORT09,390,3.4918959435626094,2.0
1447266888.7,2023-10-10,PORT04,V444_0,2,DTP,3,0,V555555_6,1657063,PLANT03,PORT09,470,2.58,2.0
1447226290.7,2023-04-02,PORT04,V444_1,1,DTD,0,0,V5555555_22,1675655,PLANT03,PORT09,558,2.562646512003879,1.0
1447223639.7,2023-02-11,PORT04,V444_1,1,DTD,0,0,V5555555_22,1683636,PLANT03,PORT09,310,0.8021390955993094,1.0
1447206371.7,2023-11-02,PORT04,V444_0,2,DTP,0,0,V55555555_5,1699948,PLANT03,PORT09,1826,52.48894185204328,2.07
1447204367.7,2023-09-18,PORT04,V444_0,2,DTP,5,0,V55555555_7,1669701,PLANT03,PORT09,913,6.11,2.0
1447200709.7,2023-11-11,PORT04,V444_0,2,DTP,0,0,V55555555555_28,1685028,PLANT03,PORT09,50267,42.547718520328054,2.0
1447183320.7,2023-10-15,PORT04,V444_0,2,DTP,5,0,V55555555_7,1660580,PLANT03,PORT09,317,6.414527845036321,2.0
1447174093.7,2023-07-19,PORT04,V444_0,2,DTP,3,0,V55555_2,1654623,PLANT03,PORT09,1342,12.38,2.0
1447152684.7,2023-07-31,PORT04,V444_0,2,DTP,0,0,V555555555_27,1677891,PLANT03,PORT09,2317,5.86,2.0
1447150691.7,2023-12-19,PORT04,V444_0,2,DTP,3,0,V55555_4,1675615,PLANT03,PORT09,3279,21.24,2.0
1447138904.7,2023-12-08,PORT09,V44_3,1,CRF,3,0,V55555_53,1696799,PLANT16,PORT09,3931,777.24,1.0
1447404339.7,2023-12-18,PORT04,V44_3,0,CRF,0,0,V5555555_30,1699242,PLANT03,PORT09,891,1.77923094,0.0
1447396720.7,2023-08-13,PORT04,V444_0,2,DTP,0,0,V55_13,1658532,PLANT03,PORT09,383,2.048182404818241,2.0
1447372972.7,2023-01-24,PORT04,V444_0,2,DTP,0,0,V5555_33,1688587,PLANT03,PORT09,521,16.5118647565401,2.0
1447319956.7,2023-06-01,PORT04,V444_1,1,DTD,0,0,V555555555555555555_45,1700362,PLANT03,PORT09,422,25.061511396853838,1.0
1447309536.7,2023-11-02,PORT04,V444_0,2,DTP,0,0,V55555555555_28,1674598,PLANT03,PORT09,14305,6.511250796280189,2.0
1447305216.7,2023-06-07,PORT04,V444_0,2,DTP,3,0,V55555_2,1687346,PLANT03,PORT09,1333,19.8,2.0
1447282081.7,2023-02-01,PORT04,V444_0,2,DTP,0,0,V5555_33,1689548,PLANT03,PORT09,259,0.14895957526204334,2.0
1447251202.7,2023-11-24,PORT04,V444_0,2,DTP,3,0,V555555_6,1697084,PLANT03,PORT09,5333,20.425125412466116,2.0
1447244993.7,2023-10-19,PORT04,V444_1,1,DTD,3,0,V5555555_19,1697080,PLANT03,PORT09,2813,13.81445194173471,1.0
1447219212.7,2023-04-27,PORT04,V444_0,2,DTP,3,0,V555555_6,1699946,PLANT03,PORT09,1283,23.958092155191995,2.0
1447191220.7,2023-06-17,PORT04,V444_0,2,DTP,0,0,V55555555_5,1696654,PLANT03,PORT09,346,1.735114754374979,2.0
1447173723.7,2023-09-21,PORT04,V444_0,2,DTP,3,0,V55555_2,1655818,PLANT03,PORT09,425,0.29617663662784605,2.0
1447170783.7,2023-09-04,PORT04,V444_1,1,DTD,0,0,V5555555_22,1660579,PLANT03,PORT09,371,10.208442582963729,1.0
1447156302.7,2023-12-29,PORT04,V444_0,2,DTP,0,0,V5555555_30,1668347,PLANT03,PORT09,475,26.94,2.0
1447148225.7,2023-04-05,PORT04,V444_0,2,DTP,0,0,V555555555_27,1697444,PLANT03,PORT09,306,0.3430216329378925,2.0
1447418488.7,2023-11-10,PORT04,V444_0,2,DTP,5,0,V55555555_7,1692998,PLANT03,PORT09,917,37.0,2.0
1447392384.7,2023-03-13,PORT04,V444_0,2,DTP,0,0,V555555555_27,1668545,PLANT03,PORT09,265,0.021131606703386853,2.0
1447390637.7,2023-03-27,PORT04,V444_1,1,DTD,0,0,V55555555555555_8,1672707,PLANT03,PORT09,357,4.705872376510496,1.0
1447390560.7,2023-09-16,PORT04,V444_1,1,DTD,0,0,V55555555555555_8,1700140,PLANT03,PORT09,151460,98.12957955827434,1.0
1447365323.7,2023-02-05,PORT04,V444_0,2,DTP,3,1,V555_15,1677878,PLANT03,PORT09,819,1.8590646569939384,2.0
1447355457.7,2023-08-13,PORT04,V444_0,2,DTP,0,0,V5555_33,1688285,PLANT03,PORT09,398,16.43949231936936,2.0
1447352393.7,2023-06-08,PORT04,V444_1,1,DTD,3,0,V5555_20,1697085,PLANT03,PORT09,4248,17.94636632271366,1.0
1447348790.7,2023-12-20,PORT04,V444_0,2,DTP,0,0,V55555555_5,1685213,PLANT03,PORT09,254,0.7615031492873303,2.0
1447334863.7,2023-07-09,PORT04,V444_0,2,DTP,0,0,V555555555555555_29,1688571,PLANT03,PORT09,528,17.6179698702282,2.0
1447331201.7,2023-04-04,PORT04,V444_0,2,DTP,3,0,V555555_6,1685211,PLANT03,PORT09,391,2.5537003841229198,2.0
1447323875.7,2023-11-30,PORT04,V444_0,2,DTP,3,0,V555555_6,1666507,PLANT03,PORT09,267,0.2300507614213198,2.0
1447322264.7,2023-05-11,PORT04,V444_1,1,DTD,5,0,V55555555555555_8,1689546,PLANT03,PORT09,536,18.92261482718384,1.0
1447302789.7,2023-12-19,PORT04,V444_0,2,DTP,0,0,V555555555_14,1696746,PLANT03,PORT09,841,24.516590306502327,2.0
1447302724.7,2023-07-18,PORT04,V444_0,2,DTP,3,0,V55555_4,1677878,PLANT03,PORT09,4366,12.78,2.0
1447301062.7,2023-11-12,PORT04,V444_1,1,DTD,0,0,V555555555555555555_45,1689546,PLANT03,PORT09,315,0.5363780915011034,1.0
1447297186.7,2023-12-30,PORT04,V444_0,2,DTP,3,0,V555555555_3,1688571,PLANT03,PORT09,705,32.2359397404564,2.0
1447292032.7,2023-04-29,PORT04,V444_0,2,DTP,0,0,V5555_33,1688575,PLANT03,PORT09,279,1.4469454857895434,2.0
1447265716.7,2023-08-06,PORT04,V444_0,2,DTP,0,0,V555555555_27,1652615,PLANT03,PORT09,433,5.16,2.0
1447236174.7,2023-10-13,PORT04,V444_0,2,DTP,0,0,V555555555555555_29,1688571,PLANT03,PORT09,330,4.40449246755705,2.0
1447227183.7,2023-03-07,PORT04,V444_0,2,DTP,0,0,V55555_26,1699951,PLANT03,PORT09,382,3.783197875720278,2.0
1447225204.7,2023-01-14,PORT04,V444_1,1,DTD,5,0,V55555555555555_8,1689547,PLANT03,PORT09,430,7.198627187313828,1.0
1447222993.7,2023-04-29,PORT04,V444_0,2,DTP,0,0,V5555_33,1689547,PLANT03,PORT09,330,3.671299865530052,2.0
1447196797.7,2023-08-11,PORT04,V444_0,2,DTP,3,0,V555555_6,1668545,PLANT03,PORT09,341,1.0565803351693426,2.0
1447192278.7,2023-03-28,PORT04,V444_0,2,DTP,3,0,V555555555_3,1682709,PLANT03,PORT09,1319,97.77257858180445,2.0
1447187016.7,2023-09-04,PORT04,V444_0,2,DTP,3,1,V555_15,1687346,PLANT03,PORT09,358,0.6261413163108075,2.0
1447183523.7,2023-05-05,PORT04,V444_0,2,DTP,0,0,V55555_26,1699953,PLANT03,PORT09,384,2.797538235040298,2.0
1447163973.7,2023-06-22,PORT04,V444_0,2,DTP,0,0,V5555_33,1689546,PLANT03,PORT09,329,0.6896289747871329,2.0
1447147914.7,2023-02-11,PORT04,V444_0,2,DTP,0,0,V5555_33,1682805,PLANT03,PORT09,295,0.6014048235969602,2.0
1447146522.7,2023-01-09,PORT04,V444_0,2,DTP,5,0,V55555555_7,1692998,PLANT03,PORT09,748,27.94,2.0
1447400362.7,2023-04-30,PORT04,V444_0,2,DTP,3,0,V55555_2,1669702,PLANT03,PORT09,849,10.4,2.0
1447398412.7,2023-10-06,PORT09,V44_3,1,CRF,3,0,V55555_53,1702652,PLANT16,PORT09,1793,216.57,1.0
1447391530.7,2023-09-07,PORT04,V444_0,2,DTP,0,0,V55555555_5,1668545,PLANT03,PORT09,555,3.169741005508028,2.0
1447376497.7,2023-04-18,PORT04,V444_1,1,DTD,3,0,V5555555_19,1695349,PLANT03,PORT09,330,0.18079799278622116,1.0
1447357558.7,2023-10-21,PORT04,V444_0,2,DTP,3,0,V55555_4,1650568,PLANT03,PORT09,779,3.42,2.0
1447340787.7,2023-10-30,PORT04,V444_1,1,DTD,5,0,V55555555555555_8,1688629,PLANT03,PORT09,302,4.484132766957024,1.0
1447331105.7,2023-02-08,PORT04,V44_3,4,CRF,0,0,V555555555555555_29,1699419,PLANT03,PORT09,12895,39.15650885464,2.96
1447329588.7,2023-12-12,PORT04,V444_0,2,DTP,0,0,V5555_33,1688288,PLANT03,PORT09,277,0.4264086320670071,2.0
1447320582.7,2023-12-07,PORT04,V44_3,0,CRF,3,0,V55555555_32,1699682,PLANT03,PORT09,1067,2.9542287545279184,0.0
1447320568.7,2023-05-25,PORT04,V444_1,1,DTD,0,0,V5555555_22,1668344,PLANT03,PORT09,312,0.10772635814889338,1.0
1447286579.7,2023-04-04,PORT04,V444_1,1,DTD,5,0,V55555555555555_8,1690628,PLANT03,PORT09,296,1.038602655850815,1.0
1447260618.7,2023-01-15,PORT09,V44_3,1,CRF,3,0,V55555_53,1696799,PLANT16,PORT09,555,56.52,1.0
1447260608.7,2023-03-03,PORT09,V44_3,1,CRF,3,0,V55555_53,1700035,PLANT16,PORT09,3333,42.2,1.0
1447252557.7,2023-03-11,PORT04,V444_1,1,DTD,5,0,V55555555555555_8,1689546,PLANT03,PORT09,621,21.98763249290443,1.0
1447225413.7,2023-06-29,PORT04,V444_0,2,DTP,3,0,V555555_6,1682739,PLANT03,PORT09,333,6.173256537982566,2.0
1447220216.7,2023-08-26,PORT04,V444_0,2,DTP,3,0,V55555555_5,1696073,PLANT03,PORT09,399,0.4541572135322901,2.0
1447202688.7,2023-06-04,PORT04,V444_0,2,DTP,0,0,V5555_33,1689549,PLANT03,PORT09,281,0.38337417562091336,2.0
1447191715.7,2023-05-01,PORT04,V444_1,1,DTD,5,0,V55555555555555_8,1676565,PLANT03,PORT09,455,2.1192549531379767,1.0
1447182262.7,2023-07-17,PORT04,V444_0,2,DTP,0,0,V5555_33,1689548,PLANT03,PORT09,261,0.6703180886791951,2.0
1447171063.7,2023-01-10,PORT04,V444_1,1,DTD,5,0,V55555555555555_8,1688589,PLANT03,PORT09,384,9.135102208301896,1.0
1447164240.7,2023-01-19,PORT04,V444_1,1,DTD,5,0,V55555555555555_8,1690627,PLANT03,PORT09,271,1.1525515647503422,1.0
1447423171.7,2023-10-30,PORT04,V444_0,2,DTP,5,0,V55555555_7,1687346,PLANT03,PORT09,357,0.7096268251522485,2.0
1447414110.7,2023-09-15,PORT04,V444_1,1,DTD,0,0,V55555555555555_8,1689547,PLANT03,PORT09,779,37.99313593656914,1.0
1447406488.7,2023-10-20,PORT04,V444_0,2,DTP,3,0,V5555555_22,1676566,PLANT03,PORT09,490,2.518890310471552,2.0
1447373472.7,2023-10-01,PORT04,V444_0,2,DTP,3,0,V55555_2,1660885,PLANT03,PORT09,2235,15.48,2.0
1447347851.7,2023-02-09,PORT04,V444_1,1,DTD,5,0,V55555555555555_8,1689551,PLANT03,PORT09,328,3.731790599805883,1.0
1447340462.7,2023-09-29,PORT04,V444_0,2,DTP,3,0,V55555555_5,1697071,PLANT03,PORT09,310,0.25655768401207696,2.0
1447335405.7,2023-04-23,PORT04,V444_1,1,DTD,0,0,V5555555_22,1672661,PLANT03,PORT09,1063,16.46893960858361,1.0
1447327236.7,2023-05-01,PORT04,V444_0,2,DTP,0,0,V555555555555555_29,1689547,PLANT03,PORT09,1253,77.98627187313828,2.0
1447288045.7,2023-12-24,PORT04,V444_0,2,DTP,0,0,V555555555_14,1689147,PLANT03,PORT09,494,0.9414411769024095,2.0
1447279012.7,2023-12-24,PORT04,V444_0,2,DTP,0,0,V5555_33,1688587,PLANT03,PORT09,327,0.18241525788062604,2.0
1447276560.7,2023-01-30,PORT04,V444_0,2,DTP,0,0,V555555555_27,1668345,PLANT03,PORT09,1000,72.56,2.0
1447251843.7,2023-11-27,PORT04,V444_0,2,DTP,0,3,V555555555_27,1688824,PLANT03,PORT09,402,2.111870967741935,2.0
1447243629.7,2023-06-19,PORT04,V444_0,2,DTP,0,0,V5555_36,1679687,PLANT03,PORT09,5280,9.755487832040334,2.0
1447225249.7,2023-12-23,PORT04,V444_0,2,DTP,0,0,V5555_33,1688288,PLANT03,PORT09,308,0.8528172641340142,2.0
1447211179.7,2023-05-08,PORT04,V444_0,2,DTP,0,0,V55555555555_28,1686215,PLANT03,PORT09,10297,35.16043365032486,2.0
1447209701.7,2023-07-20,PORT04,V444_1,1,DTD,5,0,V55555555555555_8,1690619,PLANT03,PORT09,326,1.6879188467786213,1.0
1447203027.7,2023-09-27,PORT04,V444_0,2,DTP,0,0,V5555_33,1688629,PLANT03,PORT09,337,2.780162315513355,2.0
1447178776.7,2023-12-17,PORT04,V444_0,2,DTP,3,0,V55555555_5,1652887,PLANT13,PORT09,291,5.6,2.0
1447165476.7,2023-11-21,PORT04,V444_0,2,DTP,0,0,V55555_26,1677891,PLANT03,PORT09,2782,6.9,2.0
1447158122.7,2023-02-14,PORT04,V444_0,2,DTP,3,0,V55555_2,1696456,PLANT03,PORT09,1959,23.88,2.0
1447152949.7,2023-11-22,PORT04,V444_1,1,DTD,5,0,V55555555555555_8,1688294,PLANT03,PORT09,355,12.444659118349264,1.0
1447143196.7,2023-09-12,PORT09,V44_3,1,CRF,3,0,V55555_53,1696799,PLANT16,PORT09,2100,333.12,1.0
1447410884.7,2023-03-31,PORT04,V44_3,2,CRF,3,0,V55555_2,1651299,PLANT03,PORT09,239,0.006084584385387943,2.0
1447400485.7,2023-12-11,PORT04,V444_0,2,DTP,0,0,V555555555_14,1657437,PLANT03,PORT09,480,5.797167133815535,2.0
1447387680.7,2023-06-02,PORT04,V444_0,2,DTP,3,0,V555555_6,1692109,PLANT03,PORT09,2740,18.5452309099442,2.0
1447383135.7,2023-11-21,PORT04,V444_1,1,DTD,0,0,V555555555555555555_45,1682736,PLANT03,PORT09,281,1.783823529411765,1.0
1447375087.7,2023-04-26,PORT04,V444_0,2,DTP,3,0,V55555555_5,1700142,PLANT03,PORT09,54837,55.86965806671429,2.09
1447352431.7,2023-04-25,PORT09,V44_3,1,CRF,3,0,V55555_53,1696798,PLANT16,PORT09,4090,641.04,1.0
1447350245.7,2023-01-09,PORT04,V444_0,2,DTP,0,0,V5555_33,1677891,PLANT03,PORT09,3143,9.431925928934008,2.0
1447312215.7,2023-09-04,PORT04,V44_3,2,CRF,3,0,V55555_2,1651302,PLANT03,PORT09,335,0.29878219794818806,2.0
1447306314.7,2023-09-07,PORT04,V444_0,2,DTP,5,0,V55555555_7,1687353,PLANT12,PORT09,349,20.6,2.0
1447299064.7,2023-09-21,PORT04,V444_0,2,DTP,0,0,V5555_33,1689546,PLANT03,PORT09,333,0.07662544164301477,2.0
1447298557.7,2023-07-30,PORT04,V444_1,1,DTD,0,0,V555555555555555555_46,1693700,PLANT03,PORT09,456,0.5214271542993313,1.0
1447241408.7,2023-03-07,PORT04,V444_0,2,DTP,5,0,V55555555_7,1683392,PLANT03,PORT09,289,0.7185599996910058,2.0
1447209215.7,2023-12-28,PORT04,V444_0,2,DTP,3,0,V55555555_5,1693700,PLANT03,PORT09,392,0.26071357714966564,2.0
1447191387.7,2023-12-01,PORT04,V444_0,2,DTP,3,0,V555555_6,1686756,PLANT03,PORT09,1278,9.66,2.0
1447184587.7,2023-12-11,PORT04,V44_3,0,CRF,3,0,V55555555_32,1699553,PLANT03,PORT09,2846,10.445153411628338,0.0
1447163572.7,2023-11-25,PORT04,V444_0,2,DTP,0,3,V555555555_27,1655723,PLANT03,PORT09,409,5.302120825016615,2.0
1447151139.7,2023-02-28,PORT04,V444_1,1,DTD,0,0,V5555555_22,1683203,PLANT03,PORT09,425,2.125360226339326,1.0
1447149016.7,2023-04-06,PORT04,V444_0,2,DTP,0,0,V5555_33,1661119,PLANT12,PORT09,282,2.0576939831864633,2.0
1447137159.7,2023-02-12,PORT04,V444_0,2,DTP,3,0,V55555555_5,1696074,PLANT03,PORT09,337,0.8879148421617342,2.0
1447133248.7,2023-06-09,PORT04,V444_0,2,DTP,0,0,V55555_26,1687661,PLANT03,PORT09,338,2.4800000000000004,2.0
1447403034.7,2023-07-18,PORT04,V444_0,2,DTP,3,0,V55555_2,1667817,PLANT03,PORT09,629,5.8978600823045255,2.0
1447381346.7,2023-11-23,PORT04,V444_0,2,DTP,0,0,V555555555555555_29,1688575,PLANT03,PORT09,335,9.043409286184646,2.0
1447362771.7,2023-11-13,PORT04,V444_1,1,DTD,5,0,V55555555555555_8,1688629,PLANT03,PORT09,396,8.968265533914048,1.0
1447360533.7,2023-04-18,PORT04,V444_0,2,DTP,0,0,V5555_33,1682709,PLANT03,PORT09,303,2.9031773574541333,2.0
1447332186.7,2023-06-15,PORT04,V444_0,2,DTP,0,0,V55555555555_28,1667934,PLANT03,PORT09,4254,0.8190994870552318,2.0
1447327215.7,2023-02-15,PORT04,V444_0,2,DTP,0,3,V555555555_27,1688824,PLANT03,PORT09,394,1.9494193548387095,2.0
1447313157.7,2023-06-21,PORT04,V444_0,2,DTP,3,0,V55555_2,1651299,PLANT03,PORT09,8321,19.84,2.0
1447308860.7,2023-01-23,PORT04,V444_0,2,DTP,0,0,V555555555555555_29,1688587,PLANT03,PORT09,296,4.560381447015651,2.0
1447295514.7,2023-06-24,PORT04,V444_0,2,DTP,0,0,V55555555_5,1677891,PLANT03,PORT09,2291,6.0,2.0
1447281462.7,2023-09-10,PORT04,V44_3,2,CRF,3,0,V55555_2,1660579,PLANT03,PORT09,289,0.9039066599164297,2.0
1447214229.7,2023-01-23,PORT04,V444_0,2,DTP,0,0,V555555555555555_29,1688629,PLANT03,PORT09,529,17.936531067828096,2.0
1447213715.7,2023-09-18,PORT09,V444_0,0,DTP,3,0,V555555_6,1692722,PLANT16,PORT09,322,22.309689209399085,0.0
1447205076.7,2023-07-22,PORT04,V444_0,2,DTP,3,0,V55555555_5,1700130,PLANT03,PORT09,100416,107.65431773061152,2.01
1447198843.7,2023-01-12,PORT04,V444_0,2,DTP,3,0,V55555_2,1689546,PLANT03,PORT09,829,41.312720821507384,2.0
1447192268.7,2023-07-27,PORT04,V444_1,1,DTD,1,0,V555555555555555555_17,1679639,PLANT03,PORT09,8302,13.059080459770113,1.0
1447188342.7,2023-06-25,PORT04,V444_0,2,DTP,3,0,V55555555_5,1666992,PLANT12,PORT09,269,0.6270101051985135,2.0
1447185801.7,2023-10-23,PORT04,V444_0,2,DTP,0,0,V55555_26,1660563,PLANT03,PORT09,311,0.6196036257489628,2.0
1447183282.7,2023-10-22,PORT04,V444_0,2,DTP,5,0,V55555555_7,1687354,PLANT12,PORT09,334,24.4,2.0
1447182883.7,2023-12-26,PORT04,V44_3,0,CRF,3,0,V55555555_32,1699022,PLANT03,PORT09,1334,4.08,0.0
1447182371.7,2023-07-29,PORT04,V44_3,0,CRF,3,0,V55555555_32,1699380,PLANT03,PORT09,2757,3.071395348837209,0.0
1447173720.7,2023-07-29,PORT04,V444_0,2,DTP,3,0,V55555_2,1668127,PLANT03,PORT09,579,39.2,2.0
1447169065.7,2023-01-03,PORT04,V444_0,2,DTP,3,0,V555555_6,1676564,PLANT03,PORT09,432,1.553710055966781,2.0
1447156544.7,2023-04-25,PORT04,V444_0,2,DTP,3,0,V555555_6,1668545,PLANT03,PORT09,1454,9.7,2.0
1447423209.7,2023-03-09,PORT04,V444_0,2,DTP,5,0,V55555555_7,1660585,PLANT03,PORT09,3258,306.82,2.0
1447418988.7,2023-05-01,PORT04,V444_0,2,DTP,5,0,V55555555_7,1699369,PLANT03,PORT09,2321,5.345578077476746,2.0
1447405425.7,2023-06-25,PORT04,V444_0,2,DTP,0,0,V555555555_14,1689145,PLANT03,PORT09,2247,6.54,2.0
1447381071.7,2023-10-13,PORT04,V444_0,2,DTP,3,0,V555555_6,1693747,PLANT03,PORT09,240,0.30833096388967873,2.0
1447379234.7,2023-01-14,PORT04,V444_0,2,DTP,0,0,V555555555_14,1622685,PLANT03,PORT09,740,3.88,2.0
1447371669.7,2023-08-03,PORT04,V444_1,1,DTD,5,0,V55555555555555_8,1690628,PLANT03,PORT09,352,1.038602655850815,1.0
1447369896.7,2023-04-01,PORT04,V444_0,2,DTP,3,0,V55555555_0,1677878,PLANT03,PORT09,2245,6.0,2.0
1447365221.7,2023-06-19,PORT04,V444_0,2,DTP,3,0,V55555555_5,1700137,PLANT03,PORT09,41842,51.4190287745271,2.0
1447364331.7,2023-03-30,PORT09,V44_3,1,CRF,3,0,V55555_53,1697317,PLANT16,PORT09,1655,257.76,1.0
1447350386.7,2023-03-14,PORT04,V444_0,2,DTP,3,0,V55555_4,1651299,PLANT03,PORT09,3257,9.126876578081916,2.0
1447339806.7,2023-07-29,PORT04,V444_0,2,DTP,0,0,V55555555_5,1677889,PLANT03,PORT09,694,2.3132078264946085,2.0
1447334864.7,2023-01-14,PORT04,V444_0,2,DTP,0,0,V555555555555555_29,1688571,PLANT03,PORT09,325,4.40449246755705,2.0
1447284491.7,2023-08-24,PORT04,V444_1,1,DTD,3,0,V5555555_19,1699772,PLANT03,PORT09,782,5.799448133680697,1.0
1447281297.7,2023-08-20,PORT04,V444_0,2,DTP,5,0,V55555555_7,1668545,PLANT03,PORT09,385,0.7079088245634596,2.0
1447266941.7,2023-04-23,PORT04,V444_0,2,DTP,0,0,V555555555_14,1668547,PLANT03,PORT09,5346,40.86,2.0
1447265589.7,2023-09-12,PORT04,V444_0,2,DTP,0,0,V555555555_27,1655818,PLANT03,PORT09,8417,24.44,2.0
1447240521.7,2023-08-22,PORT04,V444_0,2,DTP,0,0,V555555555_27,1662554,PLANT03,PORT09,740,1.5598986914309834,2.0
1447236714.7,2023-06-20,PORT04,V444_0,2,DTP,3,0,V55555_4,1655373,PLANT03,PORT09,339,2.4251266581593467,2.0
1447232841.7,2023-10-25,PORT04,V444_0,2,DTP,3,0,V55555_2,1658528,PLANT03,PORT09,315,0.42995530420505323,2.0
1447231311.7,2023-02-27,PORT04,V444_1,1,DTD,5,0,V55555555555555_8,1688587,PLANT03,PORT09,334,0.9120762894031302,1.0
1447226268.7,2023-07-19,PORT04,V444_1,1,DTD,0,0,V5555555_22,1660585,PLANT03,PORT09,383,5.1566643485375305,1.0
1447224388.7,2023-03-06,PORT04,V444_0,2,DTP,5,0,V55555555_7,1668094,PLANT03,PORT09,354,10.72,2.0
1447224321.7,2023-07-14,PORT04,V444_0,2,DTP,5,0,V55555555_7,1655818,PLANT03,PORT09,943,2.0603592113241467,2.0
1447222995.7,2023-11-10,PORT04,V444_0,2,DTP,0,0,V5555_33,1689548,PLANT03,PORT09,289,0.14895957526204334,2.0
1447221839.7,2023-06-14,PORT04,V444_0,2,DTP,0,0,V5555_33,1688288,PLANT03,PORT09,387,6.822538113072113,2.0
1447218545.7,2023-02-15,PORT04,V444_0,2,DTP,0,0,V555555555_14,1696747,PLANT03,PORT09,919,30.419629262921905,2.0
1447211859.7,2023-03-16,PORT04,V444_0,2,DTP,3,0,V555555_6,1697072,PLANT03,PORT09,886,3.709276626791713,2.0
1447208573.7,2023-09-25,PORT04,V444_0,2,DTP,3,0,V55555_4,1683200,PLANT03,PORT09,530,4.64,2.0
1447207293.7,2023-12-24,PORT04,V444_1,1,DTD,1,0,V555555555555555555_17,1699772,PLANT03,PORT09,994,8.14,1.0
1447186964.7,2023-04-27,PORT04,V444_0,2,DTP,3,1,V555_15,1672344,PLANT08,PORT09,700,3.386578227180419,2.0
1447173721.7,2023-06-21,PORT04,V444_0,2,DTP,3,0,V55555_2,1668127,PLANT03,PORT09,641,33.32,2.0
1447165146.7,2023-02-28,PORT04,V444_0,2,DTP,0,0,V555555555_14,1700097,PLANT03,PORT09,799,8.18,2.0
1447163637.7,2023-04-14,PORT04,V444_0,2,DTP,3,0,V5555555_12,1683203,PLANT03,PORT09,1246,20.12,2.0
1447163614.7,2023-11-17,PORT04,V444_0,2,DTP,0,3,V555555555_27,1655723,PLANT03,PORT09,304,0.26510604125083076,2.0
1447137157.7,2023-02-18,PORT04,V444_0,2,DTP,3,0,V55555555_5,1696074,PLANT03,PORT09,1291,8.87914842161734,2.0
1447411086.7,2023-01-01,PORT04,V444_0,2,DTP,3,0,V55555555_0,1688824,PLANT03,PORT09,440,3.249032258064516,2.0
1447409173.7,2023-06-08,PORT04,V444_0,2,DTP,0,0,V5555_33,1689544,PLANT03,PORT09,274,0.3217864732073251,2.0
1447407617.7,2023-11-06,PORT04,V444_0,2,DTP,0,0,V555555555_27,1689145,PLANT03,PORT09,5333,9.16,2.0
1447402329.7,2023-01-19,PORT04,V444_1,1,DTD,0,0,V55555555555555_8,1690621,PLANT03,PORT09,304,2.2892323823587595,1.0
1447402063.7,2023-06-16,PORT04,V444_0,2,DTP,0,0,V555555555_14,1676853,PLANT03,PORT09,2282,5.283250893909661,2.0
1447398478.7,2023-01-09,PORT09,V44_3,1,CRF,3,0,V55555_53,1702652,PLANT16,PORT09,973,106.88,1.0
1447367668.7,2023-10-29,PORT04,V444_0,2,DTP,0,0,V555555555_14,1696263,PLANT08,PORT09,3214,18.227057749489532,2.0
1447356009.7,2023-08-02,PORT04,V444_0,2,DTP,0,0,V555555_24,1675615,PLANT03,PORT09,374,0.7960832822055541,2.0
1447355996.7,2023-10-23,PORT04,V444_1,1,DTD,5,0,V55555555555555_8,1688633,PLANT03,PORT09,515,17.556861491288974,1.0
1447348038.7,2023-02-03,PORT04,V444_0,2,DTP,3,1,V555_15,1689145,PLANT03,PORT09,325,0.07511530658717344,2.0
1447326460.7,2023-01-18,PORT04,V444_0,2,DTP,0,0,V555555555_27,1620510,PLANT03,PORT09,615,4.84,2.0
1447323588.7,2023-06-21,PORT04,V444_0,2,DTP,3,1,V555_15,1691700,PLANT08,PORT09,1769,8.947450987064599,2.0
1447321404.7,2023-08-01,PORT04,V444_0,2,DTP,3,1,V555_15,1670215,PLANT03,PORT09,331,0.281053421382066,2.0
1447321356.7,2023-12-20,PORT04,V444_0,2,DTP,3,0,V55555_2,1669584,PLANT03,PORT09,541,4.13363401254597,2.0
1447265553.7,2023-06-10,PORT04,V444_0,2,DTP,5,0,V55555555_7,1660578,PLANT03,PORT09,303,6.380091248444629,2.0
1447242879.7,2023-04-14,PORT04,V44_3,0,CRF,3,0,V55555555_32,1699315,PLANT03,PORT09,15604,48.50742968699766,0.0
1447227085.7,2023-08-08,PORT04,V444_0,2,DTP,0,0,V5555555_30,1674120,PLANT03,PORT09,883,40.52,2.0
1447225247.7,2023-11-02,PORT04,V444_0,2,DTP,0,0,V5555_33,1682757,PLANT03,PORT09,266,1.0022947022242792,2.0
1447200809.7,2023-10-18,PORT04,V444_1,1,DTD,0,0,V555555555555555555_45,1682730,PLANT03,PORT09,334,0.5227026260990892,1.0
1447192247.7,2023-03-27,PORT04,V444_0,2,DTP,5,0,V55555555_7,1688629,PLANT03,PORT09,337,8.968265533914048,2.0
1447177980.7,2023-08-26,PORT04,V444_1,1,DTD,0,0,V5555555_22,1660677,PLANT03,PORT09,380,9.699771736714784,1.0
1447171730.7,2023-03-22,PORT04,V444_0,2,DTP,0,0,V55555_26,1682865,PLANT03,PORT09,269,1.315102666383316,2.0
1447163443.7,2023-08-04,PORT04,V444_0,2,DTP,3,0,V555555_6,1677891,PLANT03,PORT09,7294,17.3,2.0
1447162900.7,2023-06-08,PORT04,V444_0,2,DTP,5,0,V55555555_7,1668547,PLANT03,PORT09,375,0.9559717043491999,2.0
1447159328.7,2023-01-05,PORT04,V444_0,2,DTP,3,0,V555555555_3,1688587,PLANT03,PORT09,529,17.515148674883545,2.0
1447156190.7,2023-02-20,PORT04,V444_0,2,DTP,3,0,V555555_6,1650880,PLANT03,PORT09,1362,9.64,2.0
1447146697.7,2023-08-09,PORT04,V444_0,2,DTP,5,0,V55555555_7,1668547,PLANT03,PORT09,351,0.6373144695661332,2.0
1447394301.7,2023-02-20,PORT04,V44_3,2,CRF,3,0,V55555_2,1672706,PLANT03,PORT09,241,0.5651222104144527,2.0
1447390890.7,2023-05-16,PORT04,V44_3,2,CRF,3,0,V55555_2,1651299,PLANT03,PORT09,600,0.8700955671104759,2.0
1447379448.7,2023-07-09,PORT04,V444_1,1,DTD,5,0,V55555555555555_8,1688629,PLANT03,PORT09,391,8.968265533914048,1.0
1447339210.7,2023-07-18,PORT04,V444_0,2,DTP,3,0,V55555_4,1675655,PLANT03,PORT09,302,0.19362218090695973,2.0
1447312427.7,2023-06-22,PORT04,V444_0,2,DTP,3,0,V55555555_5,1700139,PLANT03,PORT09,52247,71.82875757389397,2.06
1447306611.7,2023-06-06,PORT04,V444_1,1,DTD,0,0,V5555555_22,1672676,PLANT03,PORT09,756,14.960000000000003,1.0
1447297179.7,2023-10-27,PORT04,V444_0,2,DTP,3,0,V5555555_12,1672706,PLANT03,PORT09,313,2.8256110520722633,2.0
1447293783.7,2023-11-22,PORT04,V444_0,2,DTP,0,0,V5555555_30,1660579,PLANT03,PORT09,1241,84.39066599164298,2.0
1447283675.7,2023-08-11,PORT04,V444_0,2,DTP,0,0,V55555_26,1660563,PLANT03,PORT09,458,1.6109694269473032,2.0
1447282077.7,2023-04-03,PORT04,V444_0,2,DTP,0,0,V5555_33,1688587,PLANT03,PORT09,254,0.3648305157612521,2.0
1447280417.7,2023-02-18,PORT04,V44_3,0,CRF,3,0,V55555555_32,1699539,PLANT03,PORT09,4761,14.528717556732284,0.0
1447262389.7,2023-12-25,PORT04,V444_0,2,DTP,0,0,V5555_33,1688633,PLANT03,PORT09,302,1.1134116894773385,2.0
1447257095.7,2023-07-15,PORT04,V444_0,2,DTP,3,0,V555555_6,1696074,PLANT03,PORT09,297,0.35516593686469367,2.0
1447227192.7,2023-12-28,PORT04,V444_0,2,DTP,0,0,V5555_33,1682805,PLANT03,PORT09,449,10.73937184994572,2.0
1447224452.7,2023-07-10,PORT04,V444_0,2,DTP,5,0,V55555555_7,1699670,PLANT03,PORT09,2095,5.047800088001138,2.0
1447221180.7,2023-03-12,PORT04,V444_1,1,DTD,5,0,V55555555555555_8,1689548,PLANT03,PORT09,763,38.23989381551083,1.0
1447205080.7,2023-08-12,PORT09,V44_3,1,CRF,3,0,V55555_53,1699336,PLANT16,PORT09,1120,112.6,1.0
1447199985.7,2023-11-09,PORT04,V444_0,2,DTP,3,0,V55555555_5,1695348,PLANT03,PORT09,1254,3.518893899952938,2.0
1447198966.7,2023-05-18,PORT04,V444_0,2,DTP,3,0,V555555_6,1692106,PLANT03,PORT09,1130,5.15862336767691,2.0
1447194678.7,2023-09-10,PORT04,V444_0,2,DTP,3,0,V555555_6,1693618,PLANT03,PORT09,320,0.7688932423659662,2.0
1447184532.7,2023-12-19,PORT04,V444_0,2,DTP,3,0,V555555_6,1689547,PLANT03,PORT09,1220,64.54654643567551,2.0
1447182458.7,2023-01-09,PORT04,V44_3,4,CRF,0,0,V555555555555555_29,1699312,PLANT03,PORT09,3905,9.471312,3.36
1447152712.7,2023-05-05,PORT04,V444_0,2,DTP,0,0,V555555555_27,1677891,PLANT03,PORT09,2644,6.74,2.0
1447149350.7,2023-09-19,PORT04,V444_0,2,DTP,0,0,V55555_26,1652604,PLANT03,PORT09,309,0.5007447528774542,2.0
1447146891.7,2023-05-28,PORT04,V444_0,2,DTP,0,0,V55_13,1668545,PLANT03,PORT09,815,4.64,2.0
1447146533.7,2023-06-12,PORT04,V444_0,2,DTP,3,0,V55555_4,1668606,PLANT03,PORT09,337,1.4807917383820999,2.0
1447418044.7,2023-04-17,PORT04,V444_0,2,DTP,0,0,V5555_33,1688292,PLANT03,PORT09,256,1.0960186791998714,2.0
1447396880.7,2023-03-01,PORT04,V44_3,0,CRF,3,0,V55555555_32,1699583,PLANT03,PORT09,3618,12.94,0.0
1447389077.7,2023-06-12,PORT04,V444_0,2,DTP,3,0,V55555_4,1677878,PLANT03,PORT09,1636,4.86,2.0
1447374423.7,2023-11-26,PORT04,V444_0,2,DTP,3,0,V55555_4,1675670,PLANT03,PORT09,625,3.86,2.0
1447371641.7,2023-09-29,PORT04,V444_1,1,DTD,5,0,V55555555555555_8,1690627,PLANT03,PORT09,306,1.1525515647503422,1.0
1447363981.7,2023-10-06,PORT09,V44_3,1,CRF,3,0,V55555_53,1697317,PLANT16,PORT09,716,83.36,1.0
1447362806.7,2023-06-18,PORT04,V444_1,1,DTD,5,0,V55555555555555_8,1688589,PLANT03,PORT09,369,3.654040883320759,1.0
1447360797.7,2023-11-12,PORT04,V444_1,1,DTD,5,0,V55555555555555_8,1688571,PLANT03,PORT09,520,16.6179698702282,1.0
1447335981.7,2023-01-17,PORT04,V444_1,1,DTD,5,0,V55555555555555_8,1658528,PLANT03,PORT09,724,4.6,1.0
1447312419.7,2023-03-20,PORT04,V444_1,2,DTD,3,0,V55555555_9,1685330,PLANT12,PORT09,346,14.642068667231772,2.0
1447306496.7,2023-04-19,PORT04,V444_1,1,DTD,0,0,V5555555_22,1668344,PLANT03,PORT09,426,10.46,1.0
1447302862.7,2023-02-08,PORT04,V444_0,2,DTP,0,0,V55_13,1696754,PLANT03,PORT09,368,5.657313091674688,2.0
1447278584.7,2023-07-20,PORT04,V444_0,2,DTP,0,0,V55555555555_28,1678000,PLANT03,PORT09,30313,17.754486678618523,2.0
1447243255.7,2023-01-09,PORT04,V444_0,2,DTP,0,0,V55555555_5,1689460,PLANT12,PORT09,667,102.5,2.0
1447241093.7,2023-12-21,PORT04,V444_0,2,DTP,5,0,V55555555_7,1682757,PLANT03,PORT09,263,0.9187701437055892,2.0
1447219874.7,2023-04-06,PORT04,V444_0,2,DTP,3,0,V55555_2,1689547,PLANT03,PORT09,3285,203.95881561941482,2.0
1447204449.7,2023-01-22,PORT09,V444_0,0,DTP,3,0,V555555_6,1692708,PLANT16,PORT09,303,4.791903967763159,0.0
1447203026.7,2023-08-16,PORT04,V444_0,2,DTP,0,0,V5555_33,1688633,PLANT03,PORT09,245,0.18556861491288973,2.0
1447200812.7,2023-12-09,PORT04,V444_1,1,DTD,0,0,V555555555555555555_45,1689469,PLANT03,PORT09,634,8.166574496816926,1.0
1447195865.7,2023-11-25,PORT04,V444_0,2,DTP,0,0,V555555_24,1689547,PLANT03,PORT09,1334,67.98627187313828,2.0
1447174689.7,2023-10-09,PORT04,V444_0,2,DTP,0,0,V555555_24,1675655,PLANT03,PORT09,1253,8.78,2.0
1447408949.7,2023-05-31,PORT04,V444_0,2,DTP,0,0,V5555_33,1689547,PLANT03,PORT09,319,0.14397254374627655,2.0
1447406934.7,2023-12-24,PORT04,V444_0,2,DTP,5,0,V55555555_7,1660580,PLANT03,PORT09,450,13.48,2.0
1447383113.7,2023-06-23,PORT04,V444_0,2,DTP,0,0,V5555555_30,1699425,PLANT03,PORT09,854,70.68,2.0
1447376475.7,2023-06-29,PORT04,V444_0,2,DTP,0,0,V555555555_27,1623991,PLANT03,PORT09,359,0.8447011775161076,2.0
1447369503.7,2023-12-11,PORT04,V444_0,2,DTP,0,0,V555555555_14,1668547,PLANT03,PORT09,5362,34.12,2.0
1447348449.7,2023-11-28,PORT04,V444_0,2,DTP,3,0,V555555_6,1672006,PLANT03,PORT09,425,16.00746987951807,2.0
1447326661.7,2023-08-21,PORT04,V444_0,2,DTP,3,0,V555555_6,1672713,PLANT03,PORT09,310,4.300859598853869,2.0
1447308362.7,2023-10-23,PORT04,V444_0,2,DTP,0,0,V5555_33,1688285,PLANT03,PORT09,284,0.8794647523691408,2.0
1447306749.7,2023-06-08,PORT04,V444_0,2,DTP,3,0,V55555555_5,1697083,PLANT03,PORT09,321,0.6108304854135662,2.0
1447269695.7,2023-03-20,PORT04,V444_0,2,DTP,3,0,V55555555_5,1696074,PLANT03,PORT09,391,0.8879148421617342,2.0
1447269424.7,2023-09-17,PORT04,V444_0,2,DTP,0,0,V555555555_27,1677891,PLANT03,PORT09,1869,5.2914030456852785,2.0
1447254392.7,2023-06-18,PORT04,V44_3,0,CRF,3,0,V55555555_32,1699841,PLANT03,PORT09,5371,8.619598203080669,0.0
1447226828.7,2023-01-26,PORT04,V444_0,2,DTP,3,0,V55555555_5,1700143,PLANT03,PORT09,78638,64.7495082610717,2.0
1447226354.7,2023-01-14,PORT04,V444_0,2,DTP,3,0,V55555555_0,1662238,PLANT03,PORT09,261,0.20876190476190473,2.0
1447206418.7,2023-02-14,PORT04,V444_0,2,DTP,0,0,V5555_33,1682805,PLANT03,PORT09,256,0.8591497479956576,2.0
1447191359.7,2023-10-06,PORT04,V444_0,2,DTP,0,0,V55555555555_28,1666524,PLANT03,PORT09,50297,25.597459183281,2.0
1447162469.7,2023-04-10,PORT04,V444_1,1,DTD,5,0,V55555555555555_8,1690617,PLANT03,PORT09,352,2.282231962225092,1.0
1447152441.7,2023-08-24,PORT04,V444_0,2,DTP,0,0,V555555555_27,1662552,PLANT03,PORT09,2448,6.44,2.0
1447405364.7,2023-02-02,PORT04,V444_0,2,DTP,0,0,V555555555_14,1680210,PLANT03,PORT09,824,0.9899119028978227,2.0
1447398544.7,2023-01-28,PORT04,V444_0,2,DTP,0,0,V555555555_27,1668545,PLANT03,PORT09,341,0.10565803351693426,2.0
1447371518.7,2023-08-10,PORT04,V444_1,1,DTD,3,0,V5555555_19,1695349,PLANT03,PORT09,473,1.717580931469101,1.0
1447365154.7,2023-06-22,PORT04,V44_3,4,CRF,0,0,V555555555555555_29,1699419,PLANT03,PORT09,2708,7.077430258026667,3.76
1447339008.7,2023-12-15,PORT04,V444_1,1,DTD,0,0,V555555555555555555_45,1701406,PLANT03,PORT09,253,0.1283763442788867,1.0
1447337840.7,2023-06-27,PORT04,V444_0,2,DTP,3,0,V555555_6,1660897,PLANT03,PORT09,1334,7.94199110860769,2.0
1447308287.7,2023-05-22,PORT04,V444_0,2,DTP,3,0,V5555555_12,1677891,PLANT03,PORT09,649,1.3228507614213196,2.0
1447304763.7,2023-01-29,PORT04,V444_0,2,DTP,0,0,V55_13,1672714,PLANT03,PORT09,327,2.3538207329332104,2.0
1447300382.7,2023-10-18,PORT04,V444_0,2,DTP,0,0,V555555555_14,1696746,PLANT03,PORT09,589,13.258295153251163,2.0
1447294981.7,2023-02-06,PORT04,V444_0,3,DTP,0,0,V55555555_5,1661099,PLANT03,PORT09,24533,30.999999999999996,2.83
1447293532.7,2023-04-21,PORT04,V444_0,2,DTP,0,0,V555555555_14,1691700,PLANT08,PORT09,4143,24.85986929883893,2.0
1447283237.7,2023-07-19,PORT04,V444_0,2,DTP,3,0,V55555_2,1689548,PLANT03,PORT09,1234,79.47978763102167,2.0
1447265657.7,2023-10-22,PORT04,V444_0,2,DTP,0,0,V55555_26,1677692,PLANT03,PORT09,249,0.45073995669372313,2.0
1447258885.7,2023-01-12,PORT04,V444_0,2,DTP,0,0,V5555_33,1689543,PLANT03,PORT09,251,0.9802294262753112,2.0
1447254079.7,2023-09-02,PORT04,V444_1,1,DTD,5,0,V55555555555555_8,1688575,PLANT03,PORT09,1280,84.43409286184647,1.0
1447241399.7,2023-02-11,PORT04,V444_0,2,DTP,5,0,V55555555_7,1672117,PLANT03,PORT09,325,0.3248000000000001,2.0
1447227191.7,2023-05-26,PORT04,V444_0,2,DTP,0,0,V5555_33,1688288,PLANT03,PORT09,292,0.21320431603350354,2.0
1447227100.7,2023-07-29,PORT04,V444_0,2,DTP,0,0,V55555_26,1651377,PLANT03,PORT09,643,8.934999999999999,2.0
1447221841.7,2023-06-17,PORT04,V444_0,2,DTP,0,0,V5555_33,1689547,PLANT03,PORT09,300,0.6478764468582445,2.0
1447206054.7,2023-11-13,PORT04,V444_0,2,DTP,5,0,V55555555_7,1687353,PLANT12,PORT09,315,5.486231884057972,2.0
1447200580.7,2023-06-06,PORT04,V444_0,2,DTP,5,0,V55555555_7,1682760,PLANT03,PORT09,334,0.34160969072014075,2.0
1447197307.7,2023-02-27,PORT04,V444_0,2,DTP,0,0,V5555_33,1697872,PLANT03,PORT09,396,1.5144897483878592,2.0
1447196772.7,2023-03-25,PORT04,V444_0,2,DTP,3,0,V555555_6,1651299,PLANT03,PORT09,1368,3.346521411963369,2.0
1447139280.7,2023-02-08,PORT04,V444_1,1,DTD,5,0,V55555555555555_8,1689543,PLANT03,PORT09,309,1.225286782844139,1.0
1447407394.7,2023-05-22,PORT04,V444_0,2,DTP,0,0,V5555_33,1688587,PLANT03,PORT09,268,0.6384534025821912,2.0
1447405975.7,2023-12-15,PORT04,V444_1,1,DTD,0,0,V5555555_22,1682826,PLANT03,PORT09,664,27.113170720371066,1.0
1447404681.7,2023-12-26,PORT04,V444_0,2,DTP,0,0,V5555_33,1688575,PLANT03,PORT09,247,0.18086818572369293,2.0
1447403872.7,2023-04-21,PORT04,V444_1,1,DTD,5,0,V55555555555555_8,1693747,PLANT03,PORT09,437,21.22,1.0
1447401808.7,2023-10-23,PORT04,V444_0,2,DTP,0,0,V555555555_14,1683200,PLANT03,PORT09,287,1.20675815696649,2.0
1447392209.7,2023-08-11,PORT04,V444_0,2,DTP,3,0,V55555555_5,1690627,PLANT03,PORT09,400,3.8418385491678073,2.0
1447391415.7,2023-07-22,PORT04,V444_0,2,DTP,3,0,V55555_2,1689033,PLANT03,PORT09,641,9.74,2.0
1447379154.7,2023-05-21,PORT04,V444_0,2,DTP,0,0,V55555555555_28,1685028,PLANT03,PORT09,7744,6.382157778049208,2.0
1447377266.7,2023-04-19,PORT04,V444_0,2,DTP,3,0,V555555_6,1672713,PLANT03,PORT09,370,4.300859598853869,2.0
1447374419.7,2023-01-03,PORT04,V444_0,2,DTP,3,0,V555555_6,1660578,PLANT03,PORT09,527,30.66,2.0
1447369731.7,2023-04-09,PORT04,V444_0,2,DTP,3,0,V555555_6,1697085,PLANT03,PORT09,2240,8.97318316135683,2.0
1447367949.7,2023-08-26,PORT04,V444_0,2,DTP,3,0,V555555_6,1672661,PLANT03,PORT09,266,0.4388930606348424,2.0
1447360742.7,2023-07-18,PORT04,V444_0,2,DTP,0,0,V555555555555555_29,1688587,PLANT03,PORT09,378,4.560381447015651,2.0
1447328155.7,2023-03-03,PORT04,V444_1,1,DTD,5,0,V55555555555555_8,1688589,PLANT03,PORT09,302,4.567551104150948,1.0
1447320602.7,2023-10-17,PORT04,V44_3,0,CRF,3,0,V55555555_32,1699268,PLANT03,PORT09,909,1.3266798494467595,0.0
1447310031.7,2023-10-17,PORT04,V444_1,1,DTD,1,0,V555555555555555555_17,1680210,PLANT03,PORT09,934,1.1878942834773873,1.0
1447306589.7,2023-07-14,PORT04,V444_1,1,DTD,0,0,V5555555_22,1699553,PLANT03,PORT09,3267,13.186012313566394,1.0
1447296346.7,2023-12-23,PORT09,V444_0,0,DTP,3,0,V555555_6,1692708,PLANT16,PORT09,366,9.583807935526318,0.0
1447254121.7,2023-11-20,PORT04,V444_1,1,DTD,5,0,V55555555555555_8,1690621,PLANT03,PORT09,373,5.723080955896898,1.0
1447232794.7,2023-06-01,PORT04,V444_1,1,DTD,5,0,V55555555555555_8,1690617,PLANT03,PORT09,336,1.8257855697800736,1.0
1447224382.7,2023-12-27,PORT04,V444_0,2,DTP,5,0,V55555555_7,1660580,PLANT03,PORT09,759,54.8,2.0
1447207537.7,2023-04-25,PORT04,V444_0,2,DTP,0,0,V5555_33,1689544,PLANT03,PORT09,254,0.8580972618862004,2.0
1447185828.7,2023-12-22,PORT04,V444_0,2,DTP,0,0,V55555_26,1658532,PLANT03,PORT09,329,0.6144547214454723,2.0
1447182391.7,2023-08-23,PORT04,V44_3,0,CRF,0,0,V5555555_30,1699799,PLANT03,PORT09,2816,2.0957958942676056,0.0
1447178898.7,2023-07-10,PORT04,V444_0,2,DTP,0,0,V55555555_5,1660897,PLANT03,PORT09,1278,7.94199110860769,2.0
1447172399.7,2023-08-26,PORT04,V444_0,2,DTP,3,0,V55555_2,1658532,PLANT03,PORT09,283,0.4096364809636482,2.0
1447163978.7,2023-09-21,PORT04,V444_0,2,DTP,0,0,V5555_33,1682805,PLANT03,PORT09,284,3.694343916381327,2.0
1447400423.7,2023-08-27,PORT04,V444_0,2,DTP,0,0,V55555555555_28,1678000,PLANT03,PORT09,20261,11.169657785745683,2.0
1447395392.7,2023-01-02,PORT04,V444_0,2,DTP,0,0,V55555_4,1689541,PLANT03,PORT09,384,12.127085402184697,2.0
1447394309.7,2023-11-24,PORT04,V444_0,2,DTP,0,0,V5555_33,1688629,PLANT03,PORT09,271,0.17936531067828096,2.0
1447367669.7,2023-03-26,PORT04,V444_0,2,DTP,0,0,V555555555_14,1696262,PLANT08,PORT09,996,3.3039825017573152,2.0
1447364447.7,2023-02-22,PORT04,V444_0,2,DTP,0,0,V5555_33,1688589,PLANT03,PORT09,258,0.3654040883320759,2.0
1447346429.7,2023-03-15,PORT04,V444_0,2,DTP,0,0,V5555555_30,1674120,PLANT03,PORT09,696,33.010189418680596,2.0
1447335964.7,2023-05-18,PORT04,V444_0,3,DTD,0,0,V555555555555555555_42,1671426,PLANT03,PORT09,12289,7.676558079757033,3.0
1447323943.7,2023-09-23,PORT04,V444_0,2,DTP,0,0,V55555_26,1662552,PLANT03,PORT09,821,2.2933811399200903,2.0
1447312173.7,2023-09-26,PORT04,V444_0,2,DTP,0,0,V555555555_14,1689469,PLANT03,PORT09,1319,19.416436242042316,2.0
1447307776.7,2023-04-26,PORT04,V444_0,2,DTP,0,0,V5555_36,1671461,PLANT03,PORT09,17630,26.087424497685717,2.0
1447306613.7,2023-09-16,PORT04,V444_1,1,DTD,0,0,V5555555_22,1672651,PLANT03,PORT09,1402,19.28570661862382,1.0
1447304367.7,2023-10-04,PORT04,V444_0,2,DTP,0,0,V5555_33,1688294,PLANT03,PORT09,324,0.4577863647339706,2.0
1447299201.7,2023-03-01,PORT09,V44_3,1,CRF,3,0,V55555_53,1699336,PLANT16,PORT09,771,77.25,1.0
1447299182.7,2023-09-01,PORT04,V444_0,2,DTP,0,0,V5555_33,1689546,PLANT03,PORT09,294,0.7662544164301477,2.0
1447299148.7,2023-07-30,PORT04,V444_1,1,DTD,1,0,V555555555555555555_17,1699772,PLANT03,PORT09,767,5.799448133680697,1.0
1447292184.7,2023-04-18,PORT04,V444_0,2,DTP,0,0,V555555_24,1675655,PLANT03,PORT09,1267,8.82,2.0
1447283838.7,2023-03-11,PORT04,V444_0,2,DTP,3,0,V55555_2,1696748,PLANT03,PORT09,333,0.3585053173751017,2.0
1447282649.7,2023-11-05,PORT04,V444_0,2,DTP,0,0,V555555555555555_29,1689548,PLANT03,PORT09,563,24.3439362893065,2.0
1447280069.7,2023-10-03,PORT04,V444_0,2,DTP,0,0,V5555_33,1688629,PLANT03,PORT09,242,0.5380959320348428,2.0
1447278345.7,2023-05-23,PORT04,V444_0,2,DTP,3,0,V55555555_5,1682594,PLANT12,PORT09,333,12.148275862068965,2.0
1447269702.7,2023-08-26,PORT04,V444_0,2,DTP,3,0,V55555555_5,1697072,PLANT03,PORT09,815,3.091063855659761,2.0
1447246417.7,2023-11-26,PORT04,V444_0,2,DTP,0,0,V555555555_27,1695348,PLANT03,PORT09,551,0.9888091858867756,2.0
1447233549.7,2023-12-01,PORT04,V444_0,2,DTP,5,0,V55555555_7,1692940,PLANT03,PORT09,931,23.72,2.0
1447206031.7,2023-01-15,PORT04,V444_0,2,DTP,0,0,V5555_33,1675810,PLANT12,PORT09,290,1.4968242423223732,2.0
1447202849.7,2023-10-12,PORT04,V444_0,2,DTP,0,0,V5555_33,1689543,PLANT03,PORT09,318,0.4901147131376556,2.0
1447191300.7,2023-05-01,PORT04,V444_0,2,DTP,0,0,V5555_33,1682805,PLANT03,PORT09,325,0.5154898487973945,2.0
1447183236.7,2023-07-19,PORT04,V444_0,2,DTP,0,0,V555555555_14,1681888,PLANT08,PORT09,2689,9.174541944990908,2.0
1447182919.7,2023-09-25,PORT04,V444_1,1,DTD,5,0,V55555555555555_8,1690616,PLANT03,PORT09,269,0.47135044828415773,1.0
1447168421.7,2023-09-24,PORT04,V444_0,2,DTP,0,0,V555555555555555_29,1682814,PLANT03,PORT09,373,7.934333806681792,2.0
1447157792.7,2023-03-21,PORT04,V444_0,2,DTD,0,0,V555555_40,1663347,PLANT03,PORT09,4865,305.26,2.0
1447156747.7,2023-06-02,PORT04,V444_1,1,DTD,5,0,V55555555555555_8,1689548,PLANT03,PORT09,1300,76.47978763102167,1.0
1447152824.7,2023-08-25,PORT04,V444_1,1,DTD,0,0,V5555555555555_16,1682760,PLANT03,PORT09,277,0.08540242268003519,1.0
1447145842.7,2023-10-15,PORT04,V444_0,2,DTP,0,0,V55555555555_28,1687384,PLANT03,PORT09,7298,4.246038413033555,2.0
1447423198.7,2023-10-19,PORT04,V444_0,2,DTP,5,0,V55555555_7,1680915,PLANT03,PORT09,397,3.1813056372632187,2.0
1447410442.7,2023-09-06,PORT04,V444_0,2,DTP,3,0,V55555_2,1689032,PLANT03,PORT09,330,2.28,2.0
1447405938.7,2023-12-12,PORT04,V444_1,1,DTD,0,0,V5555555_22,1683633,PLANT03,PORT09,325,0.2033467741935484,1.0
1447405781.7,2023-04-06,PORT04,V444_1,1,DTD,0,0,V5555555_22,1692950,PLANT03,PORT09,953,4.380363928413702,1.0
1447403233.7,2023-06-14,PORT04,V444_0,2,DTP,0,0,V55555555_5,1667817,PLANT03,PORT09,960,10.795720164609051,2.0
1447387443.7,2023-03-18,PORT04,V444_0,2,DTP,0,0,V5555_33,1683424,PLANT03,PORT09,281,0.703153555432184,2.0
1447383131.7,2023-03-21,PORT04,V444_1,1,DTD,0,0,V555555555555555555_45,1688633,PLANT03,PORT09,334,9.278430745644487,1.0
1447375214.7,2023-11-22,PORT04,V44_3,2,CRF,3,0,V55555_2,1668612,PLANT03,PORT09,296,0.3722748815165877,2.0
1447371353.7,2023-11-14,PORT04,V444_0,2,DTP,3,0,V555555_6,1656350,PLANT03,PORT09,330,5.347853990105246,2.0
1447356008.7,2023-07-24,PORT04,V444_0,2,DTP,0,0,V555555_24,1666954,PLANT03,PORT09,1304,10.1,2.0
1447346557.7,2023-08-27,PORT04,V444_0,2,DTP,3,0,V555555_6,1687346,PLANT03,PORT09,679,8.3485508841441,2.0
1447320694.7,2023-07-22,PORT04,V444_1,1,DTD,0,0,V5555555_22,1676565,PLANT03,PORT09,1354,15.56,1.0
1447320651.7,2023-05-13,PORT04,V444_1,1,DTD,0,0,V5555555_22,1644308,PLANT03,PORT09,276,1.289556158183926,1.0
1447296448.7,2023-08-03,PORT09,V44_3,1,CRF,3,0,V55555_53,1696798,PLANT16,PORT09,2322,397.6,1.0
1447288498.7,2023-01-28,PORT04,V444_0,2,DTP,0,0,V555555555555555_29,1688629,PLANT03,PORT09,704,33.87306213565619,2.0
1447286432.7,2023-08-06,PORT04,V44_3,4,CRF,0,0,V555555555555555_29,1699567,PLANT03,PORT09,22789,18.490788410392074,3.24
1447284976.7,2023-12-07,PORT04,V444_0,2,DTP,0,0,V555555555_27,1662991,PLANT03,PORT09,288,3.585075757575758,2.0
1447284906.7,2023-02-24,PORT04,V444_1,1,DTD,0,0,V5555555_22,1672651,PLANT03,PORT09,431,2.4602587086875687,1.0
1447282080.7,2023-01-28,PORT04,V444_0,2,DTP,0,0,V5555_33,1689549,PLANT03,PORT09,333,0.5750612634313701,2.0
1447241506.7,2023-07-09,PORT04,V44_3,2,CRF,3,0,V55555_2,1672034,PLANT03,PORT09,244,0.11149335969016622,2.0
1447240887.7,2023-04-21,PORT04,V44_3,4,CRF,0,0,V555555555555555_29,1699540,PLANT03,PORT09,9888,18.23049520134817,3.08
1447238281.7,2023-05-21,PORT04,V444_1,1,DTD,5,0,V55555555555555_8,1699666,PLANT03,PORT09,1207,6.765,1.0
1447227182.7,2023-02-04,PORT04,V444_0,2,DTP,0,0,V55555555_5,1687346,PLANT03,PORT09,377,2.087137721036025,2.0
1447226255.7,2023-09-24,PORT04,V444_1,1,DTD,0,0,V5555555_22,1660585,PLANT03,PORT09,439,14.166659848639796,1.0
1447224917.7,2023-10-09,PORT04,V444_0,2,DTP,3,0,V555555_6,1660580,PLANT03,PORT09,362,4.597078288942696,2.0
1447220229.7,2023-10-07,PORT04,V444_0,2,DTP,0,0,V555555555_27,1699950,PLANT03,PORT09,1493,19.9700778891971,2.0
1447209786.7,2023-06-25,PORT04,V444_1,1,DTD,5,0,V55555555555555_8,1688294,PLANT03,PORT09,349,3.4333977355047796,1.0
1447207801.7,2023-08-16,PORT04,V44_3,4,CRF,0,0,V555555555555_31,1684560,PLANT03,PORT09,6301,2.6743861377122577,4.0
1447205182.7,2023-09-14,PORT04,V444_0,2,DTP,3,0,V55555_4,1699946,PLANT03,PORT09,378,2.0843540175017035,2.0
1447204110.7,2023-12-22,PORT04,V444_0,2,DTP,3,0,V55555_2,1646909,PLANT03,PORT09,526,14.835080696991298,2.0
1447201779.7,2023-04-17,PORT04,V444_0,2,DTP,0,0,V555555555_14,1691700,PLANT08,PORT09,4141,21.85986929883893,2.0
1447183494.7,2023-04-21,PORT04,V444_0,2,DTP,0,0,V555555555_27,1662552,PLANT03,PORT09,2318,6.22,2.0
1447179958.7,2023-10-10,PORT04,V444_1,1,DTD,0,0,V555555555555555555_45,1682763,PLANT03,PORT09,423,8.251889420758161,1.0
1447174686.7,2023-04-30,PORT04,V444_0,2,DTP,0,0,V555555_24,1688633,PLANT03,PORT09,330,4.917568295191578,2.0
1447172408.7,2023-09-18,PORT04,V444_0,2,DTP,3,0,V55555_2,1677878,PLANT03,PORT09,355,0.14872517255951506,2.0
1447167522.7,2023-09-04,PORT04,V444_0,2,DTP,0,0,V5555555_30,1658528,PLANT03,PORT09,1914,12.22,2.0
1447163627.7,2023-03-19,PORT04,V444_0,2,DTP,0,3,V555555555_27,1655723,PLANT03,PORT09,346,5.302120825016615,2.0
1447157117.7,2023-11-22,PORT09,V44_3,1,CRF,3,0,V55555_53,1699336,PLANT16,PORT09,889,107.88,1.0
1447146747.7,2023-09-19,PORT04,V444_0,2,DTP,3,1,V555_15,1668555,PLANT03,PORT09,1138,5.139583333333333,2.0
1447145186.7,2023-01-06,PORT04,V444_1,1,DTD,0,0,V5555555_22,1644308,PLANT03,PORT09,378,4.298520527279754,1.0
1447145123.7,2023-08-23,PORT04,V444_1,1,DTD,0,0,V5555555_22,1672651,PLANT03,PORT09,463,3.0587000162061666,1.0
1447423154.7,2023-01-19,PORT04,V444_0,2,DTP,5,0,V55555555_7,1688589,PLANT03,PORT09,508,17.443183974943416,2.0
1447399897.7,2023-12-19,PORT04,V44_3,0,CRF,3,0,V55555555_32,1699325,PLANT03,PORT09,844,2.552715574804064,0.0
1447394031.7,2023-11-24,PORT04,V444_0,2,DTP,0,0,V555555555_27,1687346,PLANT03,PORT09,259,0.22958514931396276,2.0
1447384158.7,2023-01-07,PORT04,V444_0,2,DTP,3,0,V55555_2,1664051,PLANT03,PORT09,20317,236.14,2.0
1447379063.7,2023-05-13,PORT04,V444_0,2,DTP,3,0,V55555_2,1646909,PLANT03,PORT09,520,14.835080696991298,2.0
1447376552.7,2023-07-15,PORT04,V444_0,2,DTP,0,0,V555555555_14,1696262,PLANT08,PORT09,1685,6.6079650035146305,2.0
1447373389.7,2023-12-28,PORT04,V444_0,2,DTP,3,0,V55555_2,1667817,PLANT03,PORT09,3480,48.08,2.0
1447373138.7,2023-08-24,PORT09,V44_3,1,CRF,3,0,V55555_53,1697317,PLANT16,PORT09,2938,521.68,1.0
1447371493.7,2023-12-14,PORT04,V444_0,2,DTP,0,0,V555555555_27,1687346,PLANT03,PORT09,299,0.6261413163108075,2.0
1447355495.7,2023-10-04,PORT04,V444_1,1,DTD,1,0,V555555555555555555_17,1651299,PLANT03,PORT09,1374,3.346521411963369,1.0
1447329900.7,2023-05-13,PORT04,V444_0,2,DTP,3,0,V555555_6,1697072,PLANT03,PORT09,1299,6.182127711319522,2.0
1447326106.7,2023-04-04,PORT04,V444_0,2,DTP,0,0,V5555_33,1683405,PLANT03,PORT09,274,0.16373684210526318,2.0
1447320451.7,2023-07-08,PORT04,V444_1,1,DTD,0,0,V5555555_22,1692946,PLANT03,PORT09,994,3.441058415401349,1.0
1447317139.7,2023-09-28,PORT04,V444_0,2,DTP,0,0,V555555555_35,1688629,PLANT03,PORT09,576,26.904796601742145,2.0
1447306558.7,2023-08-17,PORT04,V444_1,1,DTD,0,0,V5555555_22,1676565,PLANT03,PORT09,1048,9.78,1.0
1447304686.7,2023-03-29,PORT04,V444_0,2,DTP,0,0,V555555555_14,1689469,PLANT03,PORT09,1256,18.42,2.0
1447254058.7,2023-03-10,PORT09,V44_3,1,CRF,3,0,V55555_53,1697317,PLANT16,PORT09,2069,348.12,1.0
1447235312.7,2023-02-21,PORT04,V444_0,2,DTP,3,0,V55555_2,1651302,PLANT03,PORT09,377,0.6639604398848624,2.0
1447225485.7,2023-07-16,PORT04,V444_0,2,DTP,0,0,V555555555_27,1668547,PLANT03,PORT09,326,0.11949646304364998,2.0
1447185192.7,2023-09-09,PORT04,V44_3,0,CRF,3,0,V55555555_32,1699842,PLANT03,PORT09,3613,7.064261264516129,0.0
1447184603.7,2023-01-03,PORT04,V44_3,0,CRF,3,0,V55555555_32,1699552,PLANT03,PORT09,679,1.209029018919222,0.0
1447170773.7,2023-12-26,PORT04,V444_1,2,DTD,0,0,V55555_10,1677229,PLANT12,PORT09,284,1.7679653679653684,2.0
1447149039.7,2023-02-07,PORT04,V444_0,2,DTP,0,0,V5555_33,1674635,PLANT12,PORT09,416,27.884173665626655,2.0
1447147913.7,2023-02-28,PORT04,V444_0,2,DTP,0,0,V5555_33,1689549,PLANT03,PORT09,286,0.9584354390522833,2.0
1447146889.7,2023-10-02,PORT04,V444_0,2,DTP,3,1,V555_15,1689469,PLANT03,PORT09,378,2.5520545302552895,2.0
1447145125.7,2023-08-05,PORT04,V444_1,1,DTD,0,0,V5555555_22,1682784,PLANT03,PORT09,444,9.874049414172902,1.0
1447423169.7,2023-01-30,PORT04,V444_0,2,DTP,5,0,V55555555_7,1680562,PLANT03,PORT09,843,6.231830644205902,2.0
1447421586.7,2023-09-20,PORT04,V444_0,2,DTP,3,0,V555555_6,1697086,PLANT03,PORT09,336,0.5305647625236821,2.0
1447419093.7,2023-05-18,PORT04,V444_0,2,DTP,5,0,V55555555_7,1699283,PLANT03,PORT09,15451,74.57820542964517,2.0
1447417878.7,2023-03-27,PORT04,V444_1,1,DTD,0,0,V55555555555555_8,1688587,PLANT03,PORT09,303,2.7362288682093907,1.0
1447406526.7,2023-02-25,PORT04,V444_0,2,DTP,5,0,V55555555_7,1668547,PLANT03,PORT09,536,2.2306006434814662,2.0
1447392840.7,2023-10-30,PORT04,V44_3,4,CRF,0,0,V555555555555555_29,1699268,PLANT03,PORT09,899,1.3266798494467595,3.92
1447347899.7,2023-06-25,PORT04,V444_0,2,DTP,0,0,V5555_33,1688571,PLANT03,PORT09,298,4.052133070152486,2.0
1447335402.7,2023-04-03,PORT04,V44_3,0,CRF,3,0,V55555555_32,1699326,PLANT03,PORT09,1456,3.6189916666904764,0.0
1447307117.7,2023-06-06,PORT04,V444_0,2,DTP,3,1,V555_15,1677878,PLANT03,PORT09,573,0.9667136216368479,2.0
1447301548.7,2023-06-17,PORT04,V444_0,2,DTP,5,0,V55555555_7,1699369,PLANT03,PORT09,3271,8.018367116215119,2.0
1447246442.7,2023-04-08,PORT04,V444_0,2,DTP,0,0,V5555_33,1688288,PLANT03,PORT09,328,0.6396129481005106,2.0
1447211849.7,2023-11-27,PORT04,V444_1,1,DTD,5,0,V55555555555555_8,1689548,PLANT03,PORT09,573,24.3439362893065,1.0
1447191297.7,2023-04-29,PORT04,V444_0,2,DTP,0,0,V5555_33,1689550,PLANT03,PORT09,250,0.10222456536972489,2.0
1447183512.7,2023-02-19,PORT04,V444_0,2,DTP,3,0,V55555_2,1687661,PLANT03,PORT09,509,5.456000000000001,2.0
1447178254.7,2023-12-15,PORT04,V444_0,2,DTP,3,0,V55555_4,1651299,PLANT03,PORT09,3528,9.73533501662071,2.0
1447172254.7,2023-08-24,PORT04,V444_0,2,DTP,3,0,V5555555_22,1683199,PLANT03,PORT09,752,8.571916576391148,2.0
1447148727.7,2023-09-03,PORT04,V444_1,1,DTD,5,0,V55555555555555_8,1688629,PLANT03,PORT09,635,32.87306213565619,1.0
1447144474.7,2023-03-01,PORT04,V444_1,1,DTD,0,0,V555555555555555555_45,1688629,PLANT03,PORT09,525,18.936531067828096,1.0
1447138902.7,2023-01-25,PORT09,V44_3,1,CRF,3,0,V55555_53,1696798,PLANT16,PORT09,2974,524.1600000000001,1.0
1447137230.7,2023-06-13,PORT04,V444_0,2,DTP,3,0,V55555555_5,1697080,PLANT03,PORT09,878,3.780648135530698,2.0
1447423147.7,2023-07-12,PORT04,V444_0,2,DTP,5,0,V55555555_7,1668547,PLANT03,PORT09,545,1.7526147913068666,2.0
1447417831.7,2023-02-05,PORT04,V444_1,1,DTD,0,0,V55555555555555_8,1688589,PLANT03,PORT09,340,3.654040883320759,1.0
1447404374.7,2023-06-09,PORT04,V444_1,1,DTD,0,0,V5555555_22,1699553,PLANT03,PORT09,4099,16.667730117442506,1.0
1447397809.7,2023-02-02,PORT04,V444_0,2,DTP,3,0,V555555_6,1675615,PLANT03,PORT09,2744,22.559999999999995,2.0
1447394299.7,2023-09-29,PORT04,V444_1,1,DTD,5,0,V55555555555555_8,1700382,PLANT03,PORT09,319,13.48,1.0
1447392216.7,2023-11-26,PORT04,V44_3,0,CRF,0,0,V5555555_30,1699353,PLANT03,PORT09,1495,6.207562282153846,0.0
1447373498.7,2023-02-19,PORT04,V44_3,2,CRF,3,0,V55555_2,1672706,PLANT03,PORT09,315,0.6593092454835281,2.0
1447369958.7,2023-07-16,PORT04,V444_0,2,DTP,3,0,V55555_4,1662552,PLANT03,PORT09,2268,6.26,2.0
1447367886.7,2023-03-02,PORT04,V444_0,2,DTP,3,0,V5555555_22,1683200,PLANT03,PORT09,473,4.210815696649028,2.0
1447367164.7,2023-08-15,PORT04,V444_0,2,DTP,3,0,V555555_6,1682829,PLANT03,PORT09,596,22.16571032135538,2.0
1447355995.7,2023-06-13,PORT04,V444_1,1,DTD,5,0,V55555555555555_8,1689546,PLANT03,PORT09,388,6.1300353314411815,1.0
1447322707.7,2023-05-12,PORT04,V44_3,0,CRF,3,0,V55555555_32,1699283,PLANT03,PORT09,2812,12.763034238274194,0.0
1447301547.7,2023-06-18,PORT04,V444_0,2,DTP,5,0,V55555555_7,1699369,PLANT03,PORT09,6269,15.036734232430238,2.0
1447300855.7,2023-03-03,PORT04,V444_0,2,DTP,0,0,V5555_33,1689546,PLANT03,PORT09,295,0.4597526498580886,2.0
1447297183.7,2023-08-08,PORT04,V444_0,2,DTP,3,0,V555555555_3,1672000,PLANT03,PORT09,440,19.16,2.0
1447295512.7,2023-07-23,PORT04,V444_0,2,DTP,0,0,V55555555_5,1663337,PLANT03,PORT09,304,0.41395651738302763,2.0
1447281453.7,2023-12-10,PORT04,V444_0,2,DTP,0,0,V555555555_14,1669702,PLANT03,PORT09,2749,42.84000000000001,2.0
1447214237.7,2023-02-16,PORT04,V444_0,2,DTP,0,0,V555555555555555_29,1688589,PLANT03,PORT09,312,4.567551104150948,2.0
1447210816.7,2023-06-07,PORT04,V444_0,2,DTP,3,1,V555_15,1691700,PLANT08,PORT09,743,2.9824836623548663,2.0
1447200577.7,2023-04-15,PORT04,V444_0,2,DTP,5,0,V55555555_7,1672085,PLANT03,PORT09,342,7.14,2.0
1447195168.7,2023-01-20,PORT04,V444_0,2,DTP,3,0,V55555_2,1677878,PLANT03,PORT09,576,0.9667136216368479,2.0
1447179953.7,2023-10-17,PORT04,V444_1,1,DTD,0,0,V555555555555555555_45,1682805,PLANT03,PORT09,542,24.774492439869725,1.0
1447170779.7,2023-07-20,PORT04,V444_0,2,DTP,3,0,V55555555_5,1677229,PLANT12,PORT09,253,4.2,2.0
1447146831.7,2023-06-19,PORT04,V444_0,2,DTP,3,0,V55555555_0,1677878,PLANT03,PORT09,723,1.7847020707141807,2.0
1447146025.7,2023-03-14,PORT04,V444_1,1,DTD,0,0,V5555555_22,1683634,PLANT03,PORT09,530,5.334834599840538,1.0
1447405807.7,2023-05-22,PORT04,V444_1,1,DTD,0,0,V5555555_22,1656353,PLANT03,PORT09,548,8.934983724752794,1.0
1447402328.7,2023-08-27,PORT04,V444_1,1,DTD,0,0,V55555555555555_8,1690621,PLANT03,PORT09,256,1.1446161911793797,1.0
1447391483.7,2023-10-06,PORT04,V444_1,1,DTD,0,0,V555555555555555555_45,1701405,PLANT03,PORT09,241,0.7257546684517846,1.0
1447373495.7,2023-09-14,PORT04,V444_0,2,DTP,3,0,V55555_2,1668127,PLANT03,PORT09,620,37.18,2.0
1447369941.7,2023-11-21,PORT04,V44_3,0,CRF,3,0,V55555555_32,1699697,PLANT03,PORT09,10236,6.6157474876997,0.0
1447363367.7,2023-08-04,PORT04,V444_0,2,DTP,0,0,V555555555_14,1672344,PLANT08,PORT09,5643,40.63893872616503,2.0
1447339006.7,2023-12-10,PORT04,V444_0,2,DTP,3,0,V55555555_5,1697083,PLANT03,PORT09,331,0.43776184787972244,2.0
1447328101.7,2023-04-14,PORT04,V444_1,1,DTD,1,0,V555555555555555555_17,1696746,PLANT03,PORT09,437,8.838863435500775,1.0
1447320836.7,2023-02-08,PORT04,V444_1,1,DTD,0,0,V5555555_22,1684709,PLANT03,PORT09,275,1.48,1.0
1447320559.7,2023-09-21,PORT04,V444_1,1,DTD,0,0,V5555555_22,1686401,PLANT03,PORT09,436,3.1317980107115537,1.0
1447300263.7,2023-12-24,PORT04,V444_0,2,DTP,5,0,V55555555_7,1660585,PLANT03,PORT09,1303,91.07773368787068,2.0
1447264810.7,2023-01-21,PORT04,V444_1,1,DTD,5,0,V55555555555555_8,1688571,PLANT03,PORT09,451,16.6179698702282,1.0
1447251804.7,2023-03-20,PORT04,V444_0,2,DTP,3,0,V55555555_5,1652887,PLANT13,PORT09,453,106.79999999999998,2.0
1447237026.7,2023-08-23,PORT04,V444_1,1,DTD,5,0,V55555555555555_8,1688571,PLANT03,PORT09,323,4.40449246755705,1.0
1447189650.7,2023-09-21,PORT04,V444_1,1,DTD,5,0,V55555555555555_8,1689541,PLANT03,PORT09,459,27.32,1.0
1447182392.7,2023-03-01,PORT04,V44_3,0,CRF,0,0,V5555555_30,1698997,PLANT03,PORT09,10256,0.3688506141025641,0.0
1447171731.7,2023-03-09,PORT04,V444_0,2,DTP,0,0,V55555_26,1672706,PLANT03,PORT09,486,16.380000000000003,2.0
1447170174.7,2023-07-14,PORT04,V444_0,2,DTP,3,1,V555_15,1676853,PLANT03,PORT09,732,1.2943964690078669,2.0
1447169614.7,2023-02-21,PORT04,V444_0,2,DTP,0,0,V555555555_14,1689147,PLANT03,PORT09,754,1.882882353804819,2.0
1447164258.7,2023-07-21,PORT04,V444_0,2,DTP,3,0,V555555_6,1685212,PLANT03,PORT09,429,2.3090002931691584,2.0
1447157034.7,2023-10-19,PORT09,V444_0,0,DTP,3,0,V555555_6,1692708,PLANT16,PORT09,334,4.791903967763159,0.0
1447423166.7,2023-01-22,PORT04,V444_0,2,DTP,5,0,V55555555_7,1668545,PLANT03,PORT09,476,2.5146611977030355,2.0
1447398198.7,2023-05-25,PORT04,V444_0,2,DTP,0,0,V555555555_27,1656246,PLANT03,PORT09,1280,4.096305732484077,2.0
1447396701.7,2023-03-03,PORT04,V444_1,1,DTD,5,0,V55555555555555_8,1676563,PLANT03,PORT09,515,3.7000000000000006,1.0
1447390897.7,2023-11-02,PORT04,V44_3,2,CRF,3,0,V55555_2,1682832,PLANT03,PORT09,328,0.3561290073464699,2.0
1447389094.7,2023-09-30,PORT04,V444_0,2,DTP,3,0,V5555555_22,1697872,PLANT03,PORT09,504,4.017604749195571,2.0
1447359554.7,2023-08-07,PORT04,V44_3,0,CRF,0,0,V5555555_30,1699552,PLANT03,PORT09,1174,2.418058037838444,0.0
1447334332.7,2023-05-30,PORT04,V444_1,1,DTD,5,0,V55555555555555_8,1688629,PLANT03,PORT09,356,4.484132766957024,1.0
1447326471.7,2023-01-09,PORT04,V444_0,2,DTP,3,0,V555555_6,1663337,PLANT03,PORT09,1580,85.16,2.0
1447302754.7,2023-05-05,PORT04,V444_0,2,DTP,0,0,V5555555_30,1668346,PLANT03,PORT09,285,2.5,2.0
1447300854.7,2023-12-06,PORT04,V444_0,2,DTP,0,0,V5555_33,1689544,PLANT03,PORT09,310,0.4290486309431002,2.0
1447292179.7,2023-02-08,PORT04,V444_0,2,DTP,0,0,V555555_24,1689548,PLANT03,PORT09,311,4.91566598364743,2.0
1447271422.7,2023-06-29,PORT04,V444_0,2,DTP,0,0,V55_13,1663396,PLANT03,PORT09,309,2.174103017914167,2.0
1447269823.7,2023-12-21,PORT04,V444_1,1,DTD,5,0,V55555555555555_8,1690627,PLANT03,PORT09,387,2.3051031295006843,1.0
1447266899.7,2023-07-23,PORT04,V444_0,2,DTP,3,0,V555555_6,1656839,PLANT03,PORT09,350,1.2268156424581007,2.0
1447245216.7,2023-04-28,PORT04,V44_3,0,CRF,3,0,V55555555_32,1699682,PLANT03,PORT09,2715,8.862686263583756,0.0
1447224402.7,2023-01-06,PORT04,V444_0,2,DTP,0,0,V55555_4,1699946,PLANT03,PORT09,526,4.791618431038399,2.0
1447207593.7,2023-01-05,PORT04,V44_3,2,CRF,3,0,V55555_2,1666954,PLANT03,PORT09,239,0.06862452457753601,2.0
1447193129.7,2023-03-10,PORT04,V444_0,2,DTP,3,0,V5555555_22,1683199,PLANT03,PORT09,1218,18.143833152782296,2.0
1447185760.7,2023-06-25,PORT04,V444_0,2,DTP,0,0,V55555_26,1689145,PLANT03,PORT09,254,0.03576919361293973,2.0
1447173858.7,2023-06-17,PORT04,V444_0,2,DTP,5,0,V55555555_7,1668545,PLANT03,PORT09,426,1.0565803351693426,2.0
1447165541.7,2023-05-05,PORT04,V444_0,2,DTP,3,0,V555555_6,1699952,PLANT03,PORT09,4285,156.5202360640832,2.0
1447164210.7,2023-07-05,PORT04,V444_0,2,DTP,5,0,V55555555_7,1660580,PLANT03,PORT09,528,18.9,2.0
1447152814.7,2023-04-16,PORT04,V444_0,2,DTP,0,0,V555555555_27,1675615,PLANT03,PORT09,1315,9.08,2.0
1447152365.7,2023-07-18,PORT04,V444_0,2,DTP,0,0,V5555_33,1677891,PLANT03,PORT09,2803,7.0,2.0
1447151664.7,2023-04-27,PORT04,V444_0,2,DTP,0,0,V5555_33,1688290,PLANT03,PORT09,281,0.39801493792881815,2.0
1447142677.7,2023-01-11,PORT04,V444_0,2,DTP,3,0,V5555555_22,1683197,PLANT03,PORT09,370,3.1817017234360154,2.0
1447398480.7,2023-11-23,PORT09,V44_3,1,CRF,3,0,V55555_53,1702652,PLANT16,PORT09,366,19.54,1.0
1447392663.7,2023-11-20,PORT04,V444_1,1,DTD,5,0,V55555555555555_8,1689541,PLANT03,PORT09,322,7.292825223435943,1.0
1447386301.7,2023-03-11,PORT04,V444_1,1,DTD,0,0,V5555555_22,1699799,PLANT03,PORT09,5312,4.191591788535211,1.0
1447377047.7,2023-09-18,PORT04,V444_0,2,DTP,0,0,V5555_33,1688571,PLANT03,PORT09,287,1.233257890915974,2.0
1447373473.7,2023-12-22,PORT04,V444_0,2,DTP,3,0,V55555_2,1656246,PLANT03,PORT09,2301,8.192611464968154,2.0
1447350126.7,2023-02-15,PORT04,V444_0,3,DTD,0,0,V555555555555555555_42,1671426,PLANT03,PORT09,15248,9.595697599696292,3.0
1447335427.7,2023-01-13,PORT04,V444_1,1,DTD,0,0,V5555555_22,1672661,PLANT03,PORT09,341,2.1108666249580517,1.0
1447328157.7,2023-01-14,PORT04,V444_1,1,DTD,5,0,V55555555555555_8,1688285,PLANT03,PORT09,370,3.908732232751737,1.0
1447325842.7,2023-02-20,PORT04,V444_0,2,DTP,3,0,V55555_4,1655373,PLANT03,PORT09,362,5.374605026190984,2.0
1447321282.7,2023-03-22,PORT04,V444_0,2,DTP,0,0,V5555_33,1697874,PLANT03,PORT09,339,0.703760431306583,2.0
1447310431.7,2023-09-21,PORT04,V444_0,2,DTP,3,0,V55555_4,1662552,PLANT03,PORT09,1259,3.48,2.0
1447296425.7,2023-02-03,PORT04,V444_1,1,DTD,0,0,V555555555555555555_45,1689544,PLANT03,PORT09,328,0.10726215773577505,1.0
1447273092.7,2023-06-27,PORT04,V444_0,2,DTP,0,0,V5555555555_1,1681376,PLANT13,PORT09,256,1.4733487488905672,2.0
1447266850.7,2023-06-11,PORT04,V444_0,2,DTP,3,0,V555555_6,1668545,PLANT03,PORT09,1137,6.46,2.0
1447238819.7,2023-04-27,PORT04,V444_0,2,DTP,3,0,V55555_2,1689032,PLANT03,PORT09,493,4.84,2.0
1447234789.7,2023-07-17,PORT04,V444_0,2,DTP,3,0,V55555555_5,1690171,PLANT13,PORT09,329,16.2,2.0
1447196644.7,2023-09-06,PORT04,V444_0,2,DTP,3,0,V55555_2,1668545,PLANT03,PORT09,403,0.9509223016524084,2.0
1447188564.7,2023-03-21,PORT04,V444_0,2,DTP,5,0,V55555555_7,1689548,PLANT03,PORT09,519,16.04491710146638,2.0
1447187875.7,2023-01-24,PORT04,V444_0,2,DTP,0,0,V55555555_5,1649002,PLANT03,PORT09,557,3.06,2.0
1447182469.7,2023-01-15,PORT04,V44_3,4,CRF,0,0,V555555555555555_29,1699372,PLANT03,PORT09,1128,0.7897632766190477,3.96
1447172441.7,2023-05-19,PORT04,V444_0,2,DTP,3,0,V55555_2,1689785,PLANT03,PORT09,286,0.818904958492704,2.0
1447423188.7,2023-02-12,PORT04,V444_0,2,DTP,5,0,V55555555_7,1675615,PLANT03,PORT09,919,5.661036673461718,2.0
1447423155.7,2023-07-20,PORT04,V444_0,2,DTP,5,0,V55555555_7,1668547,PLANT03,PORT09,380,0.7966430869576666,2.0
1447418985.7,2023-06-22,PORT04,V444_0,2,DTP,5,0,V55555555_7,1699561,PLANT03,PORT09,10242,8.716372159062498,2.0
1447418963.7,2023-06-08,PORT04,V444_0,2,DTP,5,0,V55555555_7,1682784,PLANT03,PORT09,310,5.679762937356094,2.0
1447407856.7,2023-07-05,PORT04,V44_3,0,CRF,3,0,V55555555_32,1699539,PLANT03,PORT09,1216,2.905743511346457,0.0
1447373468.7,2023-05-24,PORT04,V44_3,2,CRF,3,0,V55555_2,1668545,PLANT03,PORT09,329,0.7396062346185398,2.0
1447357555.7,2023-01-02,PORT04,V444_0,2,DTP,3,0,V55555_4,1662395,PLANT03,PORT09,305,0.40410308137187023,2.0
1447339096.7,2023-05-03,PORT04,V444_1,1,DTD,0,0,V555555555555555555_45,1689548,PLANT03,PORT09,3270,209.439362893065,1.0
1447320723.7,2023-08-17,PORT04,V44_3,0,CRF,0,0,V555555555555555_29,1699564,PLANT03,PORT09,10054,8.931931144366747,1.36
1447305215.7,2023-10-12,PORT04,V444_0,2,DTP,3,0,V55555_2,1687346,PLANT03,PORT09,656,7.51369579572969,2.0
1447280520.7,2023-11-20,PORT04,V444_1,1,DTD,3,0,V5555555_19,1692108,PLANT03,PORT09,316,0.05919844303429352,1.0
1447246605.7,2023-10-05,PORT04,V444_0,2,DTP,0,0,V5555_33,1688633,PLANT03,PORT09,276,0.5567058447386692,2.0
1447243012.7,2023-06-12,PORT04,V444_1,1,DTD,5,0,V55555555555555_8,1688575,PLANT03,PORT09,1060,71.34727428947717,1.0
1447241398.7,2023-01-20,PORT04,V444_0,2,DTP,5,0,V55555555_7,1683407,PLANT03,PORT09,335,4.339401126593536,2.0
1447214779.7,2023-09-26,PORT04,V444_1,2,DTD,0,0,V55555_10,1681688,PLANT12,PORT09,420,32.28718959363491,2.0
1447189431.7,2023-10-03,PORT04,V444_0,2,DTP,0,0,V555555555_27,1677877,PLANT03,PORT09,4286,7.8,2.0
1447188079.7,2023-08-02,PORT04,V444_0,2,DTP,5,0,V55555555_7,1668547,PLANT03,PORT09,438,0.9559717043491999,2.0
1447166887.7,2023-12-15,PORT04,V444_0,2,DTP,5,0,V55555555_7,1682784,PLANT03,PORT09,579,25.612385972377318,2.0
1447153212.7,2023-05-28,PORT04,V444_0,3,DTD,0,0,V555555555555555555_42,1671426,PLANT03,PORT09,33235,22.11053471933184,3.0
1447423152.7,2023-02-20,PORT04,V444_0,2,DTP,5,0,V55555555_7,1668545,PLANT03,PORT09,543,2.430134770889488,2.0
1447400428.7,2023-05-09,PORT04,V444_0,2,DTP,3,0,V55555555_0,1696954,PLANT03,PORT09,621,2.3,2.0
1447389199.7,2023-04-27,PORT04,V444_0,2,DTP,0,0,V55555_26,1654498,PLANT03,PORT09,35347,890.9636900369004,2.0
1447383917.7,2023-03-06,PORT04,V444_0,2,DTP,3,0,V555555_6,1672664,PLANT03,PORT09,559,8.947328590888453,2.0
1447383145.7,2023-09-06,PORT04,V444_1,1,DTD,0,0,V555555555555555555_45,1688629,PLANT03,PORT09,1338,82.40011658185361,1.0
1447382540.7,2023-08-04,PORT04,V444_0,2,DTP,0,0,V55555555_5,1675654,PLANT03,PORT09,1323,8.98,2.0
1447382057.7,2023-02-08,PORT04,V444_1,1,DTD,0,0,V5555555_22,1676566,PLANT03,PORT09,1304,9.53735779880599,1.0
1447353694.7,2023-09-11,PORT04,V44_3,0,CRF,0,0,V5555555_30,1699345,PLANT03,PORT09,1284,2.9850138075652843,0.0
1447350453.7,2023-08-06,PORT04,V444_1,1,DTD,5,0,V55555555555555_8,1689541,PLANT03,PORT09,465,30.800000000000004,1.0
1447339802.7,2023-02-04,PORT04,V444_0,2,DTP,0,0,V55555555_5,1689548,PLANT03,PORT09,390,11.17196814465325,2.0
1447317906.7,2023-11-14,PORT04,V444_0,2,DTP,3,0,V555555_6,1697080,PLANT03,PORT09,2262,12.851561553387768,2.0
1447283685.7,2023-04-15,PORT04,V444_0,2,DTP,0,0,V5555555_30,1674120,PLANT03,PORT09,762,38.94,2.0
1447266920.7,2023-04-15,PORT04,V444_0,2,DTP,3,0,V55555_4,1675670,PLANT03,PORT09,746,4.42,2.0
1447266856.7,2023-05-08,PORT04,V444_0,2,DTP,3,0,V55555_2,1669409,PLANT03,PORT09,385,0.9032025897764061,2.0
1447224454.7,2023-07-26,PORT04,V444_0,2,DTP,5,0,V55555555_7,1699283,PLANT03,PORT09,2848,11.763034238274194,2.0
1447208879.7,2023-01-15,PORT04,V444_0,2,DTP,3,0,V555555_6,1662274,PLANT03,PORT09,289,0.3322522522522522,2.0
1447208339.7,2023-03-01,PORT04,V444_0,2,DTP,0,0,V555555555555555_29,1699948,PLANT03,PORT09,2258,61.98525580272438,2.0
1447175884.7,2023-01-22,PORT04,V444_1,1,DTD,5,0,V55555555555555_8,1688629,PLANT03,PORT09,485,18.936531067828096,1.0
1447162977.7,2023-09-16,PORT04,V444_0,2,DTP,0,0,V555555555_14,1677889,PLANT03,PORT09,749,2.8915097831182606,2.0
1447152364.7,2023-06-01,PORT04,V444_0,2,DTP,0,0,V5555_33,1677891,PLANT03,PORT09,1037,2.4935736852791877,2.0
1447406927.7,2023-11-06,PORT04,V444_0,2,DTP,3,0,V555555_6,1663337,PLANT03,PORT09,339,1.241869552149083,2.0
1447405815.7,2023-05-03,PORT04,V444_1,1,DTD,0,0,V5555555_22,1686401,PLANT03,PORT09,327,0.7368936495791891,1.0
1447389216.7,2023-12-22,PORT04,V444_0,2,DTP,3,0,V555555_6,1669409,PLANT03,PORT09,1170,6.46,2.0
1447386034.7,2023-07-17,PORT04,V444_0,2,DTP,3,0,V5555555_22,1697874,PLANT03,PORT09,948,11.900467124904184,2.0
1447381074.7,2023-01-08,PORT04,V444_0,2,DTP,3,0,V555555_6,1668545,PLANT03,PORT09,1324,9.02,2.0
1447377401.7,2023-10-13,PORT04,V444_0,2,DTP,0,0,V55555_26,1693230,PLANT03,PORT09,41737,230.74075217718337,2.0
1447372960.7,2023-09-05,PORT04,V444_0,2,DTP,3,0,V555555_6,1683704,PLANT03,PORT09,672,2.088446790775215,2.0
1447365206.7,2023-02-14,PORT04,V444_1,2,DTD,5,0,V55555555555555_8,1650715,PLANT12,PORT09,695,121.80000000000001,2.0
1447317048.7,2023-01-10,PORT04,V444_0,2,DTP,0,0,V55555555_5,1658532,PLANT03,PORT09,296,1.0240912024091204,2.0
1447309547.7,2023-11-15,PORT04,V444_1,1,DTD,0,0,V5555555_22,1651366,PLANT03,PORT09,268,1.2378628667762985,1.0
1447306128.7,2023-07-25,PORT04,V44_3,0,CRF,3,0,V55555555_32,1699625,PLANT03,PORT09,13517,50.520205781567874,0.0
1447303420.7,2023-02-09,PORT04,V444_0,2,DTP,0,0,V555555555_14,1676853,PLANT03,PORT09,2294,5.283250893909661,2.0
1447282660.7,2023-03-01,PORT04,V444_0,2,DTP,0,0,V555555555555555_29,1688571,PLANT03,PORT09,378,4.40449246755705,2.0
1447266861.7,2023-05-18,PORT04,V444_0,2,DTP,0,0,V55555_26,1668492,PLANT03,PORT09,658,7.676666666666666,2.0
1447251098.7,2023-01-27,PORT04,V444_0,2,DTP,5,0,V55555555_7,1689547,PLANT03,PORT09,800,34.54560269288243,2.0
1447251021.7,2023-03-19,PORT04,V444_0,2,DTP,3,0,V55555_4,1650568,PLANT03,PORT09,271,0.00838646872718423,2.0
1447232394.7,2023-06-19,PORT04,V444_0,2,DTP,0,0,V5555_33,1688633,PLANT03,PORT09,273,1.2989803043902282,2.0
1447232283.7,2023-12-27,PORT04,V444_0,2,DTP,3,0,V55555555_5,1700130,PLANT03,PORT09,66392,63.149077746630255,2.09
1447221910.7,2023-08-12,PORT04,V444_0,2,DTP,3,0,V555555_6,1615677,PLANT03,PORT09,822,3.44,2.0
1447218783.7,2023-08-11,PORT04,V444_0,2,DTP,0,0,V555555555_27,1675615,PLANT03,PORT09,1258,8.82,2.0
1447215327.7,2023-04-30,PORT04,V444_0,2,DTP,3,0,V55555_4,1696075,PLANT03,PORT09,285,0.011657028724235024,2.0
1447208162.7,2023-04-09,PORT04,V444_0,2,DTP,3,0,V55555_4,1676853,PLANT03,PORT09,1326,2.6416254469548304,2.0
1447207649.7,2023-06-05,PORT04,V444_0,2,DTP,0,0,V55_13,1658532,PLANT03,PORT09,312,0.6554183695418371,2.0
1447194395.7,2023-05-21,PORT04,V44_3,2,CRF,3,0,V55555_2,1672713,PLANT03,PORT09,314,0.43008595988538684,2.0
1447181098.7,2023-10-16,PORT04,V444_1,1,DTD,3,3,V555555555555555_44,1696654,PLANT03,PORT09,3307,109.10688526249874,1.0
1447180375.7,2023-06-02,PORT04,V444_0,2,DTP,0,0,V5555_33,1661119,PLANT12,PORT09,383,12.375010890712012,2.0
1447155740.7,2023-02-12,PORT04,V444_1,1,DTD,0,0,V5555555_22,1656353,PLANT03,PORT09,976,29.214812813008507,1.0
1447418327.7,2023-04-21,PORT04,V444_0,2,DTP,5,0,V55555555_7,1687346,PLANT03,PORT09,493,3.506391371340522,2.0
1447405779.7,2023-06-03,PORT04,V444_1,1,DTD,0,0,V5555555_22,1692950,PLANT03,PORT09,983,4.380363928413702,1.0
1447394514.7,2023-07-02,PORT04,V444_0,2,DTP,0,0,V555555555_14,1670215,PLANT03,PORT09,4307,39.4737895176088,2.0
1447330380.7,2023-06-03,PORT04,V444_1,1,DTD,5,0,V55555555555555_8,1688294,PLANT03,PORT09,277,1.1444659118349265,1.0
1447317260.7,2023-02-21,PORT04,V444_1,1,DTD,0,0,V555555555555555555_45,1689543,PLANT03,PORT09,242,0.9802294262753112,1.0
1447313841.7,2023-02-15,PORT04,V444_0,2,DTP,3,0,V55555555_0,1692997,PLANT03,PORT09,472,4.607988764196971,2.0
1447305841.7,2023-06-18,PORT04,V444_0,2,DTP,0,0,V55555_26,1675654,PLANT03,PORT09,2249,15.04,2.0
1447300850.7,2023-09-12,PORT04,V444_0,2,DTP,0,0,V5555_33,1688290,PLANT03,PORT09,258,0.39801493792881815,2.0
1447288506.7,2023-01-02,PORT04,V444_0,2,DTP,0,0,V555555555555555_29,1688589,PLANT03,PORT09,353,4.567551104150948,2.0
1447288170.7,2023-05-21,PORT04,V444_1,1,DTD,5,0,V55555555555555_8,1684755,PLANT03,PORT09,298,1.2787096774193547,1.0
1447283690.7,2023-08-03,PORT04,V444_0,2,DTP,0,0,V55555_26,1689145,PLANT03,PORT09,510,0.7153838722587947,2.0
1447272305.7,2023-03-07,PORT04,V444_1,1,DTD,0,0,V5555555_22,1656348,PLANT03,PORT09,429,6.385597179986933,1.0
1447266849.7,2023-11-17,PORT04,V444_0,2,DTP,3,0,V555555_6,1668555,PLANT03,PORT09,1138,5.139583333333333,2.0
1447258888.7,2023-06-18,PORT04,V444_0,2,DTP,0,0,V5555_33,1688629,PLANT03,PORT09,250,0.3587306213565619,2.0
1447236558.7,2023-03-26,PORT04,V444_0,2,DTP,5,0,V55555555_7,1682739,PLANT03,PORT09,342,13.099582814445832,2.0
1447223365.7,2023-08-26,PORT04,V444_0,2,DTP,3,0,V555555555_3,1688587,PLANT03,PORT09,442,18.241525788062603,2.0
1447209486.7,2023-12-27,PORT04,V444_0,2,DTP,0,0,V555555555_27,1677891,PLANT03,PORT09,460,0.6614253807106598,2.0
1447208252.7,2023-02-25,PORT04,V444_0,2,DTP,3,0,V55555555_5,1699952,PLANT03,PORT09,8135,284.4304647511638,2.0
1447201876.7,2023-11-12,PORT04,V444_1,1,DTD,0,0,V5555555_22,1682742,PLANT03,PORT09,400,11.86,1.0
1447200392.7,2023-03-09,PORT04,V444_0,2,DTP,5,0,V55555555_7,1689547,PLANT03,PORT09,395,9.64616043100053,2.0
1447200080.7,2023-06-02,PORT04,V444_1,1,DTD,3,3,V555555555555555_44,1699952,PLANT03,PORT09,2034,69.38410622883744,1.0
1447199997.7,2023-07-29,PORT04,V444_0,2,DTP,0,0,V555555555_27,1699952,PLANT03,PORT09,740,15.227225967049154,2.0
1447185422.7,2023-07-10,PORT04,V444_1,1,DTD,5,0,V55555555555555_8,1689543,PLANT03,PORT09,338,1.225286782844139,1.0
1447182884.7,2023-10-24,PORT04,V44_3,0,CRF,3,0,V55555555_32,1699548,PLANT03,PORT09,5308,7.565340659822665,0.0
1447182398.7,2023-05-11,PORT04,V44_3,0,CRF,3,0,V55555555_32,1699576,PLANT03,PORT09,2929,3.1571569540012447,0.0
1447167718.7,2023-02-21,PORT04,V444_0,2,DTP,0,0,V555555555_35,1689548,PLANT03,PORT09,318,1.4895957526204335,2.0
1447165524.7,2023-01-09,PORT04,V444_0,2,DTP,0,0,V55_13,1672714,PLANT03,PORT09,278,1.4609921790619929,2.0
1447156240.7,2023-03-06,PORT04,V444_0,2,DTP,0,0,V5555555_30,1668346,PLANT03,PORT09,485,21.6,2.0
1447146560.7,2023-11-04,PORT04,V444_0,2,DTP,5,0,V55555555_7,1668094,PLANT03,PORT09,290,6.52,2.0
1447146538.7,2023-12-11,PORT04,V444_0,2,DTP,3,0,V55555_4,1652080,PLANT03,PORT09,389,2.48,2.0
1447145259.7,2023-09-11,PORT04,V444_1,1,DTD,0,0,V5555555_22,1680915,PLANT03,PORT09,554,4.92,1.0
1447411638.7,2023-05-06,PORT04,V444_1,1,DTD,0,0,V55555555555555_8,1688629,PLANT03,PORT09,343,8.968265533914048,1.0
1447410133.7,2023-06-30,PORT04,V444_0,2,DTP,0,0,V555555_34,1682829,PLANT03,PORT09,821,41.10932593319671,2.0
1447384427.7,2023-03-20,PORT04,V444_0,2,DTP,0,0,V5555_33,1689547,PLANT03,PORT09,254,1.2237666218433507,2.0
1447377761.7,2023-02-18,PORT04,V444_0,2,DTP,0,0,V555555_24,1689550,PLANT03,PORT09,302,1.0222456536972488,2.0
1447356162.7,2023-07-16,PORT04,V444_0,2,DTP,0,0,V555555555555555_29,1682802,PLANT03,PORT09,289,3.824308669118026,2.0
1447321274.7,2023-05-19,PORT04,V444_0,2,DTP,5,0,V55555555_7,1660580,PLANT03,PORT09,443,15.3,2.0
1447292034.7,2023-12-22,PORT04,V444_0,2,DTP,0,0,V5555_33,1688288,PLANT03,PORT09,269,0.10660215801675177,2.0
1447288320.7,2023-07-17,PORT04,V444_0,2,DTP,0,0,V5555_33,1688633,PLANT03,PORT09,279,0.5567058447386692,2.0
1447283724.7,2023-06-28,PORT04,V444_0,2,DTP,0,0,V55555_26,1644050,PLANT03,PORT09,292,3.3714272633050695,2.0
1447282653.7,2023-04-30,PORT04,V444_0,2,DTP,0,0,V555555555555555_29,1688575,PLANT03,PORT09,317,4.521704643092323,2.0
1447267044.7,2023-03-04,PORT04,V444_0,2,DTP,0,0,V55555555_5,1675654,PLANT03,PORT09,348,0.945155161494617,2.0
1447242378.7,2023-01-04,PORT04,V444_0,2,DTP,0,0,V55555555_5,1682805,PLANT03,PORT09,1776,128.87246219934863,2.08
1447240037.7,2023-04-27,PORT04,V444_1,1,DTD,5,0,V55555555555555_8,1688610,PLANT03,PORT09,944,85.23829965614405,1.0
1447212628.7,2023-05-09,PORT04,V44_3,2,CRF,3,0,V55555_2,1687346,PLANT03,PORT09,327,0.083485508841441,2.0
1447210927.7,2023-11-27,PORT04,V444_0,2,DTP,0,0,V555555555_27,1676942,PLANT03,PORT09,2252,3.3114089347079037,2.0
1447204818.7,2023-04-08,PORT04,V444_0,2,DTP,3,0,V555555_6,1667817,PLANT03,PORT09,658,5.8978600823045255,2.0
1447194398.7,2023-03-03,PORT04,V44_3,2,CRF,3,0,V55555_2,1689541,PLANT03,PORT09,319,0.4375695134061566,2.0
1447183460.7,2023-02-16,PORT04,V444_0,2,DTP,0,0,V55_13,1668545,PLANT03,PORT09,570,3.2014384155631084,2.0
1447183454.7,2023-03-17,PORT04,V444_0,2,DTP,0,0,V55_13,1684703,PLANT03,PORT09,377,0.8929220936589516,2.0
1447174465.7,2023-09-14,PORT04,V444_0,2,DTP,3,0,V55555_2,1664061,PLANT03,PORT09,15237,172.18,2.0
1447169125.7,2023-11-28,PORT04,V444_1,1,DTD,5,0,V55555555555555_8,1689541,PLANT03,PORT09,423,13.585650446871886,1.0
1447158691.7,2023-06-04,PORT04,V444_1,1,DTD,0,0,V555555555555555555_45,1689546,PLANT03,PORT09,422,7.662544164301477,1.0
1447149338.7,2023-05-21,PORT04,V444_0,2,DTP,0,0,V55555_26,1687346,PLANT03,PORT09,363,0.6887554479418883,2.0
1447133212.7,2023-12-12,PORT04,V444_0,2,DTP,0,0,V55555_26,1693230,PLANT03,PORT09,79472,491.97994150440775,2.02
1447418955.7,2023-02-08,PORT04,V444_0,2,DTP,5,0,V55555555_7,1692940,PLANT03,PORT09,1018,23.16,2.0
1447391522.7,2023-11-14,PORT04,V444_0,2,DTP,0,0,V55555555_5,1696210,PLANT03,PORT09,415,2.896810593463312,2.0
1447388485.7,2023-06-02,PORT04,V444_0,2,DTP,3,0,V555555_6,1668547,PLANT03,PORT09,1284,7.966430869576666,2.0
1447388471.7,2023-07-04,PORT04,V444_0,2,DTP,0,0,V55555_4,1689541,PLANT03,PORT09,344,2.187847567030783,2.0
1447387271.7,2023-02-28,PORT04,V444_1,1,DTD,0,0,V55555555555555_8,1690634,PLANT03,PORT09,332,0.4373278424822337,1.0
1447377048.7,2023-08-11,PORT04,V444_0,2,DTP,0,0,V5555_33,1689547,PLANT03,PORT09,286,0.7198627187313827,2.0
1447376477.7,2023-07-01,PORT04,V444_0,2,DTP,0,0,V555555555_27,1623991,PLANT03,PORT09,1277,5.62,2.0
1447356535.7,2023-07-29,PORT04,V444_0,2,DTP,3,0,V55555555_5,1671246,PLANT12,PORT09,289,5.4,2.0
1447306648.7,2023-05-13,PORT04,V444_1,1,DTD,0,0,V5555555_22,1660673,PLANT03,PORT09,637,17.225939696389837,1.0
1447288318.7,2023-12-23,PORT04,V444_0,2,DTP,0,0,V5555_33,1688589,PLANT03,PORT09,325,2.740530662490569,2.0
1447281292.7,2023-11-17,PORT04,V444_0,2,DTP,5,0,V55555555_7,1655818,PLANT03,PORT09,1112,2.6398352395090625,2.0
1447280990.7,2023-10-31,PORT04,V444_0,2,DTP,0,0,V555555_24,1651302,PLANT03,PORT09,446,1.3279208797697248,2.0
1447236708.7,2023-03-21,PORT04,V444_0,2,DTP,0,0,V555555_24,1689547,PLANT03,PORT09,303,3.8872586811494667,2.0
1447234625.7,2023-08-14,PORT04,V444_0,3,DTP,0,0,V55555555_5,1700569,PLANT03,PORT09,229183,281.2,2.98
1447228574.7,2023-12-15,PORT04,V444_0,2,DTP,0,0,V555555555_14,1696754,PLANT03,PORT09,373,2.1348351289338443,2.0
1447227073.7,2023-05-07,PORT04,V444_0,2,DTP,0,0,V55555_4,1699951,PLANT03,PORT09,356,2.4590786192181806,2.0
1447184533.7,2023-08-17,PORT04,V444_0,2,DTP,3,0,V555555_6,1689548,PLANT03,PORT09,2293,149.95957526204333,2.0
1447170696.7,2023-01-13,PORT04,V444_0,2,DTP,3,0,V55555_2,1660579,PLANT03,PORT09,328,5.4234399594985785,2.0
1447167623.7,2023-11-18,PORT04,V444_0,2,DTP,0,0,V555555555555555_29,1682853,PLANT03,PORT09,360,4.648983872112328,2.0
1447163961.7,2023-12-23,PORT04,V444_0,2,DTP,0,0,V5555555555_1,1690144,PLANT13,PORT09,249,0.44121951219512195,2.0
1447163640.7,2023-01-25,PORT04,V444_0,2,DTP,3,0,V555555_6,1652644,PLANT03,PORT09,340,0.5452100840336134,2.0
1447163449.7,2023-10-28,PORT04,V444_0,2,DTP,3,0,V555555_6,1651299,PLANT03,PORT09,10266,26.82,2.0
1447161688.7,2023-10-18,PORT04,V444_1,1,DTD,5,0,V55555555555555_8,1689548,PLANT03,PORT09,1256,77.47978763102167,1.0
1447159960.7,2023-02-16,PORT04,V444_0,2,DTP,0,0,V555555555_14,1680210,PLANT03,PORT09,1281,1.9798238057956454,2.0
1447157929.7,2023-05-19,PORT04,V444_0,2,DTP,0,0,V55_13,1663396,PLANT03,PORT09,664,17.958003539730505,2.0
1447152948.7,2023-06-28,PORT04,V444_1,1,DTD,5,0,V55555555555555_8,1689549,PLANT03,PORT09,340,1.9168708781045667,1.0
1447418128.7,2023-11-08,PORT04,V444_1,1,DTD,0,0,V55555555555555_8,1688294,PLANT03,PORT09,301,1.1444659118349265,1.0
1447404349.7,2023-05-07,PORT04,V444_1,1,DTD,0,0,V5555555_22,1699799,PLANT03,PORT09,2788,2.0957958942676056,1.0
1447399704.7,2023-03-19,PORT04,V444_0,2,DTP,3,0,V55555_2,1666954,PLANT03,PORT09,438,1.7979625439314435,2.0
1447367920.7,2023-09-17,PORT04,V444_0,2,DTP,3,0,V555555_6,1662552,PLANT03,PORT09,400,0.5366511867413012,2.0
1447350484.7,2023-03-13,PORT04,V444_1,1,DTD,0,0,V555555555555555555_45,1701406,PLANT03,PORT09,337,0.8986344099522069,1.0
1447336257.7,2023-07-16,PORT04,V444_0,2,DTP,3,0,V555555_6,1655723,PLANT03,PORT09,333,2.6510604125083077,2.0
1447332240.7,2023-02-02,PORT04,V444_0,2,DTP,3,0,V55555_4,1668492,PLANT03,PORT09,604,7.64,2.0
1447317046.7,2023-07-30,PORT04,V444_0,2,DTP,0,0,V55555555_5,1660897,PLANT03,PORT09,1298,7.94199110860769,2.0
1447312022.7,2023-04-25,PORT04,V444_0,2,DTP,0,0,V5555_33,1689548,PLANT03,PORT09,314,0.07447978763102167,2.0
1447300122.7,2023-03-12,PORT04,V444_0,2,DTP,5,0,V55555555_7,1669409,PLANT03,PORT09,627,2.877851388993451,2.0
1447293679.7,2023-03-03,PORT04,V444_0,2,DTP,3,1,V555_15,1657475,PLANT03,PORT09,536,6.438260869565217,2.0
1447284937.7,2023-09-21,PORT04,V444_0,2,DTP,0,0,V5555_25,1693453,PLANT03,PORT09,5303,23.80920670304411,2.0
1447282665.7,2023-05-24,PORT04,V444_0,2,DTP,0,0,V555555555555555_29,1691548,PLANT03,PORT09,408,6.999875724826139,2.0
1447266818.7,2023-07-25,PORT04,V444_0,2,DTP,0,0,V55555_26,1683560,PLANT03,PORT09,11833,108.95668836254498,2.0
1447265654.7,2023-04-12,PORT04,V444_0,2,DTP,3,0,V555555_6,1667817,PLANT03,PORT09,1698,24.6,2.0
1447265638.7,2023-05-28,PORT04,V444_0,2,DTP,0,0,V555555_34,1682826,PLANT03,PORT09,617,25.52537902736132,2.0
1447258811.7,2023-11-18,PORT04,V444_0,2,DTP,3,0,V555555_6,1668347,PLANT03,PORT09,772,48.9,2.0
1447223602.7,2023-11-27,PORT04,V444_1,1,DTD,0,0,V5555555_22,1683636,PLANT03,PORT09,554,6.583072577677091,1.0
1447206415.7,2023-09-29,PORT04,V444_0,2,DTP,0,0,V5555_33,1689549,PLANT03,PORT09,289,0.19168708781045668,2.0
1447204406.7,2023-12-07,PORT04,V444_0,2,DTP,5,0,V55555555_7,1699540,PLANT03,PORT09,24282,39.07623800337042,2.02
1447196786.7,2023-06-20,PORT04,V44_3,0,CRF,3,0,V55555555_32,1699380,PLANT03,PORT09,2787,3.071395348837209,0.0
1447194416.7,2023-01-24,PORT04,V444_0,2,DTD,0,0,V555555_40,1663347,PLANT03,PORT09,2643,165.78,2.0
1447178043.7,2023-07-05,PORT04,V444_1,1,DTD,5,0,V55555555555555_8,1676563,PLANT03,PORT09,420,1.9558528428093647,1.0
1447149217.7,2023-09-09,PORT04,V444_0,2,DTP,0,0,V55555_26,1623991,PLANT03,PORT09,502,1.6894023550322153,2.0
1447147777.7,2023-03-22,PORT04,V444_0,2,DTP,0,0,V555555555_27,1699951,PLANT03,PORT09,4716,153.1580507016346,2.0
1447146640.7,2023-09-01,PORT04,V444_0,2,DTP,3,0,V5555555_22,1683197,PLANT03,PORT09,602,5.82,2.0
1447383123.7,2023-01-24,PORT04,V444_1,1,DTD,0,0,V555555555555555555_45,1682709,PLANT03,PORT09,334,0.7741806286544356,1.0
1447377757.7,2023-02-02,PORT04,V444_0,2,DTP,0,0,V555555_24,1666954,PLANT03,PORT09,888,7.48,2.0
1447376696.7,2023-11-13,PORT04,V444_0,2,DTP,3,0,V5555555_12,1683200,PLANT03,PORT09,275,0.6418926366843032,2.0
1447372979.7,2023-08-23,PORT04,V444_0,2,DTP,0,0,V5555_33,1689546,PLANT03,PORT09,450,9.118427555518757,2.0
1447368542.7,2023-12-16,PORT04,V444_0,2,DTP,0,0,V555555555_14,1696758,PLANT03,PORT09,257,0.5997246566027715,2.0
1447352994.7,2023-09-11,PORT04,V444_0,2,DTP,0,3,V555555555_27,1654766,PLANT03,PORT09,617,6.396880733944955,2.0
1447334312.7,2023-10-02,PORT04,V444_1,1,DTD,5,0,V55555555555555_8,1688575,PLANT03,PORT09,393,9.043409286184646,1.0
1447323623.7,2023-09-26,PORT04,V444_0,2,DTP,0,0,V5555_33,1675810,PLANT12,PORT09,325,1.4968242423223732,2.0
1447322716.7,2023-01-18,PORT04,V444_0,2,DTP,0,0,V5555_33,1689546,PLANT03,PORT09,282,1.0727561830022068,2.0
1447316609.7,2023-10-04,PORT04,V444_0,2,DTP,0,0,V55_13,1696758,PLANT03,PORT09,343,1.199449313205543,2.0
1447299187.7,2023-02-08,PORT04,V444_0,2,DTP,0,0,V5555_33,1688633,PLANT03,PORT09,292,0.5567058447386692,2.0
1447282637.7,2023-01-11,PORT04,V444_0,2,DTP,3,0,V555555_6,1655818,PLANT03,PORT09,20261,46.5,2.0
1447281350.7,2023-04-25,PORT04,V444_0,2,DTP,5,0,V55555555_7,1687346,PLANT03,PORT09,279,0.7096268251522485,2.0
1447269677.7,2023-10-12,PORT04,V444_1,1,DTD,0,0,V555555555555555555_45,1682835,PLANT03,PORT09,245,0.8225439476837746,1.0
1447243010.7,2023-10-27,PORT04,V444_1,1,DTD,5,0,V55555555555555_8,1689546,PLANT03,PORT09,586,22.98763249290443,1.0
1447219359.7,2023-12-17,PORT04,V444_0,2,DTP,0,0,V555555555_27,1678652,PLANT03,PORT09,354,3.5,2.0
1447218770.7,2023-04-29,PORT04,V444_0,2,DTP,3,0,V555555_6,1675655,PLANT03,PORT09,1329,9.14,2.0
1447214658.7,2023-11-07,PORT04,V44_3,2,CRF,3,0,V55555_2,1696654,PLANT03,PORT09,313,0.3470229508749958,2.0
1447206414.7,2023-05-06,PORT04,V444_0,2,DTP,0,0,V5555_33,1689547,PLANT03,PORT09,241,0.2879450874925531,2.0
1447203025.7,2023-10-13,PORT04,V444_0,2,DTP,0,0,V5555_33,1689548,PLANT03,PORT09,336,1.4895957526204335,2.0
1447191295.7,2023-02-02,PORT04,V444_0,2,DTP,0,0,V5555_33,1688575,PLANT03,PORT09,308,0.7234727428947717,2.0
1447171025.7,2023-02-11,PORT04,V444_0,2,DTP,5,0,V55555555_7,1687354,PLANT12,PORT09,292,11.4,2.0
1447152947.7,2023-09-05,PORT04,V444_1,1,DTD,5,0,V55555555555555_8,1688589,PLANT03,PORT09,397,9.135102208301896,1.0
1447146539.7,2023-12-03,PORT04,V444_0,2,DTP,3,0,V55555_4,1668606,PLANT03,PORT09,463,5.28,2.0
1447405842.7,2023-03-08,PORT04,V444_1,1,DTD,0,0,V5555555_22,1660585,PLANT03,PORT09,357,4.954442217222334,1.0
1447391776.7,2023-07-23,PORT04,V444_0,2,DTP,3,0,V555555_6,1656246,PLANT03,PORT09,15265,52.1,2.0
1447387154.7,2023-03-18,PORT04,V444_1,1,DTD,5,0,V55555555555555_8,1690630,PLANT03,PORT09,331,0.8722723463051242,1.0
1447379201.7,2023-04-08,PORT04,V44_3,4,CRF,0,0,V555555555555555_29,1699792,PLANT03,PORT09,10279,7.44180329140428,2.84
1447366452.7,2023-03-02,PORT04,V444_1,1,DTD,5,0,V55555555555555_8,1689550,PLANT03,PORT09,505,18.40042176655048,1.0
1447350388.7,2023-06-04,PORT04,V444_1,1,DTD,3,0,V5555555_19,1695349,PLANT03,PORT09,1001,6.32792974751774,1.0
1447350383.7,2023-12-06,PORT04,V444_0,2,DTP,3,0,V5555555_12,1677884,PLANT03,PORT09,282,0.17684988705592444,2.0
1447348349.7,2023-02-08,PORT04,V444_1,1,DTD,5,0,V55555555555555_8,1688294,PLANT03,PORT09,271,2.288931823669853,1.0
1447327251.7,2023-02-01,PORT04,V444_0,2,DTP,0,0,V555555555555555_29,1688575,PLANT03,PORT09,330,4.521704643092323,2.0
1447306526.7,2023-10-07,PORT04,V444_1,1,DTD,0,0,V5555555_22,1644308,PLANT03,PORT09,349,0.8167189001831533,1.0
1447293038.7,2023-02-24,PORT04,V444_1,1,DTD,0,0,V5555555_22,1683634,PLANT03,PORT09,511,5.354163710709525,1.0
1447264568.7,2023-05-05,PORT04,V44_3,0,CRF,0,0,V5555555_12,1699694,PLANT03,PORT09,5313,5.4419913954,0.0
1447261805.7,2023-11-17,PORT04,V444_1,1,DTD,5,0,V55555555555555_8,1658528,PLANT03,PORT09,875,4.98,1.0
1447241405.7,2023-11-16,PORT04,V444_0,2,DTP,5,0,V55555555_7,1680562,PLANT03,PORT09,1443,13.463661288411805,2.0
1447201747.7,2023-11-04,PORT04,V444_0,2,DTP,3,0,V55555555_0,1662274,PLANT03,PORT09,321,0.08306306306306305,2.0
1447191612.7,2023-09-12,PORT04,V444_0,2,DTP,3,0,V555555555_3,1685963,PLANT12,PORT09,353,8.24,2.0
1447188657.7,2023-08-27,PORT04,V444_0,2,DTP,0,0,V555555555_27,1636236,PLANT03,PORT09,539,6.38,2.0
1447185885.7,2023-05-21,PORT04,V444_0,2,DTP,0,0,V55555_26,1699952,PLANT03,PORT09,602,12.207299534302885,2.0
1447182400.7,2023-02-12,PORT04,V44_3,0,CRF,3,0,V55555555_32,1699188,PLANT03,PORT09,1316,6.24,0.0
1447173726.7,2023-12-07,PORT04,V444_0,2,DTP,3,0,V55555_2,1658532,PLANT03,PORT09,336,0.4096364809636482,2.0
1447168804.7,2023-08-29,PORT04,V444_1,1,DTD,0,0,V5555555_22,1683634,PLANT03,PORT09,503,3.9624677281424283,1.0
1447165287.7,2023-09-07,PORT04,V444_0,2,DTP,3,0,V555555_6,1672707,PLANT03,PORT09,1475,94.68,2.0
1447162806.7,2023-08-24,PORT04,V444_0,2,DTP,5,0,V55555555_7,1682784,PLANT03,PORT09,609,26.777385638769964,2.0
1447159825.7,2023-03-06,PORT04,V444_0,2,DTP,0,0,V55555555555_28,1667927,PLANT03,PORT09,45820,24.617904318888456,2.0
1447152513.7,2023-07-16,PORT04,V444_0,2,DTP,0,0,V555555555_27,1622685,PLANT03,PORT09,306,0.18562145110410092,2.0
1447146748.7,2023-03-24,PORT04,V444_0,2,DTP,3,1,V555_15,1668554,PLANT03,PORT09,1130,2.594302610559872,2.0
1447146045.7,2023-03-03,PORT04,V444_1,1,DTD,0,0,V5555555_22,1676566,PLANT03,PORT09,3089,30.261109106644525,1.0
1447402010.7,2023-01-31,PORT04,V444_0,2,DTP,3,0,V555555_6,1617826,PLANT12,PORT09,271,3.6975757575757577,2.0
1447401987.7,2023-03-03,PORT04,V444_0,2,DTP,0,0,V555555555_14,1668547,PLANT03,PORT09,5363,42.628797434841,2.0
1447382863.7,2023-12-10,PORT04,V444_0,2,DTP,3,0,V555555_6,1681882,PLANT08,PORT09,1086,2.5389115855190876,2.0
1447381734.7,2023-02-09,PORT04,V444_0,2,DTP,3,0,V555555_6,1697087,PLANT03,PORT09,329,0.34345328908728306,2.0
1447381488.7,2023-08-02,PORT04,V444_1,1,DTD,5,0,V55555555555555_8,1690619,PLANT03,PORT09,337,1.6075417588367822,1.0
1447365770.7,2023-05-18,PORT04,V444_0,2,DTP,3,0,V555555_6,1687661,PLANT03,PORT09,238,0.04960000000000001,2.0
1447348989.7,2023-04-20,PORT04,V444_0,2,DTP,3,0,V55555555_5,1690621,PLANT03,PORT09,316,2.861540477948449,2.0
1447344537.7,2023-07-22,PORT04,V444_1,1,DTD,0,0,V555555555555555555_45,1689547,PLANT03,PORT09,1303,65.98627187313828,1.0
1447329264.7,2023-10-30,PORT04,V44_3,0,CRF,3,0,V55555555_32,1699792,PLANT03,PORT09,100257,76.4180329140428,0.0
1447327243.7,2023-02-06,PORT04,V444_0,2,DTP,0,0,V555555555555555_29,1688575,PLANT03,PORT09,309,4.521704643092323,2.0
1447318467.7,2023-01-09,PORT04,V444_1,1,DTD,5,0,V55555555555555_8,1699433,PLANT03,PORT09,290,0.48595360078460015,1.0
1447310636.7,2023-03-07,PORT04,V444_1,1,DTD,0,0,V5555555_22,1682784,PLANT03,PORT09,681,35.8261969894769,1.0
1447292183.7,2023-07-24,PORT04,V444_0,2,DTP,0,0,V555555_24,1666519,PLANT03,PORT09,578,3.52,2.0
1447231131.7,2023-10-05,PORT04,V444_0,2,DTP,0,0,V555555555_27,1620510,PLANT03,PORT09,376,2.7450346420323326,2.0
1447221630.7,2023-10-16,PORT04,V444_0,2,DTP,3,0,V5555555_22,1683200,PLANT03,PORT09,1678,24.14,2.0
1447219334.7,2023-02-14,PORT04,V44_3,2,CRF,3,0,V55555_2,1682757,PLANT03,PORT09,367,3.173933223710217,2.0
1447207456.7,2023-07-10,PORT04,V444_0,2,DTP,0,0,V555555555_27,1692113,PLANT03,PORT09,293,0.02864642689585578,2.0
1447173875.7,2023-06-20,PORT04,V444_0,2,DTP,0,0,V5555_33,1689547,PLANT03,PORT09,289,0.14397254374627655,2.0
1447172430.7,2023-05-31,PORT04,V444_0,2,DTP,3,0,V55555_2,1674853,PLANT03,PORT09,292,2.6189910979228475,2.0
1447167706.7,2023-07-21,PORT04,V444_1,1,DTD,0,0,V5555555_22,1676565,PLANT03,PORT09,765,7.66,1.0
1447163000.7,2023-09-14,PORT04,V444_0,2,DTP,0,0,V555555555_27,1690006,PLANT03,PORT09,1274,12.24268043522798,2.0
1447158863.7,2023-03-25,PORT04,V444_0,2,DTP,0,0,V55555555_5,1668547,PLANT03,PORT09,3963,30.740000000000002,2.0
1447406132.7,2023-04-01,PORT04,V444_0,2,DTP,5,0,V55555555_7,1683409,PLANT03,PORT09,249,0.5629467722147707,2.0
1447394117.7,2023-02-02,PORT04,V444_0,2,DTP,3,0,V555555555_3,1689549,PLANT03,PORT09,376,4.792177195261417,2.0
1447388156.7,2023-10-12,PORT04,V444_0,2,DTP,0,0,V555555555555555_29,1690621,PLANT03,PORT09,372,5.723080955896898,2.0
1447386500.7,2023-11-10,PORT04,V444_0,2,DTP,3,0,V55555_4,1662552,PLANT03,PORT09,777,2.2933811399200903,2.0
1447379324.7,2023-04-13,PORT04,V44_3,0,CRF,0,0,V555555555555555_29,1699797,PLANT03,PORT09,7920,11.933240696998679,0.56
1447375005.7,2023-01-13,PORT04,V444_0,2,DTP,0,0,V555555555_14,1691700,PLANT08,PORT09,4096,21.85986929883893,2.0
1447374905.7,2023-05-21,PORT04,V444_0,2,DTP,0,0,V555555555_27,1677692,PLANT03,PORT09,8837,644.16,2.0
1447373460.7,2023-10-03,PORT04,V44_3,2,CRF,3,0,V55555_2,1685214,PLANT03,PORT09,341,0.255,2.0
1447371668.7,2023-08-06,PORT04,V444_1,1,DTD,5,0,V55555555555555_8,1690630,PLANT03,PORT09,374,3.4890893852204967,1.0
1447366451.7,2023-03-17,PORT04,V444_1,1,DTD,5,0,V55555555555555_8,1688633,PLANT03,PORT09,383,9.278430745644487,1.0
1447346597.7,2023-12-12,PORT04,V444_0,2,DTP,3,0,V555555_6,1689546,PLANT03,PORT09,1177,64.96289747871329,2.0
1447327262.7,2023-02-17,PORT04,V444_0,2,DTP,0,0,V555555555555555_29,1682853,PLANT03,PORT09,326,5.165537635680365,2.0
1447323709.7,2023-05-18,PORT04,V444_0,2,DTP,3,0,V555555_6,1677891,PLANT03,PORT09,5323,12.680000000000001,2.0
1447309254.7,2023-05-20,PORT04,V44_3,0,CRF,0,0,V5555555_30,1699552,PLANT03,PORT09,463,0.5901213068534298,0.0
1447308857.7,2023-01-07,PORT04,V444_0,2,DTP,0,0,V555555555555555_29,1688587,PLANT03,PORT09,293,4.560381447015651,2.0
1447304363.7,2023-02-25,PORT04,V444_0,2,DTP,0,0,V5555_33,1688290,PLANT03,PORT09,312,1.9900746896440906,2.0
1447300225.7,2023-08-09,PORT04,V444_0,2,DTP,0,0,V5555555_30,1655818,PLANT03,PORT09,20322,49.34,2.0
1447295109.7,2023-04-24,PORT04,V444_0,2,DTP,3,0,V555555_6,1689012,PLANT03,PORT09,1280,5.993600068514738,2.0
1447267043.7,2023-07-27,PORT04,V444_0,2,DTP,0,0,V55555555_5,1699993,PLANT03,PORT09,382,3.9361288440386453,2.0
1447257094.7,2023-02-10,PORT04,V444_0,2,DTP,3,0,V555555_6,1689546,PLANT03,PORT09,1242,72.62544164301477,2.0
1447240428.7,2023-06-19,PORT04,V444_1,1,DTD,5,0,V55555555555555_8,1688633,PLANT03,PORT09,300,3.7113722982577944,1.0
1447215474.7,2023-04-10,PORT04,V444_0,2,DTP,0,0,V55555_26,1664346,PLANT03,PORT09,286,2.42,2.0
1447209405.7,2023-03-08,PORT04,V444_0,2,DTP,3,0,V55555_4,1675662,PLANT03,PORT09,2514,22.0,2.0
1447209353.7,2023-06-14,PORT04,V44_3,4,CRF,0,0,V555555555555_31,1684560,PLANT03,PORT09,12331,5.3487722754245155,4.0
1447185421.7,2023-08-05,PORT04,V444_1,1,DTD,5,0,V55555555555555_8,1689544,PLANT03,PORT09,272,2.145243154715501,1.0
1447182889.7,2023-10-04,PORT04,V444_1,1,DTD,5,0,V55555555555555_8,1690634,PLANT03,PORT09,318,3.998425988408994,1.0
1447167005.7,2023-12-15,PORT04,V444_0,2,DTP,0,0,V555555555_27,1692113,PLANT03,PORT09,363,0.3401763193882874,2.0
1447156472.7,2023-01-17,PORT04,V444_1,1,DTD,0,0,V55_47,1668362,PLANT03,PORT09,1338,0.77,1.0
1447150974.7,2023-04-20,PORT04,V444_0,2,DTP,3,0,V55555_2,1687491,PLANT03,PORT09,686,8.707847430141907,2.0
1447149409.7,2023-03-21,PORT04,V444_0,2,DTP,0,0,V55555_26,1682751,PLANT03,PORT09,344,0.7102421631310312,2.0
1447149408.7,2023-09-02,PORT04,V444_0,2,DTP,0,0,V55555_26,1682748,PLANT03,PORT09,278,1.157032223423506,2.0
1447406317.7,2023-09-08,PORT04,V444_0,2,DTP,3,0,V55555555_5,1692108,PLANT03,PORT09,672,2.5396132061711922,2.0
1447398155.7,2023-05-01,PORT04,V444_0,2,DTP,0,0,V555555555_27,1675615,PLANT03,PORT09,1334,8.845369802283935,2.0
1447373508.7,2023-09-26,PORT04,V44_3,2,CRF,3,0,V55555_2,1657064,PLANT03,PORT09,355,0.465487313262203,2.0
1447373475.7,2023-01-06,PORT04,V44_3,2,CRF,3,0,V55555_2,1696073,PLANT03,PORT09,335,0.01297592038663686,2.0
1447356137.7,2023-09-29,PORT04,V444_0,2,DTP,3,0,V55555555_5,1668716,PLANT13,PORT09,264,2.051946870401832,2.0
1447352381.7,2023-09-04,PORT04,V444_1,1,DTD,5,0,V55555555555555_8,1701405,PLANT03,PORT09,368,6.047955570431538,1.0
1447339009.7,2023-03-20,PORT04,V444_1,1,DTD,0,0,V555555555555555555_45,1701405,PLANT03,PORT09,387,10.88632002677677,1.0
1447328365.7,2023-10-03,PORT04,V444_0,2,DTP,0,0,V5555_33,1682709,PLANT03,PORT09,323,0.7741806286544356,2.0
1447306622.7,2023-04-30,PORT04,V44_3,4,CRF,0,0,V555555555555555_29,1699333,PLANT03,PORT09,1529,3.00825142725,4.0
1447301629.7,2023-04-15,PORT04,V444_1,1,DTD,5,0,V55555555555555_8,1689550,PLANT03,PORT09,316,4.088982614788995,1.0
1447299066.7,2023-07-21,PORT04,V444_0,2,DTP,0,0,V5555_33,1689548,PLANT03,PORT09,272,0.5213585134171517,2.0
1447267012.7,2023-02-07,PORT04,V444_0,2,DTP,3,0,V555555_6,1683197,PLANT03,PORT09,1239,20.48,2.0
1447266991.7,2023-01-12,PORT04,V444_0,2,DTP,3,0,V555555555_3,1682793,PLANT03,PORT09,639,24.98151701023149,2.0
1447265641.7,2023-04-17,PORT04,V444_0,2,DTP,0,0,V555555555_27,1620510,PLANT03,PORT09,525,4.16,2.0
1447261157.7,2023-11-18,PORT04,V44_3,2,CRF,3,0,V55555_2,1668545,PLANT03,PORT09,874,5.1,2.0
1447252645.7,2023-06-12,PORT04,V444_0,2,DTP,0,0,V555555555_14,1643056,PLANT03,PORT09,1378,16.46,2.0
1447242501.7,2023-10-12,PORT04,V444_0,2,DTP,3,0,V55555_4,1653588,PLANT03,PORT09,551,33.88,2.0
1447229526.7,2023-07-01,PORT04,V444_0,2,DTP,3,0,V55555_4,1662395,PLANT03,PORT09,344,1.2123092441156107,2.0
1447213259.7,2023-04-23,PORT04,V44_3,0,CRF,3,0,V55555555_32,1699540,PLANT03,PORT09,9858,18.23049520134817,0.0
1447205183.7,2023-05-14,PORT04,V444_0,2,DTP,3,0,V55555_4,1699953,PLANT03,PORT09,582,11.367347576914046,2.0
1447191442.7,2023-06-15,PORT04,V444_0,2,DTP,3,0,V55555_4,1667817,PLANT03,PORT09,959,12.795720164609051,2.0
1447186295.7,2023-06-16,PORT04,V44_3,2,CRF,3,0,V55555_2,1696758,PLANT03,PORT09,333,0.29986232830138576,2.0
1447164256.7,2023-08-27,PORT04,V444_0,2,DTP,3,0,V555555_6,1685211,PLANT03,PORT09,408,2.1459667093469914,2.0
1447151048.7,2023-08-18,PORT04,V444_0,2,DTP,0,0,V555555555_27,1660885,PLANT03,PORT09,396,0.7942773368383804,2.0
1447145159.7,2023-08-19,PORT04,V444_0,2,DTP,3,0,V5555555_22,1683199,PLANT03,PORT09,1159,17.665489593831897,2.0
1447421843.7,2023-05-13,PORT04,V44_3,0,CRF,3,0,V55555555_32,1699315,PLANT03,PORT09,6583,17.326588694646098,0.0
1447405862.7,2023-10-21,PORT04,V444_1,1,DTD,0,0,V5555555_22,1660585,PLANT03,PORT09,402,9.70666230312947,1.0
1447400348.7,2023-02-02,PORT04,V444_0,2,DTP,3,0,V5555555_22,1676566,PLANT03,PORT09,311,0.2623844073407866,2.0
1447377051.7,2023-06-15,PORT04,V444_0,2,DTP,0,0,V5555_33,1688629,PLANT03,PORT09,288,0.4484132766957024,2.0
1447371332.7,2023-09-08,PORT04,V444_1,1,DTD,0,0,V5555555_22,1683636,PLANT03,PORT09,258,0.4978794386478472,1.0
1447369673.7,2023-03-01,PORT04,V444_0,2,DTP,0,0,V555555555_27,1690004,PLANT03,PORT09,315,0.08407385412600145,2.0
1447334714.7,2023-05-29,PORT04,V444_1,1,DTD,5,0,V55555555555555_8,1689541,PLANT03,PORT09,615,44.72,1.0
1447334667.7,2023-04-20,PORT04,V444_0,2,DTP,3,0,V55555_4,1658532,PLANT03,PORT09,311,1.0240912024091204,2.0
1447327979.7,2023-09-25,PORT04,V444_0,2,DTP,0,0,V555555555_27,1655818,PLANT03,PORT09,761,1.4486900704622905,2.0
1447326509.7,2023-09-02,PORT04,V44_3,0,CRF,3,0,V55555555_32,1699842,PLANT03,PORT09,5276,9.596391896774193,0.0
1447302825.7,2023-01-10,PORT04,V444_0,2,DTP,5,0,V55555555_7,1680562,PLANT03,PORT09,457,1.4852529702024069,2.0
1447283652.7,2023-02-01,PORT04,V444_0,2,DTP,0,0,V55555_26,1651299,PLANT03,PORT09,3246,9.126876578081916,2.0
1447281426.7,2023-09-19,PORT04,V444_0,2,DTP,5,0,V55555555_7,1660585,PLANT03,PORT09,294,0.40444426263039457,2.0
1447281072.7,2023-04-10,PORT04,V444_0,2,DTP,0,0,V555555_24,1679638,PLANT03,PORT09,752,1.6908310220188094,2.0
1447272983.7,2023-02-10,PORT04,V44_3,4,CRF,0,0,V555555555555_31,1684560,PLANT03,PORT09,6321,2.6743861377122577,4.0
1447265690.7,2023-02-23,PORT04,V444_0,2,DTP,0,0,V555555555_27,1668612,PLANT03,PORT09,373,4.0,2.0
1447257884.7,2023-07-09,PORT04,V444_0,2,DTP,5,0,V55555555_7,1682784,PLANT03,PORT09,418,15.85476460539286,2.0
1447234957.7,2023-07-31,PORT04,V444_0,2,DTP,3,0,V5555555_22,1676566,PLANT03,PORT09,746,5.037780620943104,2.0
1447226725.7,2023-09-05,PORT04,V444_0,2,DTP,0,0,V555555555_14,1691700,PLANT08,PORT09,4173,23.85986929883893,2.0
1447224505.7,2023-11-27,PORT04,V444_0,2,DTP,5,0,V55555555_7,1660585,PLANT03,PORT09,1218,92.38,2.0
1447212033.7,2023-05-06,PORT04,V444_1,1,DTD,1,0,V555555555555555555_17,1689145,PLANT03,PORT09,405,0.35769193612939737,1.0
1447206538.7,2023-06-15,PORT04,V444_0,2,DTP,0,0,V555555555_14,1700097,PLANT03,PORT09,760,8.14,2.0
1447205299.7,2023-10-27,PORT04,V444_0,2,DTP,5,0,V55555555_7,1688294,PLANT03,PORT09,481,17.311454589358824,2.0
1447196675.7,2023-08-21,PORT04,V444_0,2,DTP,0,0,V555555555_14,1668550,PLANT03,PORT09,2331,34.15719357435451,2.0
1447195862.7,2023-08-05,PORT04,V444_0,2,DTP,0,0,V555555_24,1660563,PLANT03,PORT09,1326,9.24,2.0
1447194722.7,2023-12-22,PORT04,V444_1,1,DTD,5,0,V55555555555555_8,1690616,PLANT03,PORT09,300,0.47135044828415773,1.0
1447174703.7,2023-05-31,PORT04,V444_0,2,DTP,3,0,V55555_4,1673710,PLANT03,PORT09,365,8.647627359233061,2.0
1447420946.7,2023-05-25,PORT04,V444_0,2,DTP,0,0,V5555_33,1689549,PLANT03,PORT09,319,0.38337417562091336,2.0
1447398570.7,2023-12-08,PORT04,V444_0,2,DTP,3,0,V555555555_3,1688589,PLANT03,PORT09,374,9.135102208301896,2.0
1447384051.7,2023-06-19,PORT04,V44_3,4,CRF,0,0,V555555555555_31,1684560,PLANT03,PORT09,6233,2.6743861377122577,4.0
1447377763.7,2023-12-29,PORT04,V444_0,2,DTP,0,0,V555555_24,1666519,PLANT03,PORT09,786,4.88,2.0
1447377495.7,2023-01-22,PORT04,V444_0,2,DTP,0,0,V5555_36,1682679,PLANT03,PORT09,5287,9.439122225174543,2.0
1447360737.7,2023-09-23,PORT04,V444_0,2,DTP,3,0,V55555555_5,1700139,PLANT03,PORT09,31459,42.497254544336386,2.0
1447355122.7,2023-05-05,PORT04,V44_3,0,CRF,3,0,V55555555_32,1699674,PLANT03,PORT09,10188,31.940870301000007,0.0
1447340786.7,2023-01-19,PORT04,V444_1,1,DTD,5,0,V55555555555555_8,1688292,PLANT03,PORT09,322,1.3152224150398457,1.0
1447324203.7,2023-06-25,PORT04,V444_1,1,DTD,0,0,V555555555555555555_45,1701406,PLANT03,PORT09,262,2.567526885577734,1.0
1447308355.7,2023-06-21,PORT04,V444_0,2,DTP,0,0,V5555_33,1688575,PLANT03,PORT09,314,1.0852091143421576,2.0
1447295788.7,2023-01-17,PORT04,V444_0,2,DTP,0,0,V555555555555555_29,1682802,PLANT03,PORT09,312,2.2945852014708157,2.0
1447283827.7,2023-03-10,PORT04,V444_0,2,DTP,3,0,V555555_6,1660580,PLANT03,PORT09,286,2.2450847457627123,2.0
1447282655.7,2023-12-04,PORT04,V444_0,2,DTP,0,0,V555555555555555_29,1688589,PLANT03,PORT09,295,4.567551104150948,2.0
1447271768.7,2023-11-25,PORT04,V444_0,2,DTP,0,0,V555555555_27,1682739,PLANT03,PORT09,518,23.693026151930265,2.0
1447269826.7,2023-12-08,PORT04,V444_1,1,DTD,5,0,V55555555555555_8,1689546,PLANT03,PORT09,626,23.98763249290443,1.0
1447265728.7,2023-11-12,PORT04,V444_0,2,DTP,0,0,V555555555_14,1668550,PLANT03,PORT09,2331,34.15719357435451,2.0
1447252453.7,2023-03-25,PORT04,V444_0,2,DTP,0,0,V55555555555_28,1687384,PLANT03,PORT09,3741,2.1230192065167777,2.0
1447247281.7,2023-09-08,PORT04,V444_1,1,DTD,5,0,V55555555555555_8,1690614,PLANT03,PORT09,330,1.2585960349478138,1.0
1447222992.7,2023-04-02,PORT04,V444_0,2,DTP,0,0,V5555_33,1688288,PLANT03,PORT09,265,2.5584517924020425,2.0
1447214068.7,2023-09-09,PORT04,V444_0,2,DTP,0,0,V555555555_14,1656839,PLANT03,PORT09,717,3.8599999999999994,2.0
1447212038.7,2023-07-23,PORT04,V444_0,2,DTP,3,0,V55555_2,1692402,PLANT03,PORT09,336,0.6646808510638299,2.0
1447209651.7,2023-09-14,PORT04,V444_1,1,DTD,1,0,V555555555555555555_17,1696074,PLANT03,PORT09,1315,8.87914842161734,1.0
1447204259.7,2023-10-09,PORT04,V444_0,2,DTP,5,0,V55555555_7,1660580,PLANT03,PORT09,378,13.44,2.0
1447201982.7,2023-10-22,PORT04,V44_3,2,CRF,3,0,V55555_2,1696758,PLANT03,PORT09,340,1.199449313205543,2.0
1447182891.7,2023-12-06,PORT04,V444_1,1,DTD,5,0,V55555555555555_8,1688294,PLANT03,PORT09,387,9.155727294679412,1.0
1447163428.7,2023-11-11,PORT04,V444_0,2,DTP,3,0,V555555_6,1671939,PLANT03,PORT09,717,42.51781315833515,2.0
1447156705.7,2023-03-17,PORT04,V444_0,2,DTP,3,0,V555555_6,1660578,PLANT03,PORT09,927,69.72,2.0
1447425028.7,2023-08-19,PORT04,V444_0,2,DTP,5,0,V55555555_7,1660580,PLANT03,PORT09,498,28.12,2.0
1447405755.7,2023-12-23,PORT04,V444_1,1,DTD,0,0,V5555555_22,1687491,PLANT03,PORT09,786,11.86,1.0
1447400375.7,2023-08-02,PORT04,V444_0,2,DTP,3,0,V55555_2,1677878,PLANT03,PORT09,1027,2.9001408649105436,2.0
1447391523.7,2023-11-10,PORT04,V444_0,2,DTP,0,0,V55555555_5,1660579,PLANT03,PORT09,381,4.5195332995821484,2.0
1447377147.7,2023-10-09,PORT04,V444_1,1,DTD,5,0,V55555555555555_8,1689547,PLANT03,PORT09,393,7.198627187313828,1.0
1447369418.7,2023-06-20,PORT04,V444_0,2,DTP,0,0,V5555_33,1689548,PLANT03,PORT09,334,2.1599138412996286,2.0
1447367908.7,2023-05-05,PORT04,V444_0,2,DTP,0,0,V55555_26,1651302,PLANT03,PORT09,1772,4.98,2.0
1447362905.7,2023-08-24,PORT04,V444_1,1,DTD,0,0,V5555555_22,1683634,PLANT03,PORT09,598,5.605442152006362,1.0
1447323939.7,2023-03-24,PORT04,V444_0,2,DTP,3,0,V555555_6,1668608,PLANT03,PORT09,2327,55.72,2.0
1447321254.7,2023-05-29,PORT04,V444_0,2,DTP,5,0,V55555555_7,1692998,PLANT03,PORT09,628,16.18,2.0
1447313991.7,2023-12-11,PORT04,V444_0,2,DTP,0,0,V555555555_27,1675615,PLANT03,PORT09,1228,8.597699447819984,2.0
1447305230.7,2023-01-04,PORT04,V444_0,2,DTP,0,0,V55555555_5,1656246,PLANT03,PORT09,17263,61.98,2.02
1447291532.7,2023-09-12,PORT04,V444_0,2,DTP,0,0,V555555555_14,1696482,PLANT03,PORT09,358,1.692690491907171,2.0
1447290062.7,2023-04-20,PORT04,V444_0,2,DTP,3,0,V555555_6,1667817,PLANT03,PORT09,613,5.8978600823045255,2.0
1447266948.7,2023-06-02,PORT04,V444_0,2,DTP,3,0,V555555_6,1660580,PLANT03,PORT09,320,2.1381759483454403,2.0
1447247287.7,2023-04-10,PORT04,V444_1,1,DTD,5,0,V55555555555555_8,1690617,PLANT03,PORT09,270,1.141115981112546,1.0
1447244616.7,2023-02-10,PORT04,V444_0,2,DTP,0,0,V5555_33,1682859,PLANT03,PORT09,329,0.23323196575996888,2.0
1447232862.7,2023-07-21,PORT04,V444_0,2,DTP,3,0,V55555_2,1666954,PLANT03,PORT09,367,0.8234942949304321,2.0
1447223763.7,2023-11-29,PORT04,V444_1,1,DTD,5,0,V55555555555555_8,1651298,PLANT03,PORT09,4272,7.88,1.0
1447187276.7,2023-03-20,PORT04,V444_0,2,DTP,0,0,V5555_25,1699946,PLANT03,PORT09,324,2.0364378331913198,2.0
1447155221.7,2023-08-23,PORT04,V444_0,2,DTP,0,0,V5555_33,1688587,PLANT03,PORT09,296,2.0065678366868864,2.0
1447149381.7,2023-11-20,PORT04,V444_0,2,DTP,0,0,V555555555_14,1694720,PLANT03,PORT09,2316,19.92,2.0
1447376695.7,2023-07-07,PORT04,V444_0,2,DTP,3,0,V5555555_12,1683197,PLANT03,PORT09,331,0.2607952232324603,2.0
1447364453.7,2023-08-18,PORT04,V444_0,2,DTP,0,0,V5555_33,1682754,PLANT03,PORT09,335,0.12692024539877303,2.0
1447336185.7,2023-11-07,PORT04,V444_0,2,DTP,0,0,V5555555_30,1658528,PLANT03,PORT09,388,1.3615251299826685,2.0
1447334919.7,2023-10-22,PORT04,V444_0,2,DTP,0,0,V555555_24,1660885,PLANT03,PORT09,861,4.64,2.0
1447334093.7,2023-05-21,PORT04,V444_0,2,DTP,0,0,V55555555555_28,1674598,PLANT03,PORT09,14286,6.511250796280189,2.0
1447325823.7,2023-12-04,PORT04,V444_1,1,DTD,5,0,V55555555555555_8,1689544,PLANT03,PORT09,335,2.145243154715501,1.0
1447319056.7,2023-05-01,PORT04,V444_0,2,DTP,0,0,V5555_33,1688285,PLANT03,PORT09,296,0.9771830581879343,2.0
1447305800.7,2023-03-30,PORT04,V444_0,3,DTP,0,0,V55555555_5,1684862,PLANT03,PORT09,55239,67.0,2.9
1447293094.7,2023-10-26,PORT04,V444_0,2,DTP,0,0,V555555555_35,1689547,PLANT03,PORT09,287,0.5758901749851062,2.0
1447286291.7,2023-02-23,PORT04,V44_3,4,CRF,0,0,V555555555555_31,1684560,PLANT03,PORT09,6301,2.6743861377122577,4.0
1447262385.7,2023-05-10,PORT04,V444_0,2,DTP,0,0,V5555_33,1688589,PLANT03,PORT09,264,0.3654040883320759,2.0
1447235296.7,2023-04-25,PORT04,V444_0,2,DTP,3,0,V55555_2,1700094,PLANT03,PORT09,292,0.25206762028608587,2.0
1447214228.7,2023-10-21,PORT04,V444_0,2,DTP,0,0,V555555555555555_29,1689547,PLANT03,PORT09,933,41.191763123882964,2.0
1447207102.7,2023-04-23,PORT04,V444_0,2,DTP,3,0,V555555_6,1663347,PLANT03,PORT09,679,29.26,2.0
1447199986.7,2023-11-19,PORT04,V444_0,2,DTP,3,0,V55555555_5,1695348,PLANT03,PORT09,810,1.759446949976469,2.0
1447189821.7,2023-11-21,PORT04,V444_1,1,DTD,0,0,V5555555_22,1682742,PLANT03,PORT09,290,3.4729052000489196,1.0
1447404676.7,2023-08-10,PORT04,V444_0,2,DTP,0,0,V5555_33,1682736,PLANT03,PORT09,239,0.08919117647058825,2.0
1447397000.7,2023-05-15,PORT04,V444_0,2,DTP,0,0,V55_13,1663396,PLANT03,PORT09,2238,87.43354719459285,2.0
1447390902.7,2023-06-23,PORT04,V444_0,2,DTP,3,0,V55555_2,1696746,PLANT03,PORT09,272,0.1767772687100155,2.0
1447379972.7,2023-04-25,PORT04,V444_0,2,DTP,0,0,V55_39,1700558,PLANT03,PORT09,100246,214.29603448190957,2.03
1447373462.7,2023-10-16,PORT04,V44_3,2,CRF,3,0,V55555_2,1682739,PLANT03,PORT09,281,1.481581569115816,2.0
1447373222.7,2023-06-06,PORT04,V444_0,2,DTP,0,0,V5555555_30,1700097,PLANT03,PORT09,280,0.08936096718480138,2.0
1447364866.7,2023-09-21,PORT04,V444_1,1,DTD,5,0,V55555555555555_8,1690630,PLANT03,PORT09,297,1.7445446926102484,1.0
1447360811.7,2023-07-03,PORT04,V444_0,2,DTP,3,0,V555555555_3,1682793,PLANT03,PORT09,318,1.3490758505115743,2.0
1447336148.7,2023-01-10,PORT04,V444_0,2,DTP,0,0,V5555555_30,1658528,PLANT03,PORT09,610,3.62,2.0
1447334425.7,2023-12-22,PORT04,V444_1,1,DTD,0,0,V55555555555555_8,1672707,PLANT03,PORT09,293,1.3333305066779737,1.0
1447334333.7,2023-01-14,PORT04,V444_1,1,DTD,5,0,V55555555555555_8,1689546,PLANT03,PORT09,501,14.325088328602954,1.0
1447310717.7,2023-11-06,PORT04,V444_0,2,DTP,3,1,V555_15,1689548,PLANT03,PORT09,273,0.7447978763102168,2.0
1447306316.7,2023-09-27,PORT04,V444_0,2,DTP,5,0,V55555555_7,1687353,PLANT12,PORT09,386,22.6,2.0
1447295172.7,2023-02-12,PORT04,V444_0,2,DTP,3,0,V555555_6,1670215,PLANT03,PORT09,552,2.8105342138206604,2.0
1447225482.7,2023-06-03,PORT04,V444_0,2,DTP,0,0,V555555555_27,1668547,PLANT03,PORT09,341,0.23899292608729997,2.0
1447224317.7,2023-10-01,PORT04,V444_0,2,DTP,5,0,V55555555_7,1669409,PLANT03,PORT09,501,2.134037491530528,2.0
1447207541.7,2023-02-24,PORT04,V444_0,2,DTP,0,0,V5555_33,1688575,PLANT03,PORT09,291,0.18086818572369293,2.0
1447200527.7,2023-03-02,PORT04,V444_0,2,DTP,5,0,V55555555_7,1689547,PLANT03,PORT09,503,14.101501480911166,2.0
1447178351.7,2023-04-01,PORT04,V44_3,0,CRF,3,0,V55555555_32,1699836,PLANT03,PORT09,9894,94.8,0.0
1447171067.7,2023-10-23,PORT04,V444_0,2,DTP,3,0,V55555_4,1666954,PLANT03,PORT09,288,0.09607433440855041,2.0
1447166634.7,2023-02-01,PORT04,V444_0,2,DTP,3,0,V555555_6,1663347,PLANT03,PORT09,351,3.0283320841232744,2.0
1447144478.7,2023-09-02,PORT04,V444_1,1,DTD,0,0,V555555555555555555_45,1682832,PLANT03,PORT09,488,17.806450367323496,1.0
1447405915.7,2023-09-13,PORT04,V444_1,1,DTD,0,0,V5555555_22,1683633,PLANT03,PORT09,389,3.86,1.0
1447398542.7,2023-10-25,PORT04,V444_0,2,DTP,0,0,V555555555_27,1677878,PLANT03,PORT09,877,2.2680588815326046,2.0
1447357376.7,2023-01-09,PORT04,V444_0,2,DTP,3,0,V555555_6,1657063,PLANT03,PORT09,386,2.4887023886378308,2.0
1447349612.7,2023-01-04,PORT04,V444_0,2,DTP,0,0,V555555555_27,1622685,PLANT03,PORT09,320,0.39776025236593054,2.0
1447348988.7,2023-10-28,PORT04,V444_0,2,DTP,3,0,V55555555_5,1688288,PLANT03,PORT09,404,9.660215801675177,2.0
1447348677.7,2023-08-22,PORT04,V444_0,2,DTP,0,0,V55555555_5,1666958,PLANT12,PORT09,416,43.85,2.0
1447346500.7,2023-10-15,PORT04,V444_0,2,DTP,0,0,V5555_33,1677889,PLANT03,PORT09,362,0.4048113696365565,2.0
1447346302.7,2023-10-15,PORT04,V444_0,2,DTP,0,0,V55555555555_28,1700139,PLANT03,PORT09,31511,41.497254544336386,2.0
1447338581.7,2023-04-03,PORT04,V444_1,1,DTD,0,0,V55555555555555_8,1672707,PLANT03,PORT09,329,1.8039177443290233,1.0
1447334330.7,2023-01-06,PORT04,V444_1,1,DTD,5,0,V55555555555555_8,1688571,PLANT03,PORT09,942,59.6628945457987,1.0
1447329589.7,2023-08-16,PORT04,V444_0,2,DTP,0,0,V5555_33,1689547,PLANT03,PORT09,358,4.103217496768882,2.0
1447320822.7,2023-11-09,PORT04,V44_3,0,CRF,0,0,V555555555555555_29,1699841,PLANT03,PORT09,1942,2.873199401026889,1.44
1447318796.7,2023-03-03,PORT04,V444_1,1,DTD,5,0,V55555555555555_8,1683388,PLANT03,PORT09,339,2.3541176470588243,1.0
1447297462.7,2023-01-07,PORT04,V444_0,2,DTP,3,0,V55555_4,1672110,PLANT03,PORT09,374,6.1548961168529885,2.0
1447292661.7,2023-01-07,PORT04,V444_1,1,DTD,5,0,V55555555555555_8,1689547,PLANT03,PORT09,702,28.79450874925531,1.0
1447290103.7,2023-05-09,PORT04,V444_0,2,DTP,3,0,V555555_6,1657064,PLANT03,PORT09,383,0.969765235962923,2.0
1447288319.7,2023-01-15,PORT04,V444_0,2,DTP,0,0,V5555_33,1688587,PLANT03,PORT09,274,3.2834746418512686,2.0
1447246604.7,2023-11-07,PORT04,V444_0,2,DTP,0,0,V5555_33,1689549,PLANT03,PORT09,331,0.19168708781045668,2.0
1447220698.7,2023-06-28,PORT04,V444_0,2,DTP,3,0,V555555_6,1683197,PLANT03,PORT09,1289,18.52,2.0
1447206340.7,2023-03-21,PORT04,V444_0,2,DTP,3,0,V55555_4,1683200,PLANT03,PORT09,374,2.5675705467372127,2.0
1447203016.7,2023-11-08,PORT04,V444_0,2,DTP,0,0,V555555555_14,1694720,PLANT03,PORT09,1237,12.311862289294188,2.0
1447187891.7,2023-09-11,PORT04,V444_0,2,DTP,0,0,V5555_33,1682805,PLANT03,PORT09,281,0.1718299495991315,2.0
1447179950.7,2023-08-05,PORT04,V444_1,1,DTD,0,0,V555555555555555555_45,1682772,PLANT03,PORT09,275,0.1940346534653466,1.0
1447171577.7,2023-04-21,PORT04,V444_0,2,DTP,0,0,V55555_26,1658532,PLANT03,PORT09,317,0.4096364809636482,2.0
1447165543.7,2023-08-21,PORT04,V444_0,2,DTP,3,0,V55555_4,1689541,PLANT03,PORT09,352,15.585650446871886,2.0
1447151142.7,2023-06-24,PORT04,V444_0,2,DTP,0,0,V555555555_27,1679638,PLANT03,PORT09,2983,6.96,2.0
1447150677.7,2023-11-06,PORT04,V444_0,2,DTP,0,0,V555555555_14,1691700,PLANT08,PORT09,4083,25.85986929883893,2.0
1447138898.7,2023-08-22,PORT09,V44_3,1,CRF,3,0,V55555_53,1700106,PLANT16,PORT09,2331,61.2,1.0
1447419065.7,2023-11-30,PORT04,V444_0,2,DTP,5,0,V55555555_7,1699369,PLANT09,PORT09,2301,5.345578077476746,2.0
1447403038.7,2023-05-14,PORT04,V444_0,2,DTP,3,0,V55555_2,1668127,PLANT03,PORT09,458,18.58,2.0
1447402186.7,2023-08-21,PORT04,V444_1,1,DTD,0,0,V55555555555555_8,1688290,PLANT03,PORT09,254,1.9900746896440906,1.0
1447391524.7,2023-10-14,PORT04,V444_0,2,DTP,0,0,V55555555_5,1675655,PLANT03,PORT09,1297,8.98,2.0
1447390783.7,2023-10-13,PORT04,V444_1,1,DTD,0,0,V55555555555555_8,1688575,PLANT03,PORT09,419,9.043409286184646,1.0
1447371882.7,2023-12-15,PORT04,V444_0,2,DTP,0,0,V555555555_27,1676853,PLANT03,PORT09,1277,2.509544174607089,2.0
1447371635.7,2023-10-10,PORT04,V444_0,2,DTP,0,0,V555555555_14,1683634,PLANT03,PORT09,437,3.865822173797491,2.0
1447357559.7,2023-06-27,PORT04,V444_0,2,DTP,3,0,V55555_4,1677891,PLANT03,PORT09,772,1.6535634517766495,2.0
1447334105.7,2023-05-05,PORT04,V444_1,1,DTD,1,0,V555555555555555555_17,1677878,PLANT03,PORT09,2333,5.96,1.0
1447332135.7,2023-10-05,PORT04,V44_3,0,CRF,0,0,V5555555_30,1699540,PLANT03,PORT09,3522,5.743498400449389,0.0
1447328232.7,2023-01-27,PORT04,V444_1,1,DTD,5,0,V55555555555555_8,1688629,PLANT03,PORT09,477,13.452398300871073,1.0
1447327959.7,2023-02-05,PORT04,V44_3,0,CRF,3,0,V55555555_32,1699574,PLANT03,PORT09,13737,20.208677767086527,0.0
1447312829.7,2023-12-30,PORT04,V444_0,2,DTP,0,0,V5555_25,1697071,PLANT03,PORT09,288,0.12515008976198877,2.0
1447296450.7,2023-07-19,PORT09,V44_3,1,CRF,3,0,V55555_53,1696798,PLANT16,PORT09,950,132.56,1.0
1447281304.7,2023-08-14,PORT04,V444_0,2,DTP,5,0,V55555555_7,1660580,PLANT03,PORT09,570,23.1,2.0
1447274426.7,2023-02-17,PORT04,V444_0,2,DTP,3,0,V55555_2,1666954,PLANT03,PORT09,1246,13.76,2.0
1447272913.7,2023-06-24,PORT04,V444_0,2,DTP,0,0,V555555555_14,1691700,PLANT08,PORT09,4127,21.85986929883893,2.0
1447261966.7,2023-09-23,PORT04,V444_1,1,DTD,3,0,V5555555_19,1697084,PLANT03,PORT09,2430,8.15855267323577,1.0
1447250083.7,2023-09-28,PORT04,V444_0,2,DTP,0,0,V5555_33,1682859,PLANT03,PORT09,265,1.1661598287998445,2.0
1447211457.7,2023-06-08,PORT04,V444_0,2,DTP,0,0,V5555_33,1689544,PLANT03,PORT09,321,0.8580972618862004,2.0
1447208891.7,2023-01-16,PORT04,V444_0,2,DTP,0,0,V55_13,1696757,PLANT03,PORT09,450,11.38,2.0
1447189205.7,2023-09-12,PORT04,V444_1,2,DTD,5,0,V55555555555555_8,1650715,PLANT12,PORT09,327,10.876590909090911,2.0
1447174274.7,2023-04-23,PORT04,V444_0,2,DTP,0,0,V55555555555_28,1667934,PLANT03,PORT09,8253,1.6381989741104637,2.0
1447170784.7,2023-12-02,PORT09,V44_3,1,CRF,3,0,V55555_53,1700106,PLANT16,PORT09,798,14.3,1.0
1447164294.7,2023-06-25,PORT04,V444_0,2,DTP,5,0,V55555555_7,1672117,PLANT03,PORT09,300,0.3248000000000001,2.0
1447155060.7,2023-04-11,PORT09,V44_3,1,CRF,3,0,V55555_53,1696799,PLANT16,PORT09,617,54.52,1.0
1447152751.7,2023-01-09,PORT04,V444_0,2,DTP,3,0,V55555555_0,1669702,PLANT03,PORT09,277,0.48406943396226426,2.0
1447144040.7,2023-04-16,PORT04,V444_1,1,DTD,0,0,V5555555555555_16,1682832,PLANT03,PORT09,252,0.17806450367323495,1.0
1447423163.7,2023-04-24,PORT04,V444_0,2,DTP,5,0,V55555555_7,1655818,PLANT03,PORT09,1216,3.0905388169862196,2.0
1447407050.7,2023-05-30,PORT04,V444_0,2,DTP,0,0,V5555_33,1688589,PLANT03,PORT09,319,0.7308081766641518,2.0
1447406612.7,2023-12-15,PORT04,V444_0,2,DTP,3,0,V5555555_12,1635536,PLANT03,PORT09,335,1.5119666269368297,2.0
1447398411.7,2023-01-21,PORT09,V44_3,1,CRF,3,0,V55555_53,1702654,PLANT16,PORT09,452,33.9,1.0
1447364554.7,2023-05-29,PORT04,V444_0,2,DTP,0,0,V5555555555_1,1690145,PLANT13,PORT09,294,0.8,2.0
1447339229.7,2023-06-04,PORT04,V444_0,2,DTP,0,0,V555555555555555_29,1682769,PLANT03,PORT09,291,1.8410715634611585,2.0
1447339214.7,2023-07-04,PORT04,V444_1,1,DTD,5,0,V55555555555555_8,1688285,PLANT03,PORT09,277,1.9543661163758685,1.0
1447327263.7,2023-03-23,PORT04,V444_0,2,DTP,0,0,V555555555555555_29,1682853,PLANT03,PORT09,304,5.165537635680365,2.0
1447320653.7,2023-10-24,PORT04,V444_1,1,DTD,0,0,V5555555_22,1699794,PLANT03,PORT09,1874,3.1623683715461577,1.0
1447320233.7,2023-12-12,PORT09,V44_3,1,CRF,3,0,V55555_53,1700035,PLANT16,PORT09,339,1.54,1.0
1447304571.7,2023-01-21,PORT04,V444_0,2,DTP,0,0,V55_13,1684703,PLANT03,PORT09,443,2.079042486728305,2.0
1447281305.7,2023-04-25,PORT04,V444_0,2,DTP,5,0,V55555555_7,1655818,PLANT03,PORT09,1208,3.0905388169862196,2.0
1447274416.7,2023-01-13,PORT04,V444_0,2,DTP,3,0,V55555_2,1664051,PLANT03,PORT09,30279,377.80046898315925,2.0
1447269697.7,2023-02-18,PORT04,V444_0,2,DTP,3,0,V55555555_5,1696074,PLANT03,PORT09,394,0.8879148421617342,2.0
1447261179.7,2023-06-30,PORT04,V444_0,2,DTP,3,0,V55555_2,1700097,PLANT03,PORT09,344,1.1170120898100173,2.0
1447260491.7,2023-12-20,PORT04,V444_0,2,DTP,3,0,V555555_6,1693747,PLANT03,PORT09,561,35.7,2.0
1447254414.7,2023-04-20,PORT04,V444_0,2,DTP,5,0,V55555555_7,1668545,PLANT03,PORT09,408,1.3524228290167586,2.0
1447243636.7,2023-06-26,PORT04,V444_0,2,DTP,0,0,V5555_36,1700558,PLANT03,PORT09,1252,2.252960344819096,2.0
1447207819.7,2023-09-11,PORT04,V44_3,4,CRF,0,0,V555555555555_31,1684560,PLANT03,PORT09,6309,2.6743861377122577,4.0
1447205007.7,2023-05-03,PORT04,V444_0,2,DTP,0,0,V55555555555_28,1674598,PLANT03,PORT09,7282,3.2556253981400944,2.0
1447201718.7,2023-08-07,PORT04,V444_1,1,DTD,5,0,V55555555555555_8,1689541,PLANT03,PORT09,348,13.585650446871886,1.0
1447200626.7,2023-04-04,PORT04,V444_0,2,DTP,5,0,V55555555_7,1672088,PLANT03,PORT09,296,5.8,2.0
1447200574.7,2023-08-10,PORT04,V444_0,2,DTP,5,0,V55555555_7,1680562,PLANT03,PORT09,394,1.6410487363075543,2.0
1447175798.7,2023-11-14,PORT04,V444_0,2,DTP,0,0,V55555555555_28,1685760,PLANT03,PORT09,14333,4.941517176373101,2.0
1447172409.7,2023-07-01,PORT04,V444_0,2,DTP,3,0,V55555_2,1664051,PLANT03,PORT09,30280,394.54,2.0
1447172178.7,2023-10-29,PORT04,V444_0,2,DTP,0,0,V55555_26,1664067,PLANT03,PORT09,11123,78.49432524052634,2.0
1447170381.7,2023-01-11,PORT04,V444_0,2,DTP,3,1,V555_15,1672986,PLANT08,PORT09,748,3.042107920985247,2.0
1447160921.7,2023-04-12,PORT04,V444_0,2,DTP,0,0,V555555555_27,1677877,PLANT03,PORT09,2295,4.636129032258063,2.0
1447155737.7,2023-10-03,PORT04,V444_1,1,DTD,0,0,V5555555_22,1692949,PLANT03,PORT09,1656,6.487784686427584,1.0
1447150573.7,2023-10-28,PORT04,V444_0,2,DTP,0,0,V55555555555_28,1667927,PLANT03,PORT09,49268,26.51158926649526,2.0
1447150377.7,2023-11-26,PORT04,V444_0,2,DTP,0,0,V555555555_35,1699974,PLANT03,PORT09,393,4.550197712962491,2.0
1447149390.7,2023-01-25,PORT04,V444_0,2,DTP,0,0,V5555_33,1689548,PLANT03,PORT09,352,1.564075540251455,2.0
1447411608.7,2023-01-09,PORT04,V444_0,2,DTP,0,0,V55555555_5,1658528,PLANT03,PORT09,336,0.7165921736750888,2.0
1447408912.7,2023-09-04,PORT04,V444_0,2,DTP,0,0,V55555555_5,1687346,PLANT03,PORT09,4973,89.46,2.01
1447405818.7,2023-03-02,PORT04,V444_1,1,DTD,0,0,V5555555_22,1660579,PLANT03,PORT09,829,41.556895659788054,1.0
1447403031.7,2023-11-22,PORT04,V444_0,2,DTP,0,0,V55555555555_28,1695862,PLANT03,PORT09,100322,86.63260994662785,2.06
1447390916.7,2023-11-19,PORT04,V444_1,1,DTD,0,0,V55555555555555_8,1689545,PLANT03,PORT09,315,0.5664261753987018,1.0
1447377350.7,2023-01-13,PORT04,V444_0,2,DTP,0,0,V5555_33,1683419,PLANT03,PORT09,285,3.7099101966297603,2.0
1447370916.7,2023-02-07,PORT04,V444_0,2,DTP,3,0,V555555_6,1696074,PLANT03,PORT09,5352,44.28365695024844,2.0
1447369444.7,2023-08-01,PORT04,V444_1,1,DTD,5,0,V55555555555555_8,1689546,PLANT03,PORT09,439,14.325088328602954,1.0
1447368565.7,2023-04-01,PORT04,V444_0,2,DTP,3,1,V555_15,1699954,PLANT03,PORT09,248,0.1862932891674255,2.0
1447356536.7,2023-07-26,PORT04,V444_0,2,DTP,3,0,V55555555_5,1637055,PLANT12,PORT09,240,1.752644177303778,2.0
1447346631.7,2023-07-03,PORT04,V444_0,2,DTP,0,0,V5555_33,1688288,PLANT03,PORT09,264,0.8528172641340142,2.0
1447304573.7,2023-02-18,PORT04,V444_0,2,DTP,0,0,V55_13,1684703,PLANT03,PORT09,382,1.5459546696184834,2.0
1447300102.7,2023-09-15,PORT04,V444_0,2,DTP,5,0,V55555555_7,1669409,PLANT03,PORT09,1360,8.38,2.0
1447288507.7,2023-03-17,PORT04,V444_0,2,DTP,0,0,V555555555555555_29,1688589,PLANT03,PORT09,294,4.567551104150948,2.0
1447283655.7,2023-01-17,PORT04,V444_0,2,DTP,0,0,V55555_26,1649008,PLANT03,PORT09,479,1.9964601769911507,2.0
1447275630.7,2023-07-01,PORT04,V444_0,2,DTP,3,0,V55555_4,1675662,PLANT03,PORT09,1140,8.30038111369892,2.0
1447274829.7,2023-04-22,PORT04,V444_0,2,DTP,0,0,V5555_33,1689548,PLANT03,PORT09,336,0.6703180886791951,2.0
1447269676.7,2023-01-10,PORT04,V444_1,1,DTD,0,0,V555555555555555555_45,1682757,PLANT03,PORT09,333,0.3340982340747597,1.0
1447250624.7,2023-08-25,PORT04,V444_0,2,DTP,3,0,V5555555_12,1693192,PLANT03,PORT09,441,1.3908498583436812,2.0
1447243153.7,2023-08-23,PORT04,V444_1,1,DTD,5,0,V55555555555555_8,1658532,PLANT03,PORT09,1086,7.74,1.0
1447237014.7,2023-01-05,PORT04,V444_1,1,DTD,5,0,V55555555555555_8,1689546,PLANT03,PORT09,357,2.298763249290443,1.0
1447227502.7,2023-09-18,PORT04,V444_0,2,DTP,0,0,V5555_33,1688610,PLANT03,PORT09,243,0.3716395573065179,2.0
1447224980.7,2023-01-03,PORT04,V444_0,2,DTP,3,0,V555555_6,1699769,PLANT03,PORT09,1285,5.432428459181053,2.0
1447196795.7,2023-04-11,PORT04,V444_0,2,DTP,3,0,V555555_6,1660578,PLANT03,PORT09,501,20.5,2.0
1447195864.7,2023-07-08,PORT04,V444_0,2,DTP,0,0,V555555_24,1688633,PLANT03,PORT09,325,8.072234748710704,2.0
1447175572.7,2023-07-28,PORT04,V444_0,2,DTP,0,0,V555555555_14,1691700,PLANT08,PORT09,4155,21.85986929883893,2.0
1447163841.7,2023-08-28,PORT04,V444_0,2,DTP,0,0,V5555_33,1688575,PLANT03,PORT09,281,2.170418228684315,2.0
1447137229.7,2023-07-07,PORT04,V444_0,2,DTP,3,0,V55555555_5,1697080,PLANT03,PORT09,918,3.780648135530698,2.0
1447423167.7,2023-03-04,PORT04,V444_0,2,DTP,5,0,V55555555_7,1687346,PLANT03,PORT09,694,9.475605253503554,2.0
1447421584.7,2023-04-10,PORT04,V444_0,2,DTP,3,0,V555555_6,1692113,PLANT03,PORT09,586,1.0634985985086458,2.0
1447404969.7,2023-09-24,PORT04,V444_0,2,DTP,3,0,V55555_2,1689032,PLANT03,PORT09,918,11.44,2.0
1447403840.7,2023-05-30,PORT04,V444_0,2,DTP,0,0,V55555_26,1672706,PLANT03,PORT09,390,7.84,2.0
1447348355.7,2023-02-27,PORT04,V444_1,1,DTD,5,0,V55555555555555_8,1689546,PLANT03,PORT09,405,9.195052997161772,1.0
1447348326.7,2023-09-03,PORT04,V444_1,1,DTD,5,0,V55555555555555_8,1693747,PLANT03,PORT09,386,21.32,1.0
1447335259.7,2023-03-06,PORT04,V444_0,2,DTP,3,0,V55555555_5,1685329,PLANT12,PORT09,251,2.1,2.0
1447305840.7,2023-06-11,PORT04,V444_0,2,DTP,3,0,V55555_2,1687346,PLANT03,PORT09,325,0.918340597255851,2.0
1447296229.7,2023-03-19,PORT04,V444_0,2,DTP,3,0,V55555_4,1622685,PLANT03,PORT09,385,1.3258675078864353,2.0
1447265575.7,2023-02-11,PORT04,V444_0,2,DTP,5,0,V55555555_7,1699268,PLANT03,PORT09,1528,2.653359698893519,2.0
1447244615.7,2023-04-16,PORT04,V444_0,2,DTP,0,0,V5555_33,1689547,PLANT03,PORT09,308,1.7276705249553186,2.0
1447243916.7,2023-08-23,PORT04,V444_0,2,DTP,0,0,V5555_33,1689547,PLANT03,PORT09,240,0.14397254374627655,2.0
1447220704.7,2023-07-07,PORT04,V444_0,2,DTP,0,0,V55_13,1672670,PLANT03,PORT09,333,0.9562145982780536,2.0
1447201780.7,2023-11-19,PORT04,V444_0,2,DTP,0,0,V555555555_14,1691700,PLANT08,PORT09,4143,21.85986929883893,2.0
1447194702.7,2023-01-05,PORT04,V444_0,2,DTP,0,0,V555555555555555_29,1689547,PLANT03,PORT09,831,36.99313593656914,2.0
1447194675.7,2023-02-10,PORT04,V444_0,2,DTP,3,0,V555555_6,1688575,PLANT03,PORT09,749,43.21704643092323,2.0
1447189610.7,2023-09-20,PORT04,V444_0,2,DTP,0,0,V555555555_27,1675615,PLANT03,PORT09,1281,8.845369802283935,2.0
1447184528.7,2023-04-29,PORT04,V444_1,1,DTD,5,0,V55555555555555_8,1689541,PLANT03,PORT09,287,0.29171300893743773,1.0
1447165428.7,2023-09-23,PORT04,V444_0,2,DTP,0,0,V55555_26,1677884,PLANT03,PORT09,590,2.6527483058388666,2.0
1447163911.7,2023-07-19,PORT04,V444_0,2,DTP,0,0,V555555555_27,1683200,PLANT03,PORT09,335,1.3094609788359786,2.0
1447162961.7,2023-04-25,PORT04,V444_0,2,DTP,3,0,V55555555_0,1644050,PLANT03,PORT09,253,0.7173249496393764,2.0
1447146534.7,2023-01-30,PORT04,V444_0,2,DTP,3,0,V55555_4,1643057,PLANT03,PORT09,3490,35.250447802593314,2.0
1447145770.7,2023-07-11,PORT04,V444_0,2,DTP,0,0,V5555_33,1683405,PLANT03,PORT09,248,0.32747368421052636,2.0
1447408446.7,2023-03-31,PORT04,V444_0,2,DTP,0,0,V555555555_27,1677692,PLANT03,PORT09,5295,355.86,2.0
1447349669.7,2023-02-10,PORT04,V444_1,1,DTD,5,0,V55555555555555_8,1690627,PLANT03,PORT09,332,1.536735419667123,1.0
1447317061.7,2023-11-08,PORT04,V444_0,2,DTP,0,0,V555555555_35,1688629,PLANT03,PORT09,388,11.734937058157948,2.0
1447313114.7,2023-03-03,PORT04,V444_0,2,DTP,5,0,V55555555_7,1699570,PLANT03,PORT09,22754,24.440663947804875,2.0
1447269675.7,2023-03-27,PORT04,V444_1,1,DTD,0,0,V555555555555555555_45,1689551,PLANT03,PORT09,315,5.224506839728236,1.0
1447244429.7,2023-09-08,PORT04,V444_0,2,DTP,0,0,V555555555_14,1668550,PLANT03,PORT09,2281,34.15719357435451,2.0
1447236962.7,2023-07-23,PORT04,V444_0,2,DTP,5,0,V55555555_7,1689548,PLANT03,PORT09,304,4.096388319706192,2.0
1447234279.7,2023-11-26,PORT04,V444_1,1,DTD,1,0,V555555555555555555_17,1689145,PLANT03,PORT09,692,1.4307677445175895,1.0
1447229518.7,2023-02-20,PORT04,V444_0,2,DTP,0,0,V5555_33,1689543,PLANT03,PORT09,281,0.4901147131376556,2.0
1447224969.7,2023-11-23,PORT04,V444_0,2,DTP,3,0,V555555_6,1699768,PLANT03,PORT09,796,2.7597769888265433,2.0
1447204792.7,2023-07-09,PORT04,V444_0,2,DTP,3,0,V555555_6,1677889,PLANT03,PORT09,330,0.02891509783118261,2.0
1447178040.7,2023-07-16,PORT04,V444_1,1,DTD,5,0,V55555555555555_8,1676563,PLANT03,PORT09,337,1.9558528428093647,1.0
1447174489.7,2023-10-25,PORT04,V444_1,1,DTD,5,0,V55555555555555_8,1690617,PLANT03,PORT09,342,1.141115981112546,1.0
1447166886.7,2023-03-25,PORT04,V444_0,2,DTP,5,0,V55555555_7,1682784,PLANT03,PORT09,317,2.097143238408404,2.0
1447156689.7,2023-06-25,PORT04,V444_0,2,DTP,3,0,V555555_6,1677878,PLANT03,PORT09,311,0.037181293139878765,2.0
1447150702.7,2023-12-21,PORT04,V444_0,2,DTP,0,0,V55555_26,1656839,PLANT03,PORT09,438,2.1264804469273746,2.0
1447423149.7,2023-11-29,PORT04,V444_0,2,DTP,5,0,V55555555_7,1668545,PLANT03,PORT09,960,5.36,2.0
1447419383.7,2023-06-30,PORT04,V444_1,1,DTD,0,0,V5555555_22,1672664,PLANT03,PORT09,332,0.6390948993491752,1.0
1447418346.7,2023-10-14,PORT04,V444_0,2,DTP,5,0,V55555555_7,1668545,PLANT03,PORT09,688,3.8882156334231808,2.0
1447393228.7,2023-06-19,PORT04,V444_0,2,DTP,3,1,V555_15,1691700,PLANT08,PORT09,1286,5.964967324709733,2.0
1447389090.7,2023-03-01,PORT04,V444_0,2,DTP,3,0,V5555555_22,1683200,PLANT03,PORT09,321,1.7972993827160488,2.0
1447388728.7,2023-04-10,PORT04,V44_3,0,CRF,0,0,V5555555_30,1699184,PLANT03,PORT09,1318,6.28,0.0
1447377052.7,2023-12-13,PORT04,V444_0,2,DTP,0,0,V5555_33,1688290,PLANT03,PORT09,341,4.577171786181409,2.0
1447367940.7,2023-12-08,PORT04,V444_0,2,DTP,0,0,V55555_26,1644050,PLANT03,PORT09,313,2.58,2.0
1447364454.7,2023-07-11,PORT04,V444_0,2,DTP,0,0,V5555_33,1682772,PLANT03,PORT09,329,0.1940346534653466,2.0
1447361988.7,2023-03-02,PORT04,V444_0,2,DTP,3,0,V55555_4,1652644,PLANT03,PORT09,348,3.4799999999999995,2.0
1447348301.7,2023-12-06,PORT04,V444_1,1,DTD,5,0,V55555555555555_8,1689547,PLANT03,PORT09,751,34.99313593656914,1.0
1447334422.7,2023-05-08,PORT04,V444_0,2,DTP,3,0,V555555_6,1682805,PLANT03,PORT09,1236,84.91497479956575,2.0
1447313124.7,2023-06-15,PORT04,V44_3,0,CRF,0,0,V555555555555555_29,1699310,PLANT03,PORT09,1198,6.48,0.0
1447312018.7,2023-12-24,PORT04,V444_0,2,DTP,0,0,V5555_33,1689544,PLANT03,PORT09,313,0.4290486309431002,2.0
1447278135.7,2023-06-21,PORT04,V444_0,2,DTP,0,0,V5555555_30,1668343,PLANT03,PORT09,668,40.74,2.0
1447277441.7,2023-11-27,PORT04,V444_0,2,DTP,3,0,V5555555_12,1687661,PLANT03,PORT09,267,0.12400000000000003,2.0
1447269478.7,2023-06-08,PORT04,V44_3,0,CRF,3,0,V55555555_32,1699841,PLANT03,PORT09,1953,2.873199401026889,0.0
1447254124.7,2023-09-12,PORT04,V444_1,1,DTD,5,0,V55555555555555_8,1688285,PLANT03,PORT09,340,3.908732232751737,1.0
1447246087.7,2023-09-28,PORT04,V444_0,2,DTP,3,0,V555555_6,1672006,PLANT03,PORT09,452,26.58,2.0
1447226799.7,2023-02-16,PORT04,V444_0,2,DTP,5,0,V55555555_7,1687353,PLANT12,PORT09,323,11.972463768115944,2.0
1447206053.7,2023-05-09,PORT04,V444_0,2,DTP,5,0,V55555555_7,1687353,PLANT12,PORT09,312,5.486231884057972,2.0
1447194417.7,2023-09-09,PORT04,V444_0,2,DTD,0,0,V555555_40,1663347,PLANT03,PORT09,1679,95.88,2.0
1447191298.7,2023-06-20,PORT04,V444_0,2,DTP,0,0,V5555_33,1688633,PLANT03,PORT09,258,0.37113722982577946,2.0
1447172402.7,2023-09-05,PORT04,V444_0,2,DTP,3,0,V55555_2,1660885,PLANT03,PORT09,1035,5.720000000000001,2.0
1447167733.7,2023-12-08,PORT04,V444_0,2,DTP,0,0,V55555555_5,1677889,PLANT03,PORT09,880,3.469811739741913,2.01
1447163434.7,2023-04-10,PORT04,V444_0,2,DTP,3,0,V555555_6,1683197,PLANT03,PORT09,879,13.979999999999999,2.0
1447150570.7,2023-02-27,PORT04,V444_0,2,DTP,0,0,V55555555555_28,1667927,PLANT03,PORT09,49280,25.51158926649526,2.0
1447404256.7,2023-05-13,PORT04,V444_0,2,DTP,0,0,V555555555_14,1691700,PLANT08,PORT09,4097,24.85986929883893,2.0
1447398887.7,2023-12-09,PORT04,V444_0,2,DTP,3,0,V5555555_12,1683200,PLANT03,PORT09,293,0.6418926366843032,2.0
1447365218.7,2023-08-14,PORT04,V444_1,2,DTD,0,0,V55555_10,1702224,PLANT12,PORT09,339,2.9743010618644066,2.0
1447360431.7,2023-10-14,PORT04,V444_0,2,DTP,0,0,V555555555_27,1672722,PLANT03,PORT09,257,1.2264986770820208,2.0
1447355234.7,2023-12-22,PORT04,V444_0,2,DTP,3,0,V555555_6,1677878,PLANT03,PORT09,997,2.602690519791514,2.0
1447323824.7,2023-03-23,PORT04,V44_3,2,CRF,3,0,V55555_2,1669409,PLANT03,PORT09,1263,8.06,2.0
1447300853.7,2023-03-30,PORT04,V444_0,2,DTP,0,0,V5555_33,1688294,PLANT03,PORT09,298,2.632271597220331,2.0
1447284629.7,2023-10-05,PORT04,V444_0,2,DTP,0,0,V5555_33,1682648,PLANT03,PORT09,239,0.0890274606650384,2.0
1447283780.7,2023-03-05,PORT04,V444_0,2,DTP,3,0,V555555_6,1667817,PLANT03,PORT09,2094,31.489300411522628,2.0
1447224401.7,2023-11-05,PORT04,V444_0,2,DTP,3,0,V55555_4,1650568,PLANT03,PORT09,255,0.06709174981747384,2.0
1447207733.7,2023-09-01,PORT04,V444_0,2,DTP,0,0,V55_13,1684703,PLANT03,PORT09,500,3.105236534664712,2.0
1447206338.7,2023-05-10,PORT04,V444_0,2,DTP,3,0,V55555_4,1668547,PLANT03,PORT09,542,2.3899292608729996,2.0
1447189594.7,2023-03-29,PORT04,V44_3,4,CRF,0,0,V555555555555555_29,1699584,PLANT03,PORT09,1956,5.94,3.08
1447184596.7,2023-10-06,PORT04,V44_3,0,CRF,3,0,V55555555_32,1699268,PLANT03,PORT09,1443,2.653359698893519,0.0
1447182912.7,2023-08-28,PORT04,V444_1,1,DTD,3,0,V5555555_19,1678493,PLANT03,PORT09,2047,16.48221756273749,1.0
1447163974.7,2023-07-13,PORT04,V444_0,2,DTP,0,0,V5555_33,1689549,PLANT03,PORT09,316,0.862591895147055,2.0
1447163431.7,2023-01-05,PORT04,V444_0,2,DTP,3,0,V555555_6,1682865,PLANT03,PORT09,309,1.5781231996599792,2.0
1447158024.7,2023-12-27,PORT09,V44_3,1,CRF,3,0,V55555_53,1696798,PLANT16,PORT09,3927,608.88,1.0
1447404257.7,2023-11-22,PORT04,V444_0,2,DTP,0,0,V555555555_14,1691700,PLANT08,PORT09,4138,24.85986929883893,2.0
1447400482.7,2023-07-09,PORT04,V444_0,2,DTP,3,0,V5555555_22,1683200,PLANT03,PORT09,1053,16.740000000000002,2.0
1447379142.7,2023-09-03,PORT04,V444_1,1,DTD,5,0,V55555555555555_8,1699666,PLANT03,PORT09,2133,13.53,1.0
1447360914.7,2023-10-05,PORT04,V444_1,1,DTD,0,0,V555555555555555555_45,1689547,PLANT03,PORT09,1011,49.39039031119679,1.0
1447348795.7,2023-11-10,PORT04,V444_0,2,DTP,3,0,V555555_6,1689546,PLANT03,PORT09,1215,66.96289747871329,2.0
1447335956.7,2023-12-20,PORT04,V444_0,2,DTP,0,0,V55555555555_28,1676699,PLANT03,PORT09,15301,6.685223812514676,2.0
1447326453.7,2023-06-01,PORT04,V444_1,1,DTD,5,0,V55555555555555_8,1689546,PLANT03,PORT09,404,7.662544164301477,1.0
1447323817.7,2023-06-06,PORT04,V444_0,2,DTP,3,0,V555555_6,1687346,PLANT03,PORT09,621,5.98,2.0
1447302676.7,2023-07-30,PORT04,V444_0,2,DTP,5,0,V55555555_7,1682784,PLANT03,PORT09,303,3.495238730680673,2.0
1447293093.7,2023-06-30,PORT04,V444_0,2,DTP,0,0,V555555555_35,1689546,PLANT03,PORT09,238,0.3065017665720591,2.0
1447284972.7,2023-11-26,PORT04,V444_0,2,DTP,3,0,V555555_6,1687661,PLANT03,PORT09,253,0.04960000000000001,2.0
1447284626.7,2023-07-01,PORT04,V444_0,2,DTP,0,0,V5555_33,1689548,PLANT03,PORT09,293,0.7447978763102168,2.0
1447281266.7,2023-12-28,PORT04,V444_0,2,DTP,5,0,V55555555_7,1655818,PLANT03,PORT09,841,1.8028143099086282,2.0
1447269683.7,2023-06-18,PORT04,V444_1,1,DTD,0,0,V5555555555555_16,1682769,PLANT03,PORT09,264,2.577500188845622,1.0
1447269556.7,2023-09-17,PORT04,V444_0,2,DTP,0,0,V555555555_27,1689147,PLANT03,PORT09,370,0.3765764707609638,2.0
1447265563.7,2023-09-30,PORT04,V444_0,2,DTP,5,0,V55555555_7,1672117,PLANT03,PORT09,250,0.3248000000000001,2.0
1447250708.7,2023-05-16,PORT04,V444_1,1,DTD,5,0,V55555555555555_8,1689547,PLANT03,PORT09,775,38.99313593656914,1.0
1447232858.7,2023-07-19,PORT04,V444_0,2,DTP,3,0,V55555_2,1660551,PLANT03,PORT09,261,1.200792864222002,2.0
1447211343.7,2023-12-11,PORT04,V444_0,2,DTP,3,0,V55555_2,1623991,PLANT03,PORT09,670,2.871984003554766,2.0
1447209741.7,2023-09-05,PORT04,V444_1,1,DTD,5,0,V55555555555555_8,1689541,PLANT03,PORT09,401,14.585650446871886,1.0
1447201970.7,2023-09-16,PORT04,V444_0,2,DTP,3,0,V55555555_5,1697085,PLANT03,PORT09,645,1.5164679542693043,2.0
1447199984.7,2023-03-02,PORT04,V444_0,2,DTP,3,0,V55555555_5,1695348,PLANT03,PORT09,1247,3.518893899952938,2.0
1447199046.7,2023-08-16,PORT04,V444_0,2,DTP,3,0,V55555_2,1682802,PLANT03,PORT09,784,36.24308669118026,2.0
1447172945.7,2023-04-27,PORT04,V444_0,2,DTP,0,0,V555555555_14,1669409,PLANT03,PORT09,1326,8.85492735074908,2.0
1447169064.7,2023-05-14,PORT04,V444_0,2,DTP,3,0,V555555_6,1668545,PLANT03,PORT09,419,1.0565803351693426,2.0
1447165241.7,2023-01-15,PORT04,V444_0,2,DTP,3,0,V555555_6,1672707,PLANT03,PORT09,762,40.26,2.0
1447163026.7,2023-07-21,PORT04,V444_0,2,DTP,3,0,V55555_2,1675615,PLANT03,PORT09,596,3.095879430799377,2.0
1447135386.7,2023-08-14,PORT04,V444_0,2,DTP,3,1,V555_15,1681878,PLANT08,PORT09,1045,3.0977760466629154,2.0
1447407451.7,2023-09-29,PORT04,V444_0,2,DTP,0,0,V55555555_5,1652883,PLANT13,PORT09,938,270.4904463902142,2.0
1447405881.7,2023-04-03,PORT04,V444_1,1,DTD,0,0,V5555555_22,1699799,PLANT03,PORT09,7771,6.287387682802817,1.0
1447390850.7,2023-10-28,PORT05,V44_3,2,CRF,3,0,V55555_2,1684170,PLANT04,PORT09,348,2.1011073223608046,2.0
1447387181.7,2023-05-04,PORT04,V444_1,1,DTD,5,0,V55555555555555_8,1688285,PLANT03,PORT09,278,2.736112562926216,1.0
1447385916.7,2023-11-28,PORT04,V44_3,0,CRF,3,0,V55555555_32,1699625,PLANT03,PORT09,39875,128.56061734470362,0.0
1447383121.7,2023-06-29,PORT04,V444_1,1,DTD,0,0,V555555555555555555_45,1683432,PLANT03,PORT09,486,15.477326194675772,1.0
1447382152.7,2023-09-22,PORT04,V444_0,2,DTP,3,0,V555555_6,1696488,PLANT03,PORT09,352,1.0186170212765957,2.0
1447377768.7,2023-06-03,PORT04,V444_0,2,DTP,0,0,V555555_24,1679638,PLANT03,PORT09,1119,2.935282654224653,2.0
1447373433.7,2023-02-01,PORT04,V444_1,1,DTD,0,0,V5555555_22,1692948,PLANT03,PORT09,349,0.28785422778956354,1.0
1447373181.7,2023-10-19,PORT04,V444_0,2,DTP,0,0,V555555555555555_29,1689544,PLANT03,PORT09,375,5.363107886788752,2.0
1447365153.7,2023-01-28,PORT04,V44_3,0,CRF,3,0,V55555555_32,1699419,PLANT03,PORT09,5086,13.154860516053335,0.0
1447364860.7,2023-01-01,PORT04,V444_1,1,DTD,5,0,V55555555555555_8,1690630,PLANT03,PORT09,257,0.8722723463051242,1.0
1447355119.7,2023-09-19,PORT04,V44_3,0,CRF,3,0,V55555555_32,1699834,PLANT03,PORT09,1876,2.1455339457058824,0.0
1447353776.7,2023-11-18,PORT04,V444_0,2,DTP,3,0,V555555_6,1651299,PLANT03,PORT09,505,0.6084584385387943,2.0
1447334704.7,2023-11-29,PORT04,V444_0,2,DTP,0,0,V5555_33,1689548,PLANT03,PORT09,268,0.3723989381551084,2.0
1447322267.7,2023-02-17,PORT04,V444_1,1,DTD,5,0,V55555555555555_8,1689547,PLANT03,PORT09,1211,69.78764468582445,1.0
1447309067.7,2023-12-03,PORT04,V444_1,1,DTD,0,0,V5555555_22,1660677,PLANT03,PORT09,490,11.451119411399398,1.0
1447300177.7,2023-08-05,PORT04,V444_0,2,DTP,0,0,V555555555_14,1696746,PLANT03,PORT09,439,8.838863435500775,2.0
1447299180.7,2023-01-24,PORT04,V444_0,2,DTP,0,0,V5555_33,1689544,PLANT03,PORT09,272,0.4290486309431002,2.0
1447295516.7,2023-02-27,PORT04,V444_0,2,DTP,0,0,V55555555_5,1668545,PLANT03,PORT09,357,1.0565803351693426,2.0
1447266845.7,2023-07-27,PORT04,V444_0,2,DTP,0,0,V55555_26,1666295,PLANT03,PORT09,432,1.8117786058347725,2.0
1447248523.7,2023-05-21,PORT04,V444_0,2,DTP,3,0,V55555555_0,1692997,PLANT03,PORT09,444,4.607988764196971,2.0
1447246443.7,2023-11-22,PORT04,V444_0,2,DTP,0,0,V5555_33,1689546,PLANT03,PORT09,259,0.3065017665720591,2.0
1447235299.7,2023-04-18,PORT04,V444_0,2,DTP,3,0,V55555_2,1700094,PLANT03,PORT09,289,1.5124057217165152,2.0
1447234275.7,2023-03-12,PORT04,V444_1,1,DTD,1,0,V555555555555555555_17,1676942,PLANT03,PORT09,6275,9.06,1.0
1447192279.7,2023-04-22,PORT04,V444_0,2,DTP,3,0,V555555555_3,1682769,PLANT03,PORT09,405,9.205357817305792,2.0
1447189161.7,2023-04-15,PORT04,V444_0,2,DTP,3,0,V55555_2,1689033,PLANT03,PORT09,336,2.04,2.0
1447163403.7,2023-12-12,PORT04,V444_0,2,DTP,0,3,V555555555_27,1654766,PLANT03,PORT09,1048,13.5,2.0
1447136686.7,2023-08-02,PORT04,V444_0,2,DTP,0,0,V55555555_5,1672721,PLANT03,PORT09,465,12.04,2.0
1447410822.7,2023-06-08,PORT04,V444_0,2,DTP,3,0,V55555_2,1664051,PLANT03,PORT09,20296,224.52,2.0
1447375138.7,2023-04-22,PORT04,V444_0,2,DTP,3,0,V5555555_22,1683200,PLANT03,PORT09,513,5.46,2.0
1447373404.7,2023-11-28,PORT04,V444_0,2,DTP,3,0,V55555_2,1669702,PLANT03,PORT09,448,3.549842515723271,2.0
1447367960.7,2023-10-08,PORT04,V444_0,2,DTP,0,0,V55555_26,1655818,PLANT03,PORT09,2294,6.02,2.0
1447366066.7,2023-07-31,PORT04,V444_1,1,DTD,3,0,V5555555_19,1697087,PLANT03,PORT09,434,0.7555972359920227,1.0
1447336314.7,2023-03-01,PORT04,V444_0,2,DTP,0,0,V555555555_14,1676565,PLANT03,PORT09,443,3.1396369676118177,2.0
1447336276.7,2023-09-20,PORT04,V444_0,2,DTP,3,0,V555555_6,1658528,PLANT03,PORT09,361,0.0,2.0
1447320687.7,2023-11-10,PORT04,V444_1,1,DTD,0,0,V5555555_22,1672676,PLANT03,PORT09,1283,34.16,1.0
1447320590.7,2023-04-30,PORT04,V44_3,0,CRF,3,0,V55555555_32,1699834,PLANT03,PORT09,9870,13.873203674235295,0.0
1447300170.7,2023-09-08,PORT04,V444_0,2,DTP,5,0,V55555555_7,1698988,PLANT03,PORT09,1150,4.9209422983,2.0
1447299178.7,2023-08-02,PORT04,V444_0,2,DTP,0,0,V5555_33,1688290,PLANT03,PORT09,299,0.19900746896440907,2.0
1447296441.7,2023-11-15,PORT04,V444_0,2,DTP,3,0,V555555_6,1672722,PLANT03,PORT09,566,22.880000000000003,2.0
1447293471.7,2023-08-25,PORT04,V444_1,1,DTD,5,0,V55555555555555_8,1699433,PLANT03,PORT09,580,37.96056645806041,1.0
1447289700.7,2023-05-27,PORT04,V444_0,2,DTP,3,0,V55555_2,1684170,PLANT03,PORT09,287,2.1011073223608046,2.0
1447289697.7,2023-10-14,PORT04,V444_0,2,DTP,3,0,V55555_2,1674853,PLANT03,PORT09,297,1.7459940652818984,2.0
1447288515.7,2023-06-26,PORT04,V444_0,2,DTP,0,0,V555555555555555_29,1682757,PLANT03,PORT09,339,4.176227925934496,2.0
1447283648.7,2023-03-31,PORT04,V444_0,2,DTP,0,0,V55555_26,1664051,PLANT03,PORT09,7468,94.48,2.01
1447283036.7,2023-09-11,PORT04,V444_0,2,DTP,0,0,V55555_26,1677891,PLANT03,PORT09,2234,6.0,2.0
1447230874.7,2023-10-03,PORT04,V444_1,1,DTD,0,0,V5555555_22,1683636,PLANT03,PORT09,281,0.8851190020406172,1.0
1447224383.7,2023-12-17,PORT04,V444_0,2,DTP,5,0,V55555555_7,1668545,PLANT03,PORT09,834,4.58,2.0
1447185915.7,2023-12-08,PORT04,V444_0,2,DTP,3,0,V555555_6,1682805,PLANT03,PORT09,1287,86.91497479956575,2.0
1447179944.7,2023-01-28,PORT04,V444_1,1,DTD,0,0,V555555555555555555_45,1688629,PLANT03,PORT09,612,24.904796601742145,1.0
1447158695.7,2023-10-14,PORT04,V444_1,1,DTD,0,0,V555555555555555555_45,1689548,PLANT03,PORT09,663,28.79191505240867,1.0
1447158619.7,2023-04-03,PORT04,V444_0,2,DTP,0,0,V55555555_5,1675655,PLANT03,PORT09,418,1.1389540053350573,2.0
1447145127.7,2023-09-27,PORT04,V444_1,1,DTD,0,0,V5555555_22,1672661,PLANT03,PORT09,528,4.075435563037822,1.0
1447423184.7,2023-08-08,PORT04,V444_0,2,DTP,5,0,V55555555_7,1675615,PLANT03,PORT09,678,3.5381479209135738,2.0
1447408445.7,2023-04-25,PORT04,V444_0,2,DTP,0,0,V555555555_27,1677692,PLANT03,PORT09,5267,355.61663057810256,2.0
1447405939.7,2023-03-16,PORT04,V444_1,1,DTD,0,0,V5555555_22,1675655,PLANT03,PORT09,651,3.78,1.0
1447398731.7,2023-07-13,PORT04,V44_3,0,CRF,3,0,V55555555_32,1699539,PLANT03,PORT09,12859,42.680409158850395,0.0
1447396749.7,2023-03-20,PORT04,V444_1,1,DTD,5,0,V55555555555555_8,1676565,PLANT03,PORT09,266,0.42385099062759535,1.0
1447394122.7,2023-05-11,PORT04,V444_0,2,DTP,0,0,V555555555_14,1650905,PLANT03,PORT09,3542,55.85999999999999,2.0
1447357413.7,2023-03-21,PORT04,V444_0,2,DTP,3,0,V55555555_0,1692997,PLANT03,PORT09,484,4.607988764196971,2.0
1447323794.7,2023-12-17,PORT04,V444_0,2,DTP,3,0,V555555_6,1693626,PLANT03,PORT09,313,0.8849051260266213,2.0
1447320771.7,2023-05-10,PORT04,V44_3,0,CRF,0,0,V555555555555555_29,1699417,PLANT03,PORT09,3318,7.076549532601917,0.88
1447296419.7,2023-04-17,PORT04,V444_0,2,DTP,3,0,V5555555_12,1620510,PLANT03,PORT09,406,2.6143187066974596,2.0
1447293336.7,2023-09-03,PORT04,V444_0,2,DTP,3,0,V555555_6,1617714,PLANT12,PORT09,327,6.4,2.0
1447267040.7,2023-06-08,PORT04,V444_0,2,DTP,0,0,V55555555_5,1689547,PLANT03,PORT09,309,2.879450874925531,2.0
1447265706.7,2023-04-08,PORT04,V444_0,2,DTP,3,0,V55555_2,1668127,PLANT03,PORT09,415,17.62,2.0
1447260245.7,2023-10-09,PORT04,V444_0,2,DTP,0,0,V555555_24,1701405,PLANT03,PORT09,413,15.03125692340117,2.0
1447251089.7,2023-02-20,PORT04,V444_0,2,DTP,5,0,V55555555_7,1682805,PLANT03,PORT09,308,0.08591497479956575,2.0
1447237175.7,2023-05-21,PORT04,V444_0,2,DTP,3,0,V55555555_5,1679995,PLANT13,PORT09,380,31.78406832146063,2.0
1447219922.7,2023-11-17,PORT04,V444_0,2,DTP,3,0,V555555_6,1662238,PLANT03,PORT09,800,33.84,2.0
1447200755.7,2023-06-18,PORT04,V444_0,2,DTP,0,0,V555555555555555_29,1688575,PLANT03,PORT09,361,4.521704643092323,2.0
1447195863.7,2023-03-16,PORT04,V444_0,2,DTP,0,0,V555555_24,1667817,PLANT03,PORT09,1387,18.5,2.0
1447194908.7,2023-12-17,PORT04,V444_0,2,DTP,3,0,V55555555_5,1672245,PLANT13,PORT09,262,0.43478260869565216,2.0
1447189418.7,2023-11-22,PORT04,V444_0,2,DTP,3,0,V555555_6,1649002,PLANT03,PORT09,385,1.4287732517070875,2.0
1447178883.7,2023-12-16,PORT04,V444_0,2,DTP,3,0,V555555_6,1677889,PLANT03,PORT09,579,1.7349058698709565,2.0
1447175747.7,2023-05-16,PORT04,V444_0,2,DTP,3,0,V5555555_22,1676566,PLANT03,PORT09,535,2.518890310471552,2.0
1447167003.7,2023-06-19,PORT04,V444_0,2,DTP,0,0,V55555555_5,1660583,PLANT03,PORT09,361,9.8,2.0
1447165419.7,2023-03-15,PORT04,V444_0,2,DTP,3,0,V55555_2,1660583,PLANT03,PORT09,275,0.2377904363539446,2.0
1447159865.7,2023-10-27,PORT04,V444_0,2,DTP,3,0,V555555_6,1677889,PLANT03,PORT09,349,0.14457548915591303,2.0
1447156707.7,2023-05-10,PORT04,V444_0,2,DTP,0,0,V5555555_30,1660579,PLANT03,PORT09,2284,170.78133198328595,2.0
1447147589.7,2023-09-05,PORT04,V444_0,2,DTP,3,0,V555555_6,1676853,PLANT03,PORT09,13293,26.58,2.0
1447406130.7,2023-06-22,PORT04,V444_0,2,DTP,5,0,V55555555_7,1675615,PLANT03,PORT09,918,5.2,2.0
1447405841.7,2023-10-15,PORT04,V44_3,0,CRF,3,0,V55555555_32,1699241,PLANT03,PORT09,2118,19.84,0.0
1447403227.7,2023-07-22,PORT04,V444_0,2,DTP,0,0,V55555555_5,1671942,PLANT03,PORT09,485,32.3,2.0
1447390884.7,2023-02-09,PORT04,V44_3,2,CRF,3,0,V55555_2,1668612,PLANT03,PORT09,316,0.8934597156398105,2.0
1447365241.7,2023-07-15,PORT04,V444_0,2,DTP,0,3,V555555555_27,1655818,PLANT03,PORT09,2244,6.04,2.0
1447351799.7,2023-05-04,PORT04,V444_0,2,DTP,0,0,V5555_33,1688589,PLANT03,PORT09,328,0.3654040883320759,2.0
1447342181.7,2023-01-11,PORT04,V444_0,2,DTP,0,0,V5555_33,1689549,PLANT03,PORT09,262,0.09584354390522834,2.0
1447332586.7,2023-09-05,PORT04,V444_0,2,DTP,0,0,V555555555_14,1697444,PLANT03,PORT09,819,3.26,2.0
1447329262.7,2023-12-26,PORT04,V44_3,0,CRF,0,0,V5555555_12,1699539,PLANT03,PORT09,2075,5.811487022692914,0.0
1447323803.7,2023-09-01,PORT04,V444_0,2,DTP,0,0,V55555_26,1677878,PLANT03,PORT09,628,1.115438794196363,2.0
1447321321.7,2023-08-12,PORT04,V444_0,2,DTP,0,0,V555555555_27,1662552,PLANT03,PORT09,2297,6.4,2.0
1447312023.7,2023-02-16,PORT04,V444_0,2,DTP,0,0,V5555_33,1688629,PLANT03,PORT09,289,0.7174612427131238,2.0
1447300140.7,2023-02-23,PORT04,V444_0,2,DTP,5,0,V55555555_7,1669409,PLANT03,PORT09,1178,6.34,2.0
1447300033.7,2023-05-11,PORT04,V444_0,2,DTP,0,0,V55_13,1696758,PLANT03,PORT09,501,9.795043818849887,2.0
1447281318.7,2023-11-29,PORT04,V444_0,2,DTP,5,0,V55555555_7,1672117,PLANT03,PORT09,289,0.6496000000000002,2.0
1447265427.7,2023-04-15,PORT04,V444_0,2,DTP,0,0,V55555555_5,1666994,PLANT12,PORT09,560,175.4398642774493,2.0
1447260523.7,2023-06-20,PORT04,V444_0,2,DTP,3,0,V55555_4,1683200,PLANT03,PORT09,551,6.779999999999999,2.0
1447258816.7,2023-05-07,PORT04,V444_0,2,DTP,3,0,V555555_6,1651302,PLANT03,PORT09,1012,3.6,2.0
1447258709.7,2023-11-22,PORT04,V444_0,2,DTP,0,0,V55_13,1658532,PLANT03,PORT09,338,1.2289094428909446,2.0
1447235298.7,2023-10-21,PORT04,V444_0,2,DTP,3,0,V55555_2,1669409,PLANT03,PORT09,348,0.7969434615674171,2.0
1447226727.7,2023-10-02,PORT04,V444_0,2,DTP,0,0,V555555555_14,1691700,PLANT08,PORT09,4125,25.85986929883893,2.0
1447214067.7,2023-02-24,PORT04,V444_0,2,DTP,0,0,V555555555_14,1689469,PLANT03,PORT09,1276,20.16,2.0
1447208827.7,2023-12-30,PORT04,V444_0,2,DTP,3,0,V55555_2,1621719,PLANT13,PORT09,298,4.800000000000001,2.0
1447200607.7,2023-03-01,PORT04,V444_0,2,DTP,5,0,V55555555_7,1682802,PLANT03,PORT09,307,0.15297234676472105,2.0
1447192315.7,2023-11-16,PORT04,V444_0,2,DTP,3,0,V55555_2,1657474,PLANT03,PORT09,4388,98.18,2.0
1447187889.7,2023-07-06,PORT04,V444_0,2,DTP,0,0,V5555_33,1688633,PLANT03,PORT09,272,0.2783529223693346,2.0
1447179113.7,2023-05-24,PORT04,V444_0,2,DTP,3,0,V55555_4,1699952,PLANT03,PORT09,344,2.9504047212816644,2.0
1447178061.7,2023-02-20,PORT04,V44_3,0,CRF,0,0,V5555555_30,1699184,PLANT03,PORT09,1296,6.373333333333333,0.0
1447169081.7,2023-04-24,PORT04,V444_1,1,DTD,1,0,V555555555555555555_17,1696074,PLANT03,PORT09,1333,8.87914842161734,1.0
1447168871.7,2023-10-22,PORT04,V444_0,2,DTP,0,0,V5555_33,1677891,PLANT03,PORT09,1697,4.762262741116751,2.0
1447167004.7,2023-12-20,PORT04,V444_0,2,DTP,0,0,V55555555_5,1660583,PLANT03,PORT09,387,9.26,2.0
1447408691.7,2023-09-12,PORT04,V444_0,2,DTP,3,0,V55555555_5,1700130,PLANT03,PORT09,49469,51.39645775463961,2.0
1447407430.7,2023-12-29,PORT04,V444_0,2,DTP,3,0,V555555_6,1682908,PLANT03,PORT09,271,1.98,2.0
1447396759.7,2023-07-28,PORT04,V444_1,1,DTD,5,0,V55555555555555_8,1676563,PLANT03,PORT09,606,4.98,1.0
1447384101.7,2023-05-16,PORT04,V444_1,1,DTD,0,0,V55555555555555_8,1684808,PLANT03,PORT09,5268,1.4044213761733328,1.0
1447375234.7,2023-09-18,PORT04,V444_0,2,DTP,3,1,V555_15,1689469,PLANT03,PORT09,953,12.270683557327505,2.0
1447361714.7,2023-07-25,PORT04,V444_0,2,DTP,3,0,V55555555_5,1683282,PLANT03,PORT09,510,4.16,2.0
1447360777.7,2023-01-07,PORT04,V444_0,2,DTP,3,0,V55555_4,1675654,PLANT03,PORT09,1746,15.177327422419253,2.0
1447351884.7,2023-02-13,PORT04,V444_0,2,DTP,0,0,V5555_33,1689548,PLANT03,PORT09,296,0.8192776639412384,2.0
1447348314.7,2023-05-16,PORT04,V444_0,2,DTP,0,0,V555555555555555_29,1689544,PLANT03,PORT09,334,11.726215773577504,2.0
1447339093.7,2023-06-08,PORT04,V444_1,1,DTD,0,0,V555555555555555555_45,1688629,PLANT03,PORT09,345,8.968265533914048,1.0
1447331115.7,2023-12-29,PORT04,V444_0,2,DTP,0,0,V5555555_30,1699540,PLANT03,PORT09,1835,2.8717492002246945,2.0
1447330385.7,2023-06-27,PORT04,V444_1,1,DTD,5,0,V55555555555555_8,1688285,PLANT03,PORT09,277,0.7817464465503474,1.0
1447304748.7,2023-11-29,PORT04,V444_0,2,DTP,3,0,V555555_6,1697087,PLANT03,PORT09,272,0.20607197345236983,2.0
1447281349.7,2023-09-24,PORT04,V444_0,2,DTP,5,0,V55555555_7,1668097,PLANT03,PORT09,553,27.92,2.0
1447266852.7,2023-12-25,PORT04,V444_0,2,DTP,3,0,V555555_6,1672664,PLANT03,PORT09,537,9.01123808082337,2.0
1447231115.7,2023-12-19,PORT04,V444_0,2,DTP,3,0,V55555_4,1683704,PLANT03,PORT09,1265,4.972492358988608,2.0
1447229097.7,2023-10-18,PORT04,V44_3,2,CRF,3,0,V55555_2,1668607,PLANT03,PORT09,237,0.10146654445462877,2.0
1447226888.7,2023-02-03,PORT04,V444_0,2,DTP,0,3,V555555555_27,1654766,PLANT03,PORT09,1023,12.79376146788991,2.0
1447220230.7,2023-05-20,PORT04,V444_0,2,DTP,0,0,V555555555_27,1699952,PLANT03,PORT09,521,7.78169245238039,2.0
1447200628.7,2023-01-07,PORT04,V444_0,2,DTP,5,0,V55555555_7,1682745,PLANT03,PORT09,324,0.22564755117645668,2.0
1447196514.7,2023-06-13,PORT04,V444_1,1,DTD,0,0,V5555555_22,1683634,PLANT03,PORT09,437,2.377480636885457,1.0
1447194681.7,2023-10-01,PORT04,V444_1,1,DTD,5,0,V55555555555555_8,1676563,PLANT03,PORT09,544,4.8,1.0
1447192251.7,2023-09-19,PORT04,V444_0,2,DTP,5,0,V55555555_7,1682760,PLANT03,PORT09,311,1.0248290721604223,2.0
1447187890.7,2023-11-22,PORT04,V444_0,2,DTP,0,0,V5555_33,1688629,PLANT03,PORT09,279,0.17936531067828096,2.0
1447185736.7,2023-05-18,PORT04,V444_0,2,DTP,3,0,V555555_6,1651299,PLANT03,PORT09,396,0.30422921926939717,2.0
1447180395.7,2023-05-10,PORT04,V444_0,2,DTP,5,0,V55555555_7,1687354,PLANT12,PORT09,300,6.2,2.0
1447179668.7,2023-10-23,PORT04,V444_0,2,DTP,3,0,V555555_6,1660578,PLANT03,PORT09,454,17.076925203926447,2.0
1447170386.7,2023-04-27,PORT04,V444_0,2,DTP,3,1,V555_15,1672344,PLANT08,PORT09,688,3.386578227180419,2.0
1447167735.7,2023-05-09,PORT04,V444_0,2,DTP,0,0,V55555555_5,1672721,PLANT03,PORT09,372,9.68,2.0
1447167719.7,2023-01-08,PORT04,V444_0,2,DTP,0,0,V55_13,1682784,PLANT03,PORT09,478,14.456669113120592,2.0
1447165085.7,2023-08-26,PORT04,V444_0,2,DTP,3,0,V555555_6,1697085,PLANT03,PORT09,2261,8.97318316135683,2.0
1447163001.7,2023-03-04,PORT04,V444_0,2,DTP,0,0,V555555555_27,1690006,PLANT03,PORT09,743,4.972278254343096,2.0
1447155208.7,2023-06-22,PORT04,V444_1,1,DTD,0,0,V5555555555555_16,1682799,PLANT03,PORT09,345,1.8701944309257892,1.0
1447403211.7,2023-10-15,PORT04,V44_3,0,CRF,3,0,V55555555_32,1699249,PLANT03,PORT09,924,2.529478648916667,0.0
1447402660.7,2023-01-10,PORT04,V444_1,1,DTD,5,0,V55555555555555_8,1689541,PLANT03,PORT09,351,15.585650446871886,1.0
1447396757.7,2023-04-02,PORT04,V444_0,3,DTD,0,0,V555555555555555555_42,1671426,PLANT03,PORT09,9252,5.757418559817775,3.0
1447390907.7,2023-07-13,PORT04,V44_3,2,CRF,3,0,V55555_2,1700097,PLANT03,PORT09,292,0.06702072538860104,2.0
1447386811.7,2023-12-28,PORT04,V444_0,2,DTP,3,0,V555555_6,1660563,PLANT03,PORT09,596,4.38,2.0
1447384260.7,2023-03-19,PORT04,V444_0,2,DTP,3,0,V55555_2,1664061,PLANT03,PORT09,20314,260.76,2.0
1447377053.7,2023-12-01,PORT04,V444_0,2,DTP,0,0,V5555_33,1688589,PLANT03,PORT09,347,1.6443183974943414,2.0
1447373446.7,2023-08-17,PORT04,V444_0,2,DTP,3,0,V55555_2,1667817,PLANT03,PORT09,658,5.8978600823045255,2.0
1447329554.7,2023-12-30,PORT04,V444_0,2,DTP,0,3,V555555555_27,1654766,PLANT03,PORT09,995,13.79376146788991,2.0
1447306338.7,2023-10-02,PORT04,V444_0,2,DTP,0,0,V5555_33,1674635,PLANT12,PORT09,337,3.860521708203332,2.0
1447305836.7,2023-01-19,PORT04,V444_0,2,DTP,3,0,V55555_2,1657064,PLANT03,PORT09,394,0.930974626524406,2.0
1447305022.7,2023-02-12,PORT04,V444_1,1,DTD,5,0,V55555555555555_8,1683388,PLANT03,PORT09,339,2.3541176470588243,1.0
1447301545.7,2023-01-15,PORT04,V444_0,2,DTP,5,0,V55555555_7,1699369,PLANT03,PORT09,4240,11.691156154953491,2.0
1447300082.7,2023-09-09,PORT04,V444_0,2,DTP,5,0,V55555555_7,1669409,PLANT03,PORT09,334,0.2656478205224724,2.0
1447283699.7,2023-03-05,PORT04,V444_0,2,DTP,0,0,V55555_26,1668547,PLANT03,PORT09,273,0.07966430869576666,2.0
1447281235.7,2023-09-28,PORT04,V444_1,2,DTD,5,0,V55555555555555_8,1666961,PLANT12,PORT09,341,27.6,2.0
1447269640.7,2023-09-11,PORT04,V444_0,2,DTP,3,0,V5555555_12,1644062,PLANT03,PORT09,372,1.2371085885393576,2.0
1447259913.7,2023-03-23,PORT04,V444_1,1,DTD,5,0,V55555555555555_8,1689541,PLANT03,PORT09,341,14.585650446871886,1.0
1447258671.7,2023-07-25,PORT04,V444_0,2,DTP,3,0,V55555555_5,1700140,PLANT03,PORT09,140262,92.26812922062439,2.24
1447250192.7,2023-11-27,PORT04,V444_1,1,DTD,5,0,V55555555555555_8,1688629,PLANT03,PORT09,486,15.142877961045286,1.0
1447243633.7,2023-01-31,PORT04,V444_0,2,DTP,0,0,V5555_36,1682681,PLANT03,PORT09,14245,27.74870336787741,2.0
1447236172.7,2023-07-17,PORT04,V444_0,2,DTP,0,0,V555555555555555_29,1688571,PLANT03,PORT09,343,4.40449246755705,2.0
1447219816.7,2023-01-25,PORT04,V444_1,1,DTD,0,0,V555555555555555555_45,1690627,PLANT03,PORT09,321,0.38418385491678075,1.0
1447204329.7,2023-07-11,PORT04,V444_0,2,DTP,3,1,V555_15,1676853,PLANT03,PORT09,794,1.2943964690078669,2.0
1447200261.7,2023-02-24,PORT04,V444_1,1,DTD,5,0,V55555555555555_8,1689551,PLANT03,PORT09,468,10.150470431472002,1.0
1447200082.7,2023-03-10,PORT04,V444_0,2,DTP,0,0,V55555_26,1662274,PLANT03,PORT09,301,0.8306306306306305,2.0
1447191372.7,2023-12-01,PORT04,V444_0,2,DTP,0,0,V555555555555555_29,1699952,PLANT03,PORT09,10328,347.800590160208,2.0
1447191279.7,2023-03-23,PORT09,V44_3,1,CRF,3,0,V55555_53,1697317,PLANT16,PORT09,2716,457.16,1.0
1447185555.7,2023-04-09,PORT04,V444_0,2,DTP,0,0,V5555_33,1661119,PLANT12,PORT09,287,1.0288469915932317,2.0
1447184609.7,2023-07-18,PORT04,V44_3,0,CRF,3,0,V55555555_32,1699329,PLANT03,PORT09,1462,6.313326388533155,0.0
1447171208.7,2023-05-18,PORT04,V444_0,2,DTP,5,0,V55555555_7,1646909,PLANT03,PORT09,243,0.0659795029041304,2.0
1447164795.7,2023-04-21,PORT04,V444_0,2,DTP,5,0,V55555555_7,1658528,PLANT03,PORT09,368,1.1465474778801419,2.0
1447145318.7,2023-04-04,PORT04,V444_1,1,DTD,5,0,V55555555555555_8,1683430,PLANT03,PORT09,278,2.48,1.0
1447137220.7,2023-02-15,PORT04,V444_0,2,DTP,0,0,V55_13,1672670,PLANT03,PORT09,538,4.600655142658559,2.0
1447406479.7,2023-04-01,PORT04,V444_0,2,DTP,0,3,V555555555_27,1654766,PLANT03,PORT09,954,11.32,2.0
1447401972.7,2023-07-28,PORT04,V444_0,2,DTP,0,0,V555555_24,1695346,PLANT03,PORT09,369,0.2299148620067488,2.0
1447394306.7,2023-01-19,PORT04,V444_0,2,DTP,0,0,V5555_33,1689543,PLANT03,PORT09,264,2.20551620911945,2.0
1447348968.7,2023-10-15,PORT04,V444_0,2,DTP,0,0,V555555555_27,1677878,PLANT03,PORT09,1511,4.461755176785452,2.0
1447323872.7,2023-10-24,PORT04,V444_0,2,DTP,3,0,V555555_6,1675615,PLANT03,PORT09,368,0.9022277198329612,2.0
1447322796.7,2023-03-01,PORT04,V444_0,2,DTP,0,0,V5555_33,1688571,PLANT03,PORT09,343,7.223367646793562,2.0
1447300852.7,2023-05-02,PORT04,V444_0,2,DTP,0,0,V5555_33,1688571,PLANT03,PORT09,297,0.528539096106846,2.0
1447283771.7,2023-07-16,PORT04,V44_3,2,CRF,3,0,V55555_2,1658532,PLANT03,PORT09,336,0.8192729619272964,2.0
1447279008.7,2023-07-03,PORT04,V444_0,2,DTP,0,0,V5555_33,1682709,PLANT03,PORT09,298,2.5160870431269156,2.0
1447272938.7,2023-05-26,PORT04,V444_0,2,DTP,5,0,V55555555_7,1653969,PLANT13,PORT09,247,4.505510752688172,2.0
1447266644.7,2023-12-06,PORT04,V444_0,2,DTP,0,0,V55555_26,1623991,PLANT03,PORT09,625,2.7030437680515447,2.0
1447265637.7,2023-09-13,PORT04,V444_0,2,DTP,0,0,V555555_34,1682829,PLANT03,PORT09,845,50.33142064271076,2.0
1447257238.7,2023-11-01,PORT09,V44_3,1,CRF,3,0,V55555_53,1699337,PLANT16,PORT09,1044,112.6,1.0
1447206105.7,2023-11-09,PORT04,V444_0,2,DTP,3,0,V55555555_0,1689554,PLANT03,PORT09,816,7.3,2.0
1447200538.7,2023-08-27,PORT04,V444_0,2,DTP,5,0,V55555555_7,1689547,PLANT03,PORT09,487,18.99656796828457,2.0
1447200528.7,2023-03-28,PORT04,V444_0,2,DTP,5,0,V55555555_7,1683392,PLANT03,PORT09,304,1.7963999992275146,2.0
1447200143.7,2023-09-01,PORT04,V444_1,1,DTD,3,3,V555555555555555_44,1699948,PLANT03,PORT09,834,19.795576740817314,1.0
1447194743.7,2023-03-24,PORT04,V444_1,1,DTD,5,0,V55555555555555_8,1689547,PLANT03,PORT09,632,20.595881561941482,1.0
1447191283.7,2023-07-22,PORT09,V44_3,1,CRF,3,0,V55555_53,1699336,PLANT16,PORT09,836,80.43000000000002,1.0
1447182381.7,2023-11-29,PORT04,V44_3,0,CRF,3,0,V55555555_32,1699574,PLANT03,PORT09,18753,27.536931929743975,0.0
1447173480.7,2023-09-11,PORT04,V444_1,1,DTD,0,0,V5555555_22,1682784,PLANT03,PORT09,483,14.116907510193911,1.0
1447159729.7,2023-05-05,PORT04,V444_0,2,DTP,0,0,V555555555_27,1692402,PLANT03,PORT09,435,2.86,2.0
1447156555.7,2023-01-13,PORT04,V444_0,2,DTP,3,0,V555555_6,1668555,PLANT03,PORT09,1167,5.139583333333333,2.0
1447149448.7,2023-05-12,PORT04,V444_1,1,DTD,5,0,V55555555555555_8,1689548,PLANT03,PORT09,2277,146.95957526204333,1.0
1447423186.7,2023-08-10,PORT04,V444_0,2,DTP,5,0,V55555555_7,1675615,PLANT03,PORT09,640,3.5381479209135738,2.0
1447403220.7,2023-01-23,PORT04,V44_3,2,CRF,3,0,V55555_2,1696074,PLANT03,PORT09,513,1.820225426431555,2.0
1447390891.7,2023-11-27,PORT04,V44_3,2,CRF,3,0,V55555_2,1687346,PLANT03,PORT09,273,0.14609964047252175,2.0
1447377272.7,2023-02-10,PORT04,V444_0,2,DTP,0,0,V55_13,1663396,PLANT03,PORT09,1461,54.74909488408061,2.0
1447374131.7,2023-03-11,PORT04,V444_0,2,DTP,0,0,V55555555555_28,1666443,PLANT03,PORT09,12323,9.453971035377245,2.0
1447373394.7,2023-09-26,PORT04,V444_0,2,DTP,3,0,V55555_2,1664051,PLANT03,PORT09,20254,221.86697932210618,2.0
1447369957.7,2023-03-15,PORT04,V444_0,2,DTP,3,0,V55555_4,1653588,PLANT03,PORT09,524,25.92,2.0
1447360905.7,2023-10-23,PORT04,V444_1,1,DTD,0,0,V555555555555555555_45,1682736,PLANT03,PORT09,287,2.6757352941176475,1.0
1447344873.7,2023-07-27,PORT04,V444_1,1,DTD,5,0,V55555555555555_8,1689544,PLANT03,PORT09,337,2.145243154715501,1.0
1447339221.7,2023-06-28,PORT04,V444_0,2,DTP,0,0,V555555555555555_29,1688589,PLANT03,PORT09,321,4.567551104150948,2.0
1447320447.7,2023-09-05,PORT04,V444_1,1,DTD,0,0,V5555555_22,1692950,PLANT03,PORT09,924,4.380363928413702,1.0
1447304795.7,2023-03-18,PORT04,V44_3,2,CRF,3,0,V55555_2,1674853,PLANT03,PORT09,307,3.7538872403560815,2.0
1447300127.7,2023-11-30,PORT04,V444_0,2,DTP,5,0,V55555555_7,1669409,PLANT03,PORT09,1652,9.64,2.0
1447298090.7,2023-12-12,PORT04,V44_3,0,CRF,0,0,V555555555555555_29,1699368,PLANT03,PORT09,5128,5.791566273442623,3.84
1447295519.7,2023-12-01,PORT04,V444_0,2,DTP,0,0,V55555555_5,1689548,PLANT03,PORT09,282,3.57502980628904,2.0
1447295518.7,2023-06-06,PORT04,V444_0,2,DTP,0,0,V55555555_5,1689546,PLANT03,PORT09,728,35.481448739356644,2.0
1447265527.7,2023-03-07,PORT04,V444_0,2,DTP,5,0,V55555555_7,1669409,PLANT03,PORT09,487,1.4167883761198528,2.0
1447258882.7,2023-06-13,PORT04,V444_0,2,DTP,0,0,V5555_33,1688571,PLANT03,PORT09,339,0.968988342862551,2.0
1447258704.7,2023-02-18,PORT04,V444_0,2,DTP,0,0,V55_13,1658532,PLANT03,PORT09,295,0.7783093138309315,2.0
1447254118.7,2023-07-13,PORT04,V444_1,1,DTD,5,0,V55555555555555_8,1690617,PLANT03,PORT09,240,0.4564463924450184,1.0
1447232867.7,2023-11-02,PORT04,V444_0,2,DTP,3,0,V55555_2,1660551,PLANT03,PORT09,308,2.401585728444004,2.0
1447224406.7,2023-12-11,PORT04,V444_0,2,DTP,5,0,V55555555_7,1658528,PLANT03,PORT09,382,1.719821216820213,2.0
1447205762.7,2023-08-29,PORT04,V44_3,0,CRF,0,0,V5555555_30,1693117,PLANT03,PORT09,333,2.2,0.0
1447185856.7,2023-06-07,PORT04,V444_0,2,DTP,5,0,V55555555_7,1682754,PLANT03,PORT09,286,0.25384049079754606,2.0
1447182477.7,2023-06-12,PORT04,V44_3,4,CRF,0,0,V555555555555555_29,1699368,PLANT03,PORT09,1912,1.9305220911475411,3.6
1447149203.7,2023-11-13,PORT04,V444_0,2,DTP,5,0,V55555555_7,1689548,PLANT03,PORT09,295,1.6385553278824767,2.0
1447141509.7,2023-07-23,PORT04,V444_0,2,DTP,0,0,V55_13,1668545,PLANT03,PORT09,337,0.2007502636821751,2.0
1447418037.7,2023-07-01,PORT04,V444_0,2,DTP,3,0,V55555_2,1674853,PLANT03,PORT09,434,8.14,2.0
1447387686.7,2023-08-15,PORT04,V444_1,1,DTD,5,0,V55555555555555_8,1693747,PLANT03,PORT09,395,18.499857833380723,1.0
1447375006.7,2023-05-05,PORT04,V444_0,2,DTP,0,0,V555555555_14,1691700,PLANT08,PORT09,4074,22.85986929883893,2.0
1447374459.7,2023-07-03,PORT04,V444_0,2,DTP,0,0,V55555_26,1697087,PLANT03,PORT09,336,0.08242878938094793,2.0
1447369508.7,2023-08-15,PORT04,V444_0,2,DTP,0,0,V555555555_14,1689469,PLANT03,PORT09,2264,35.02,2.0
1447368007.7,2023-09-10,PORT04,V444_0,2,DTD,0,0,V555_41,1692333,PLANT03,PORT09,22243,5.982823937752457,2.0
1447350790.7,2023-01-25,PORT04,V444_0,2,DTP,3,1,V555_15,1689548,PLANT03,PORT09,2048,118.03075493772624,2.0
1447335874.7,2023-05-06,PORT04,V444_0,2,DTP,0,0,V555555555_14,1691700,PLANT08,PORT09,4133,22.85986929883893,2.0
1447328139.7,2023-10-03,PORT04,V444_1,1,DTD,5,0,V55555555555555_8,1688571,PLANT03,PORT09,362,4.316402618205909,1.0
1447323886.7,2023-12-11,PORT04,V444_0,2,DTP,0,0,V55555_26,1680210,PLANT03,PORT09,394,0.29697357086934684,2.0
1447320800.7,2023-02-26,PORT04,V44_3,0,CRF,0,0,V555555555555555_29,1699567,PLANT03,PORT09,10296,8.218128182396477,1.04
1447306631.7,2023-04-13,PORT04,V44_3,4,CRF,0,0,V555555555555555_29,1699553,PLANT03,PORT09,678,1.7408589019380563,3.8
1447297463.7,2023-06-12,PORT04,V444_0,2,DTP,3,0,V55555_4,1689541,PLANT03,PORT09,375,14.585650446871886,2.0
1447282076.7,2023-02-14,PORT04,V444_0,2,DTP,0,0,V5555_33,1688589,PLANT03,PORT09,301,3.471338839154721,2.0
1447281356.7,2023-08-17,PORT04,V444_0,2,DTP,3,0,V55555_4,1650904,PLANT03,PORT09,681,6.292058823529412,2.0
1447274421.7,2023-09-18,PORT04,V444_0,2,DTP,3,0,V55555_2,1660579,PLANT03,PORT09,324,0.9039066599164297,2.0
1447260652.7,2023-07-28,PORT09,V44_3,1,CRF,3,0,V55555_53,1697884,PLANT16,PORT09,544,58.5,1.0
1447234022.7,2023-06-05,PORT04,V444_1,1,DTD,0,0,V5555555_22,1699799,PLANT03,PORT09,5328,4.191591788535211,1.0
1447227184.7,2023-05-24,PORT04,V444_0,2,DTP,0,0,V55555_26,1699952,PLANT03,PORT09,306,1.880883009817061,2.0
1447224339.7,2023-02-01,PORT04,V444_0,2,DTP,5,0,V55555555_7,1668094,PLANT03,PORT09,318,6.480000000000001,2.0
1447204814.7,2023-04-15,PORT04,V444_1,1,DTD,3,0,V5555555_19,1697080,PLANT03,PORT09,383,0.5925780776693884,1.0
1447204174.7,2023-09-26,PORT04,V444_0,2,DTP,5,0,V55555555_7,1692998,PLANT03,PORT09,753,26.94,2.0
1447196594.7,2023-09-21,PORT04,V444_0,3,DTD,0,0,V555555555555555555_42,1671426,PLANT03,PORT09,36288,25.0296742392711,3.0
1447192316.7,2023-01-20,PORT04,V444_0,2,DTP,3,0,V55555_2,1668547,PLANT03,PORT09,334,0.76477736347936,2.0
1447182259.7,2023-12-28,PORT04,V444_0,2,DTP,0,0,V5555_33,1688587,PLANT03,PORT09,410,7.296610315225042,2.0
1447179943.7,2023-11-03,PORT04,V444_1,1,DTD,0,0,V555555555555555555_45,1688587,PLANT03,PORT09,245,0.27362288682093905,1.0
1447167709.7,2023-06-02,PORT04,V444_1,1,DTD,0,0,V5555555_22,1672676,PLANT03,PORT09,576,9.96,1.0
1447167308.7,2023-03-30,PORT04,V444_0,2,DTP,3,0,V55555_2,1700097,PLANT03,PORT09,425,4.021243523316063,2.0
1447163003.7,2023-09-17,PORT04,V444_0,2,DTP,0,0,V555555555_27,1692108,PLANT03,PORT09,518,1.260926836630452,2.0
1447418569.7,2023-04-06,PORT04,V444_0,2,DTP,0,0,V555555_24,1660885,PLANT03,PORT09,1270,8.825303742648671,2.0
1447408827.7,2023-04-22,PORT04,V444_0,2,DTP,5,0,V55555555_7,1689546,PLANT03,PORT09,281,1.4558833912172806,2.0
1447383111.7,2023-10-11,PORT04,V444_0,2,DTP,3,0,V55555555_5,1695348,PLANT03,PORT09,804,1.759446949976469,2.0
1447375116.7,2023-09-28,PORT04,V444_0,2,DTP,0,0,V555555555_27,1636236,PLANT03,PORT09,532,5.7,2.0
1447374468.7,2023-11-01,PORT04,V444_1,1,DTD,1,0,V555555555555555555_17,1677878,PLANT03,PORT09,2320,5.96,1.0
1447371336.7,2023-12-01,PORT04,V444_1,1,DTD,0,0,V5555555_22,1683636,PLANT03,PORT09,367,1.0787387837370022,1.0
1447361682.7,2023-02-18,PORT04,V444_1,1,DTD,0,0,V5555555_22,1644308,PLANT03,PORT09,321,0.8597041054559508,1.0
1447331150.7,2023-09-18,PORT04,V444_0,2,DTP,3,0,V555555_6,1668550,PLANT03,PORT09,361,1.6078596787177255,2.0
1447318088.7,2023-05-23,PORT04,V444_1,1,DTD,5,0,V55555555555555_8,1688571,PLANT03,PORT09,502,24.110552187136392,1.0
1447295866.7,2023-01-30,PORT04,V444_0,2,DTP,3,0,V555555_6,1699954,PLANT03,PORT09,272,0.3260132560429946,2.0
1447266912.7,2023-03-04,PORT04,V444_0,2,DTP,0,0,V555555555_27,1690006,PLANT03,PORT09,2140,21.059742629700246,2.0
1447252458.7,2023-01-27,PORT04,V444_0,2,DTP,0,0,V55555555555_28,1685028,PLANT03,PORT09,5273,4.254771852032805,2.0
1447208341.7,2023-04-25,PORT04,V444_0,2,DTP,0,0,V555555555555555_29,1699951,PLANT03,PORT09,1250,40.83197875720278,2.0
1447203810.7,2023-01-16,PORT04,V444_1,1,DTD,5,0,V55555555555555_8,1690619,PLANT03,PORT09,359,3.2150835176735644,1.0
1447182463.7,2023-08-29,PORT04,V44_3,4,CRF,0,0,V555555555555555_29,1699418,PLANT03,PORT09,14093,48.30336531733605,2.92
1447177919.7,2023-11-17,PORT04,V444_1,1,DTD,5,0,V55555555555555_8,1689551,PLANT03,PORT09,415,8.956297439534119,1.0
1447175911.7,2023-04-30,PORT04,V444_1,1,DTD,5,0,V55555555555555_8,1688571,PLANT03,PORT09,422,8.8089849351141,1.0
1447158668.7,2023-10-11,PORT04,V444_0,2,DTP,3,0,V55555_4,1660885,PLANT03,PORT09,290,0.44126518713243357,2.0
1447418973.7,2023-03-29,PORT04,V444_0,2,DTP,5,0,V55555555_7,1692940,PLANT03,PORT09,461,7.16,2.0
1447417834.7,2023-01-24,PORT04,V444_1,1,DTD,0,0,V55555555555555_8,1688285,PLANT03,PORT09,318,2.931549174563803,1.0
1447406122.7,2023-08-30,PORT04,V444_0,2,DTP,5,0,V55555555_7,1699369,PLANT03,PORT09,4244,9.691156154953491,2.0
1447401974.7,2023-04-08,PORT04,V444_0,2,DTP,0,0,V555555_24,1677878,PLANT03,PORT09,831,1.8590646569939384,2.0
1447346618.7,2023-03-01,PORT04,V444_0,2,DTP,0,0,V55555_26,1672706,PLANT03,PORT09,402,8.16,2.0
1447343600.7,2023-09-08,PORT04,V444_0,2,DTP,3,0,V55555_4,1675662,PLANT03,PORT09,1321,9.08,2.0
1447334106.7,2023-12-11,PORT04,V444_1,1,DTD,1,0,V555555555555555555_17,1676942,PLANT03,PORT09,4325,6.622817869415807,1.0
1447334095.7,2023-09-14,PORT04,V444_0,2,DTP,0,0,V55555555555_28,1674598,PLANT03,PORT09,17770,8.139063495350236,2.0
1447325825.7,2023-04-11,PORT04,V44_3,4,CRF,0,0,V555555555555555_29,1699419,PLANT03,PORT09,2700,7.077430258026667,3.76
1447323788.7,2023-12-14,PORT04,V444_0,2,DTP,3,0,V555555_6,1655818,PLANT03,PORT09,10308,27.800000000000004,2.0
1447313996.7,2023-06-12,PORT04,V444_0,2,DTP,3,0,V55555555_0,1660673,PLANT03,PORT09,266,0.5489740872406578,2.0
1447306618.7,2023-06-03,PORT04,V444_1,1,DTD,0,0,V5555555_22,1676565,PLANT03,PORT09,752,7.06418317712659,1.0
1447306322.7,2023-11-08,PORT04,V444_0,2,DTP,0,0,V5555_33,1675810,PLANT12,PORT09,328,1.4968242423223732,2.0
1447304580.7,2023-01-23,PORT04,V444_0,2,DTP,0,0,V55_13,1672714,PLANT03,PORT09,245,0.040583116085055354,2.0
1447302768.7,2023-05-17,PORT04,V444_0,2,DTP,0,0,V55555555555_28,1678000,PLANT03,PORT09,30292,17.754486678618523,2.0
1447300258.7,2023-03-14,PORT04,V444_0,2,DTP,3,1,V555_15,1668557,PLANT03,PORT09,784,4.226479294949152,2.0
1447300205.7,2023-04-01,PORT04,V444_0,2,DTP,5,0,V55555555_7,1669409,PLANT03,PORT09,1223,7.64,2.0
1447297190.7,2023-03-02,PORT04,V444_0,2,DTP,3,0,V555555555_3,1691544,PLANT03,PORT09,359,3.03974165809851,2.0
1447290055.7,2023-02-19,PORT04,V444_0,2,DTP,3,0,V555555_6,1651298,PLANT03,PORT09,2245,4.596727272727272,2.0
1447284661.7,2023-03-26,PORT04,V444_1,1,DTD,5,0,V55555555555555_8,1688571,PLANT03,PORT09,500,21.43684504946471,1.0
1447283689.7,2023-07-13,PORT04,V444_0,2,DTP,0,0,V55555_26,1676853,PLANT03,PORT09,4235,9.5,2.0
1447282662.7,2023-06-13,PORT04,V444_0,2,DTP,0,0,V555555555555555_29,1688571,PLANT03,PORT09,321,4.40449246755705,2.0
1447265610.7,2023-07-21,PORT04,V444_0,2,DTP,0,0,V555555555_27,1662552,PLANT03,PORT09,1148,3.04,2.0
1447244523.7,2023-11-10,PORT04,V444_0,2,DTP,0,0,V5555_33,1682805,PLANT03,PORT09,366,6.014048235969603,2.0
1447241514.7,2023-11-03,PORT04,V444_1,1,DTD,5,0,V55555555555555_8,1688587,PLANT03,PORT09,359,3.648305157612521,1.0
1447237680.7,2023-02-20,PORT04,V444_0,2,DTP,3,0,V555555_6,1672661,PLANT03,PORT09,423,2.507960346484814,2.0
1447236560.7,2023-07-01,PORT04,V444_1,1,DTD,5,0,V55555555555555_8,1688575,PLANT03,PORT09,963,67.30386500329251,1.0
1447229296.7,2023-11-18,PORT04,V444_0,2,DTP,3,0,V55555_4,1675670,PLANT03,PORT09,400,1.7217796774820284,2.0
1447214239.7,2023-03-20,PORT04,V444_0,2,DTP,0,0,V555555555555555_29,1688571,PLANT03,PORT09,342,4.40449246755705,2.0
1447212579.7,2023-12-19,PORT04,V444_0,2,DTP,3,0,V55555_2,1672091,PLANT03,PORT09,527,24.2,2.0
1447187870.7,2023-09-14,PORT04,V444_1,1,DTD,5,0,V55555555555555_8,1690616,PLANT03,PORT09,263,0.47135044828415773,1.0
1447187236.7,2023-03-12,PORT04,V44_3,2,CRF,3,0,V55555_2,1697086,PLANT03,PORT09,279,0.015916942875710462,2.0
1447162421.7,2023-04-12,PORT04,V444_0,2,DTP,3,0,V5555555_22,1697872,PLANT03,PORT09,349,1.2410402104844958,2.0
1447159728.7,2023-10-14,PORT04,V444_0,2,DTP,0,0,V555555555_27,1692402,PLANT03,PORT09,413,2.54,2.0
1447145987.7,2023-09-14,PORT04,V444_1,1,DTD,0,0,V5555555_22,1683636,PLANT03,PORT09,540,7.468191579717708,1.0
1447145084.7,2023-06-13,PORT04,V444_1,1,DTD,0,0,V5555555_22,1660673,PLANT03,PORT09,1053,39.965313551119884,1.0
1447407263.7,2023-07-25,PORT04,V444_0,2,DTP,0,3,V555555555_27,1654766,PLANT03,PORT09,618,6.396880733944955,2.0
1447400335.7,2023-03-10,PORT04,V444_0,2,DTP,0,0,V55555555555_28,1676592,PLANT03,PORT09,14317,7.52,2.0
1447400295.7,2023-07-30,PORT04,V444_0,2,DTP,0,0,V55555555555_28,1676592,PLANT03,PORT09,45793,26.26,2.0
1447397844.7,2023-06-07,PORT04,V444_0,2,DTP,3,0,V555555_6,1696074,PLANT03,PORT09,3293,24.637445264852026,2.0
1447396857.7,2023-07-28,PORT04,V44_3,0,CRF,0,0,V5555555_12,1699283,PLANT03,PORT09,1099,3.921011412758065,0.0
1447381635.7,2023-07-24,PORT09,V44_3,1,CRF,3,0,V55555_53,1697317,PLANT16,PORT09,2088,353.12,1.0
1447360919.7,2023-11-05,PORT04,V444_0,2,DTP,0,0,V55555555_5,1663337,PLANT03,PORT09,355,8.16,2.0
1447357312.7,2023-10-25,PORT04,V444_0,2,DTP,0,0,V555555555_14,1681888,PLANT08,PORT09,2728,10.174541944990908,2.0
1447343700.7,2023-12-20,PORT04,V444_0,2,DTP,3,1,V555_15,1689469,PLANT03,PORT09,291,1.0208218121021158,2.0
1447339080.7,2023-02-24,PORT04,V444_0,2,DTP,0,0,V55555_26,1672706,PLANT03,PORT09,425,8.12,2.0
1447327136.7,2023-05-12,PORT04,V444_0,2,DTP,3,0,V55555555_5,1700142,PLANT03,PORT09,47070,53.45970691432653,2.0
1447326475.7,2023-06-21,PORT04,V444_0,2,DTP,3,0,V555555_6,1697085,PLANT03,PORT09,2280,8.97318316135683,2.0
1447326102.7,2023-12-11,PORT04,V444_0,2,DTP,3,0,V55555555_5,1700139,PLANT03,PORT09,47063,61.24588181650458,2.0
1447325992.7,2023-10-14,PORT04,V444_0,2,DTP,0,0,V55555555_5,1666994,PLANT12,PORT09,785,259.3241950589484,2.0
1447325628.7,2023-04-23,PORT04,V444_0,2,DTP,3,0,V555555_6,1662238,PLANT03,PORT09,310,0.7306666666666666,2.0
1447318091.7,2023-02-17,PORT04,V444_1,1,DTD,5,0,V55555555555555_8,1688285,PLANT03,PORT09,349,2.931549174563803,1.0
1447313963.7,2023-09-29,PORT04,V444_0,2,DTP,0,0,V55555555555_28,1684560,PLANT03,PORT09,18244,8.023158413136773,2.0
1447295175.7,2023-06-05,PORT04,V444_0,2,DTP,3,0,V555555_6,1662552,PLANT03,PORT09,268,0.09173524559680361,2.0
1447288502.7,2023-10-01,PORT04,V444_0,2,DTP,0,0,V555555555555555_29,1688589,PLANT03,PORT09,375,4.567551104150948,2.0
1447269352.7,2023-10-05,PORT04,V44_3,4,CRF,0,0,V555555555555_31,1684560,PLANT03,PORT09,18240,8.023158413136773,4.0
1447245304.7,2023-05-10,PORT04,V444_1,1,DTD,5,0,V55555555555555_8,1689547,PLANT03,PORT09,340,7.198627187313828,1.0
1447234662.7,2023-05-14,PORT04,V444_0,2,DTP,3,0,V55555555_0,1692997,PLANT03,PORT09,584,6.911983146295457,2.0
1447206043.7,2023-08-16,PORT04,V444_0,2,DTP,3,0,V55555555_0,1689554,PLANT03,PORT09,774,8.739774330042314,2.0
1447178421.7,2023-08-25,PORT04,V444_0,2,DTP,3,0,V555555_6,1690001,PLANT03,PORT09,535,2.444228185826556,2.0
1447163740.7,2023-01-15,PORT04,V444_0,2,DTP,0,3,V555555555_27,1655723,PLANT03,PORT09,558,15.058023143047187,2.0
1447152992.7,2023-12-21,PORT04,V444_0,2,DTP,3,0,V55555555_5,1696074,PLANT03,PORT09,1270,8.87914842161734,2.0
1447152136.7,2023-06-08,PORT04,V444_0,2,DTP,3,0,V55555555_5,1693700,PLANT03,PORT09,328,0.1433924674323161,2.0
1447407296.7,2023-04-17,PORT04,V444_0,2,DTP,0,0,V55555555_5,1687346,PLANT03,PORT09,1588,25.02,2.28
1447394113.7,2023-07-14,PORT04,V444_0,2,DTP,3,0,V555555555_3,1682853,PLANT03,PORT09,295,5.165537635680365,2.0
1447388151.7,2023-06-13,PORT04,V444_0,2,DTP,0,0,V555555555555555_29,1682805,PLANT03,PORT09,563,25.774492439869725,2.0
1447373165.7,2023-12-13,PORT04,V444_0,2,DTP,3,0,V55555555_5,1688288,PLANT03,PORT09,1445,115.79054645976709,2.0
1447371587.7,2023-08-14,PORT04,V444_1,1,DTD,5,0,V55555555555555_8,1690632,PLANT03,PORT09,317,1.0500406071171826,1.0
1447308149.7,2023-08-01,PORT04,V44_3,0,CRF,0,0,V5555555_30,1699465,PLANT03,PORT09,2031,2.471972596138996,0.0
1447293701.7,2023-11-08,PORT04,V444_0,2,DTP,3,0,V555555_6,1668555,PLANT03,PORT09,1166,5.139583333333333,2.0
1447283481.7,2023-03-07,PORT04,V444_0,2,DTP,3,0,V55555_2,1646909,PLANT03,PORT09,495,16.835080696991298,2.0
1447282650.7,2023-06-11,PORT04,V444_0,2,DTP,0,0,V555555555555555_29,1689547,PLANT03,PORT09,546,22.595881561941482,2.0
1447282648.7,2023-06-05,PORT04,V444_0,2,DTP,0,0,V555555555555555_29,1682805,PLANT03,PORT09,284,2.405619294387841,2.0
1447248815.7,2023-11-24,PORT04,V444_0,2,DTP,0,0,V555555555_14,1681885,PLANT08,PORT09,1927,5.866213574062154,2.0
1447239935.7,2023-09-09,PORT04,V444_0,2,DTP,0,0,V555555_24,1689549,PLANT03,PORT09,295,1.1501225268627402,2.0
1447228785.7,2023-02-09,PORT04,V444_0,2,DTP,3,0,V55555_2,1696758,PLANT03,PORT09,334,1.8591464354685918,2.0
1447206055.7,2023-11-16,PORT04,V444_0,2,DTP,5,0,V55555555_7,1687353,PLANT12,PORT09,298,5.486231884057972,2.0
1447164291.7,2023-02-26,PORT04,V444_0,2,DTP,5,0,V55555555_7,1660585,PLANT03,PORT09,2561,228.09545346696655,2.0
1447163012.7,2023-05-01,PORT04,V444_0,2,DTP,5,0,V55555555_7,1660585,PLANT03,PORT09,981,64.9466361219063,2.0
1447159924.7,2023-07-27,PORT04,V444_0,2,DTP,3,0,V555555_6,1660578,PLANT03,PORT09,566,32.4,2.0
1447151668.7,2023-12-11,PORT04,V444_0,2,DTP,0,0,V5555_33,1689549,PLANT03,PORT09,316,0.09584354390522834,2.0
1447145250.7,2023-10-18,PORT04,V444_1,1,DTD,0,0,V5555555_22,1675655,PLANT03,PORT09,314,0.7858782636811895,1.0
1447411530.7,2023-09-07,PORT04,V444_0,2,DTP,5,0,V55555555_7,1689546,PLANT03,PORT09,303,1.1493816246452215,2.0
1447400484.7,2023-10-27,PORT04,V444_0,2,DTP,3,0,V5555555_22,1683199,PLANT03,PORT09,588,6.696809825305585,2.0
1447373354.7,2023-09-13,PORT04,V444_0,2,DTP,0,0,V55555555555_28,1666443,PLANT03,PORT09,15284,12.817463794221556,2.0
1447361728.7,2023-12-16,PORT04,V444_1,1,DTD,3,0,V5555555_19,1689146,PLANT03,PORT09,6252,9.054185567010302,1.0
1447342390.7,2023-04-02,PORT04,V444_0,2,DTP,0,0,V5555_33,1689547,PLANT03,PORT09,246,0.14397254374627655,2.0
1447336122.7,2023-05-11,PORT04,V444_0,2,DTP,0,0,V55555555555_28,1678000,PLANT03,PORT09,30271,17.754486678618523,2.0
1447320213.7,2023-07-19,PORT04,V444_0,2,DTP,0,0,V5555_33,1689548,PLANT03,PORT09,330,1.6385553278824767,2.0
1447306556.7,2023-07-01,PORT04,V444_1,1,DTD,0,0,V5555555_22,1656350,PLANT03,PORT09,344,1.8049007216605208,1.0
1447300086.7,2023-01-06,PORT04,V444_1,2,DTD,5,0,V55555555555555_8,1666961,PLANT12,PORT09,419,30.0,2.0
1447297434.7,2023-03-16,PORT04,V444_1,1,DTD,1,0,V555555555555555555_17,1680210,PLANT03,PORT09,1320,1.9798238057956454,1.0
1447286553.7,2023-01-28,PORT04,V444_1,1,DTD,3,0,V5555555_19,1697080,PLANT03,PORT09,385,0.8118319664070621,1.0
1447283738.7,2023-01-09,PORT04,V444_0,2,DTP,0,0,V55555_26,1689145,PLANT03,PORT09,362,0.35769193612939737,2.0
1447266947.7,2023-08-25,PORT04,V444_0,2,DTP,0,0,V55555_26,1667817,PLANT03,PORT09,2096,31.489300411522628,2.0
1447257477.7,2023-12-07,PORT04,V444_0,2,DTP,3,0,V55555_2,1669685,PLANT03,PORT09,370,1.9083870967741936,2.0
1447250445.7,2023-07-15,PORT04,V444_0,2,DTP,3,0,V555555_6,1683199,PLANT03,PORT09,302,0.5931460130984947,2.0
1447243913.7,2023-01-02,PORT04,V444_0,2,DTP,0,0,V5555_33,1683392,PLANT03,PORT09,333,0.7185599996910058,2.0
1447219957.7,2023-10-08,PORT04,V444_1,1,DTD,3,0,V5555555_19,1692109,PLANT03,PORT09,292,0.37971398259509004,1.0
1447206050.7,2023-12-06,PORT04,V444_0,2,DTP,5,0,V55555555_7,1683432,PLANT03,PORT09,288,1.2381860955740618,2.0
1447200711.7,2023-10-04,PORT04,V444_0,2,DTP,0,0,V55555555555_28,1685028,PLANT03,PORT09,7814,6.382157778049208,2.0
1447183519.7,2023-02-07,PORT04,V444_0,2,DTP,5,0,V55555555_7,1680915,PLANT03,PORT09,291,0.908944467789491,2.0
1447182474.7,2023-12-23,PORT04,V44_3,4,CRF,0,0,V555555555555555_29,1699371,PLANT03,PORT09,6005,5.897706800459018,2.56
1447173931.7,2023-04-11,PORT04,V444_0,2,DTP,3,0,V555555_6,1660578,PLANT03,PORT09,881,60.46,2.0
1447171722.7,2023-08-19,PORT04,V444_0,2,DTD,0,0,V555_41,1692333,PLANT03,PORT09,22265,5.982823937752457,2.0
1447163233.7,2023-07-14,PORT04,V444_0,2,DTP,0,0,V555555555_27,1692114,PLANT03,PORT09,308,0.17573384004899412,2.0
1447156687.7,2023-03-02,PORT04,V444_0,2,DTP,3,0,V555555_6,1669409,PLANT03,PORT09,372,0.44274636753745394,2.0
1447133256.7,2023-01-09,PORT04,V444_0,2,DTP,0,0,V55555_26,1679638,PLANT03,PORT09,813,1.6908310220188094,2.0
1447413935.7,2023-12-02,PORT04,V444_0,2,DTP,3,0,V5555555_22,1683200,PLANT03,PORT09,475,4.64,2.0
1447385610.7,2023-04-27,PORT09,V444_0,0,DTP,3,0,V555555_6,1696533,PLANT16,PORT09,318,360.8,0.0
1447373435.7,2023-03-24,PORT04,V444_0,2,DTP,3,0,V55555_2,1649002,PLANT03,PORT09,374,0.7429620908876855,2.0
1447369710.7,2023-04-15,PORT04,V444_0,2,DTP,3,0,V555555555_3,1689544,PLANT03,PORT09,276,0.5363107886788753,2.0
1447336324.7,2023-08-18,PORT04,V444_0,2,DTP,0,0,V555555555_14,1651299,PLANT03,PORT09,9259,22.92,2.0
1447335401.7,2023-11-24,PORT04,V44_3,0,CRF,3,0,V55555555_32,1699326,PLANT03,PORT09,846,1.8094958333452382,0.0
1447326070.7,2023-01-29,PORT04,V444_0,2,DTP,0,0,V555555555_14,1694720,PLANT03,PORT09,2241,23.02,2.0
1447307116.7,2023-02-04,PORT04,V444_0,2,DTP,3,1,V555_15,1677878,PLANT03,PORT09,468,0.7101626989716845,2.0
1447299069.7,2023-10-07,PORT04,V444_0,2,DTP,0,0,V5555_33,1689547,PLANT03,PORT09,332,1.079794078097074,2.0
1447291830.7,2023-06-20,PORT04,V444_0,2,DTP,0,0,V55555_26,1666317,PLANT03,PORT09,382,0.3880891639590675,2.0
1447271769.7,2023-01-18,PORT04,V444_0,2,DTP,0,0,V555555555_27,1683200,PLANT03,PORT09,717,8.96,2.0
1447266985.7,2023-05-01,PORT04,V444_0,2,DTP,3,0,V55555_2,1674853,PLANT03,PORT09,285,2.5316913946587527,2.0
1447254627.7,2023-12-01,PORT04,V444_1,1,DTD,5,0,V55555555555555_8,1658528,PLANT03,PORT09,728,4.18,1.0
1447236961.7,2023-07-22,PORT04,V444_0,2,DTP,5,0,V55555555_7,1646909,PLANT03,PORT09,305,0.1319590058082608,2.0
1447231052.7,2023-06-04,PORT04,V44_3,0,CRF,3,0,V55555555_32,1699419,PLANT03,PORT09,4504,13.385502951546668,0.0
1447218540.7,2023-11-14,PORT04,V444_0,2,DTP,0,0,V555555555_14,1696746,PLANT03,PORT09,825,22.864931275852094,2.0
1447215399.7,2023-06-06,PORT04,V444_0,2,DTP,0,0,V55555_26,1660563,PLANT03,PORT09,320,0.43372253802427396,2.0
1447195155.7,2023-07-18,PORT04,V444_0,2,DTP,3,0,V55555_2,1666954,PLANT03,PORT09,360,0.7136950556063746,2.0
1447173853.7,2023-08-30,PORT04,V444_0,2,DTP,5,0,V55555555_7,1687346,PLANT03,PORT09,302,0.4591702986279255,2.0
1447172298.7,2023-11-14,PORT04,V444_0,2,DTP,0,3,V555555555_27,1654766,PLANT03,PORT09,683,6.396880733944955,2.0
1447163746.7,2023-08-12,PORT04,V444_0,2,DTP,0,3,V555555555_27,1642993,PLANT03,PORT09,300,0.30574234375242343,2.0
1447154164.7,2023-03-08,PORT09,V444_0,0,DTP,3,0,V555555_6,1692722,PLANT16,PORT09,438,42.830667267623284,0.0
1447146888.7,2023-09-21,PORT04,V444_0,2,DTP,3,1,V555_15,1689469,PLANT03,PORT09,368,2.5520545302552895,2.0
1447142776.7,2023-11-23,PORT04,V444_1,1,DTD,3,0,V5555_20,1699946,PLANT03,PORT09,606,7.187427646557598,1.0
1447418341.7,2023-01-08,PORT04,V444_0,2,DTP,5,0,V55555555_7,1692987,PLANT03,PORT09,476,4.84,2.0
1447405809.7,2023-09-17,PORT04,V444_1,1,DTD,0,0,V5555555_22,1683634,PLANT03,PORT09,630,6.165986367206998,1.0
1447386428.7,2023-09-27,PORT04,V444_0,2,DTP,3,0,V5555555_12,1684559,PLANT03,PORT09,6269,2.3239515560077395,2.0
1447383144.7,2023-01-25,PORT04,V444_1,1,DTD,0,0,V555555555555555555_45,1683432,PLANT03,PORT09,493,17.572791433610927,1.0
1447374467.7,2023-02-03,PORT04,V444_1,1,DTD,1,0,V555555555555555555_17,1689145,PLANT03,PORT09,1302,3.52,1.0
1447371710.7,2023-05-08,PORT04,V444_1,1,DTD,5,0,V55555555555555_8,1688589,PLANT03,PORT09,310,2.740530662490569,1.0
1447369904.7,2023-08-29,PORT04,V444_0,2,DTP,3,0,V55555555_0,1696954,PLANT03,PORT09,290,0.7173386403903935,2.0
1447355307.7,2023-06-20,PORT04,V444_1,1,DTD,5,0,V55555555555555_8,1689547,PLANT03,PORT09,596,21.595881561941482,1.0
1447334857.7,2023-12-26,PORT04,V444_0,2,DTP,0,0,V555555555555555_29,1689544,PLANT03,PORT09,375,5.363107886788752,2.0
1447329755.7,2023-03-22,PORT04,V444_0,2,DTP,0,0,V55555555_5,1675655,PLANT03,PORT09,660,3.6,2.0
1447327254.7,2023-11-26,PORT04,V444_0,2,DTP,0,0,V555555555555555_29,1688575,PLANT03,PORT09,314,4.521704643092323,2.0
1447313947.7,2023-02-09,PORT04,V444_0,2,DTP,3,0,V55555_4,1662395,PLANT03,PORT09,242,0.40410308137187023,2.0
1447308859.7,2023-01-03,PORT04,V444_0,2,DTP,0,0,V555555555555555_29,1688587,PLANT03,PORT09,342,4.560381447015651,2.0
1447307778.7,2023-12-11,PORT04,V444_0,2,DTP,3,0,V5555555_12,1677884,PLANT03,PORT09,287,0.08842494352796222,2.0
1447304761.7,2023-05-16,PORT04,V444_0,2,DTP,0,0,V55_13,1672670,PLANT03,PORT09,400,2.5258498822439153,2.0
1447304636.7,2023-08-26,PORT04,V444_0,2,DTP,3,0,V55555555_5,1700143,PLANT03,PORT09,54144,48.327786929486784,2.01
1447304502.7,2023-11-26,PORT04,V444_0,2,DTP,0,0,V555555555555555_29,1689544,PLANT03,PORT09,296,5.363107886788752,2.0
1447300380.7,2023-07-01,PORT04,V444_0,2,DTP,0,0,V555555555_14,1696746,PLANT03,PORT09,497,8.838863435500775,2.0
1447296433.7,2023-08-02,PORT04,V444_1,1,DTD,0,0,V555555555555555555_45,1682736,PLANT03,PORT09,331,0.8919117647058825,1.0
1447293766.7,2023-01-23,PORT04,V444_0,2,DTP,3,0,V55555_4,1653588,PLANT03,PORT09,540,23.96,2.0
1447281376.7,2023-12-22,PORT04,V444_0,2,DTP,0,3,V555555555_27,1660885,PLANT03,PORT09,995,5.68,2.0
1447228702.7,2023-04-27,PORT04,V444_0,2,DTP,3,1,V555_15,1689469,PLANT03,PORT09,450,3.2666297987267705,2.0
1447208249.7,2023-08-20,PORT04,V444_0,2,DTP,3,0,V55555555_5,1699948,PLANT03,PORT09,388,3.299262790136219,2.0
1447204347.7,2023-05-25,PORT04,V444_0,2,DTP,3,0,V55555_2,1668606,PLANT03,PORT09,351,3.7599999999999993,2.0
1447194892.7,2023-01-28,PORT04,V444_0,2,DTP,3,0,V555555555_3,1682793,PLANT03,PORT09,369,6.745379252557872,2.0
1447189620.7,2023-12-04,PORT04,V444_1,1,DTD,5,0,V55555555555555_8,1688629,PLANT03,PORT09,420,8.968265533914048,1.0
1447189617.7,2023-07-14,PORT04,V444_1,1,DTD,5,0,V55555555555555_8,1690627,PLANT03,PORT09,323,0.38418385491678075,1.0
1447172392.7,2023-05-08,PORT04,V444_0,2,DTP,3,0,V55555_2,1667817,PLANT03,PORT09,1390,17.6,2.0
1447167272.7,2023-10-15,PORT04,V444_0,2,DTP,3,0,V555555_6,1695348,PLANT03,PORT09,5328,16.594469499764692,2.0
1447163446.7,2023-03-03,PORT04,V444_0,2,DTP,3,0,V555555_6,1677891,PLANT03,PORT09,3240,9.88,2.0
1447159919.7,2023-02-27,PORT04,V444_0,2,DTP,0,0,V555555555_14,1696482,PLANT03,PORT09,497,3.16,2.0
1447158115.7,2023-06-26,PORT04,V444_0,2,DTP,3,0,V55555_2,1668545,PLANT03,PORT09,418,0.9509223016524084,2.0
1447146709.7,2023-01-06,PORT04,V444_0,2,DTP,5,0,V55555555_7,1668545,PLANT03,PORT09,303,0.6656456111566859,2.0
1447145089.7,2023-07-13,PORT04,V444_1,1,DTD,0,0,V5555555_22,1660673,PLANT03,PORT09,285,1.482230035549776,1.0
1447411639.7,2023-11-13,PORT04,V444_1,1,DTD,0,0,V55555555555555_8,1688290,PLANT03,PORT09,379,9.950373448220454,1.0
1447411490.7,2023-05-20,PORT04,V444_0,2,DTP,5,0,V55555555_7,1682745,PLANT03,PORT09,292,1.918004184999882,2.0
1447383117.7,2023-07-25,PORT04,V444_1,1,DTD,0,0,V555555555555555555_45,1683401,PLANT03,PORT09,334,3.865479075845648,1.0
1447369357.7,2023-10-17,PORT04,V444_1,1,DTD,5,0,V55555555555555_8,1688285,PLANT03,PORT09,374,12.921633309892798,1.0
1447363980.7,2023-10-08,PORT09,V44_3,1,CRF,3,0,V55555_53,1700106,PLANT16,PORT09,2163,52.34,1.0
1447320665.7,2023-06-28,PORT04,V44_3,0,CRF,3,0,V55555555_32,1699575,PLANT03,PORT09,5508,14.315454545454546,0.0
1447302732.7,2023-02-18,PORT04,V444_0,2,DTP,0,0,V55555_26,1666295,PLANT03,PORT09,524,2.4157048077796968,2.0
1447283488.7,2023-08-21,PORT04,V444_0,2,DTP,0,0,V5555_33,1674635,PLANT12,PORT09,305,3.860521708203332,2.0
1447273263.7,2023-09-11,PORT04,V444_0,2,DTP,0,0,V5555_33,1688587,PLANT03,PORT09,342,0.7296610315225042,2.0
1447269730.7,2023-07-20,PORT04,V444_0,2,DTP,0,0,V555555555_27,1678759,PLANT03,PORT09,264,0.5039949056333333,2.0
1447269487.7,2023-12-04,PORT04,V444_0,2,DTP,3,0,V555555_6,1687346,PLANT03,PORT09,598,7.388467532467528,2.0
1447243267.7,2023-12-23,PORT04,V444_1,1,DTD,5,0,V55555555555555_8,1658532,PLANT03,PORT09,1099,8.18,1.0
1447203017.7,2023-09-11,PORT04,V444_0,2,DTP,0,0,V555555555_14,1694720,PLANT03,PORT09,2283,21.84,2.0
1447198882.7,2023-01-19,PORT04,V444_0,2,DTP,3,0,V555555_6,1655723,PLANT03,PORT09,291,0.26510604125083076,2.0
1447192280.7,2023-10-15,PORT04,V444_1,1,DTD,1,0,V555555555555555555_17,1651299,PLANT03,PORT09,1840,4.867667508310355,1.0
1447182387.7,2023-11-20,PORT04,V44_3,0,CRF,3,0,V55555555_32,1699241,PLANT03,PORT09,3842,35.81999999999999,0.0
1447180387.7,2023-07-06,PORT04,V444_0,2,DTP,0,0,V5555_33,1661119,PLANT12,PORT09,301,3.0865409747796955,2.0
1447169055.7,2023-03-26,PORT04,V444_1,1,DTD,5,0,V55555555555555_8,1688288,PLANT03,PORT09,313,1.0660215801675177,1.0
1447168067.7,2023-05-01,PORT04,V444_0,2,DTP,3,0,V55555555_5,1689457,PLANT12,PORT09,309,0.8355936248091864,2.0
1447158071.7,2023-03-03,PORT04,V444_0,2,DTP,3,0,V55555_4,1679638,PLANT03,PORT09,900,2.0289972264225713,2.0
1447158014.7,2023-02-25,PORT09,V44_3,1,CRF,3,0,V55555_53,1700106,PLANT16,PORT09,3188,87.94,1.0
1447412851.7,2023-12-15,PORT04,V44_3,0,CRF,0,0,V555555555555555_29,1699310,PLANT03,PORT09,1176,6.56,0.0
1447407052.7,2023-02-08,PORT04,V444_0,2,DTP,0,0,V5555_33,1688633,PLANT03,PORT09,250,0.4639215372822243,2.0
1447391525.7,2023-01-01,PORT04,V444_0,2,DTP,0,0,V55555555_5,1675655,PLANT03,PORT09,685,4.24,2.0
1447373375.7,2023-07-12,PORT04,V444_0,2,DTP,3,0,V55555_2,1689031,PLANT03,PORT09,944,13.78,2.0
1447367941.7,2023-05-04,PORT04,V444_0,2,DTP,3,0,V555555_6,1657063,PLANT03,PORT09,437,2.68,2.0
1447352439.7,2023-11-27,PORT04,V444_0,2,DTP,0,0,V55555555_5,1668547,PLANT03,PORT09,9283,68.72,2.0
1447348979.7,2023-03-27,PORT04,V444_0,2,DTP,0,0,V555555555_27,1677878,PLANT03,PORT09,409,0.5205381039583027,2.0
1447341162.7,2023-03-22,PORT04,V444_0,3,DTP,0,0,V55555555_5,1661099,PLANT03,PORT09,23111,39.16646610084587,2.71
1447327233.7,2023-12-19,PORT04,V444_0,2,DTP,0,0,V555555555555555_29,1682760,PLANT03,PORT09,345,4.2701211340017595,2.0
1447324202.7,2023-08-23,PORT04,V444_1,1,DTD,0,0,V555555555555555555_45,1700869,PLANT03,PORT09,337,4.874786057231466,1.0
1447311721.7,2023-03-26,PORT04,V444_0,2,DTP,0,0,V55_13,1672714,PLANT03,PORT09,300,1.4204090629769375,2.0
1447306688.7,2023-11-27,PORT04,V444_1,1,DTD,5,0,V55555555555555_8,1690628,PLANT03,PORT09,246,0.34620088528360504,1.0
1447305601.7,2023-03-01,PORT04,V444_0,2,DTP,3,0,V555555555_3,1682594,PLANT12,PORT09,692,282.9655172413793,2.0
1447299184.7,2023-10-10,PORT04,V444_0,2,DTP,0,0,V5555_33,1689547,PLANT03,PORT09,249,0.3599313593656914,2.0
1447295507.7,2023-05-25,PORT04,V444_0,2,DTP,0,0,V55555555_5,1668547,PLANT03,PORT09,5285,38.26,2.0
1447290144.7,2023-04-08,PORT04,V444_0,2,DTP,3,0,V555555_6,1660578,PLANT03,PORT09,339,8.42,2.0
1447278560.7,2023-09-05,PORT04,V444_1,1,DTD,5,0,V55555555555555_8,1651298,PLANT03,PORT09,2287,4.596727272727272,1.0
1447267046.7,2023-12-07,PORT04,V444_0,2,DTP,0,0,V55555555_5,1677878,PLANT03,PORT09,382,0.3718129313987877,2.0
1447214677.7,2023-01-04,PORT04,V444_0,2,DTP,0,0,V555555555_27,1695348,PLANT03,PORT09,1525,4.423249632240843,2.0
1447206367.7,2023-01-04,PORT04,V444_0,2,DTP,0,0,V555555555_27,1695345,PLANT03,PORT09,1173,3.541828596919526,2.0
1447196783.7,2023-01-25,PORT04,V44_3,0,CRF,3,0,V55555555_32,1699329,PLANT03,PORT09,3274,16.78331597133289,0.0
1447182472.7,2023-10-19,PORT04,V44_3,4,CRF,0,0,V555555555555555_29,1699557,PLANT03,PORT09,1089,3.0459392853143874,4.0
1447178727.7,2023-07-27,PORT09,V44_3,1,CRF,3,0,V55555_53,1700035,PLANT16,PORT09,781,7.7,1.0
1447174475.7,2023-12-10,PORT04,V444_0,2,DTP,5,0,V55555555_7,1669701,PLANT03,PORT09,867,6.11,2.0
1447151006.7,2023-05-18,PORT04,V444_1,1,DTD,5,0,V55555555555555_8,1688571,PLANT03,PORT09,574,24.4269548053423,1.0
1447146649.7,2023-05-16,PORT04,V444_0,2,DTP,3,0,V5555555_12,1622685,PLANT03,PORT09,538,2.84,2.0
1447377315.7,2023-09-03,PORT09,V44_3,1,CRF,3,0,V55555_53,1702652,PLANT16,PORT09,1179,129.14,1.0
1447353623.7,2023-02-21,PORT04,V44_3,4,CRF,0,0,V555555555555_31,1684560,PLANT03,PORT09,3273,1.3371930688561289,4.0
1447338431.7,2023-01-23,PORT04,V444_1,1,DTD,0,0,V555555555555555555_46,1692333,PLANT03,PORT09,5830,1.4957059844381142,1.0
1447329680.7,2023-04-18,PORT04,V444_1,1,DTD,5,0,V55555555555555_8,1689547,PLANT03,PORT09,399,7.198627187313828,1.0
1447323802.7,2023-10-10,PORT04,V444_0,2,DTP,0,0,V55555_26,1687346,PLANT03,PORT09,334,0.83485508841441,2.0
1447283735.7,2023-01-12,PORT04,V444_0,2,DTP,0,0,V55555_26,1669409,PLANT03,PORT09,452,1.4167883761198528,2.0
1447280065.7,2023-09-30,PORT04,V444_0,2,DTP,0,0,V5555_33,1688589,PLANT03,PORT09,275,0.7308081766641518,2.0
1447261844.7,2023-12-10,PORT04,V444_0,2,DTP,3,0,V55555_2,1658528,PLANT03,PORT09,534,2.866368694700355,2.0
1447257481.7,2023-08-30,PORT04,V444_0,2,DTP,0,0,V5555555_30,1699425,PLANT03,PORT09,641,57.22,2.0
1447251201.7,2023-12-31,PORT04,V444_0,2,DTP,3,0,V555555_6,1699772,PLANT03,PORT09,2302,21.94,2.0
1447230391.7,2023-02-11,PORT04,V444_0,2,DTP,0,0,V5555555_30,1656246,PLANT03,PORT09,2265,8.192611464968154,2.0
1447226252.7,2023-05-16,PORT04,V444_1,1,DTD,0,0,V5555555_22,1682784,PLANT03,PORT09,442,9.437144572837818,1.0
1447207637.7,2023-08-24,PORT04,V444_1,2,DTD,0,0,V55555_10,1681700,PLANT12,PORT09,264,4.090918224626007,2.0
1447204396.7,2023-09-09,PORT04,V444_0,2,DTP,0,0,V555555555_27,1677891,PLANT03,PORT09,6289,17.92,2.0
1447201691.7,2023-09-30,PORT04,V444_1,1,DTD,3,0,V5555555_19,1696074,PLANT03,PORT09,1288,8.87914842161734,1.0
1447194637.7,2023-06-14,PORT04,V444_0,2,DTP,0,0,V5555_33,1689548,PLANT03,PORT09,263,1.7130351155134984,2.0
1447178044.7,2023-07-27,PORT04,V444_1,1,DTD,5,0,V55555555555555_8,1676563,PLANT03,PORT09,444,3.6799999999999997,1.0
1447163909.7,2023-09-30,PORT04,V444_0,2,DTP,0,0,V55555555555_28,1683935,PLANT03,PORT09,2745,1.706325833552728,2.0
1447156546.7,2023-12-27,PORT04,V444_0,2,DTP,3,0,V555555_6,1676564,PLANT03,PORT09,1024,10.56,2.0
1447154277.7,2023-11-30,PORT04,V444_0,2,DTP,3,0,V555555555_3,1682805,PLANT03,PORT09,1630,103.68946723943547,2.0
1447405813.7,2023-05-24,PORT04,V444_1,1,DTD,0,0,V5555555_22,1683633,PLANT03,PORT09,395,3.86,1.0
1447404375.7,2023-11-07,PORT04,V444_1,1,DTD,0,0,V5555555_22,1699553,PLANT03,PORT09,3219,12.186012313566394,1.0
1447399904.7,2023-05-17,PORT04,V44_3,0,CRF,3,0,V55555555_32,1699676,PLANT03,PORT09,16240,24.145745715165564,0.0
1447399703.7,2023-08-15,PORT04,V444_0,2,DTP,0,0,V55555_26,1667817,PLANT03,PORT09,2434,31.78,2.0
1447394121.7,2023-11-18,PORT04,V444_0,2,DTP,3,0,V555555_6,1695348,PLANT03,PORT09,1462,4.088954711745314,2.0
1447360754.7,2023-02-22,PORT04,V444_0,2,DTP,0,0,V555555555555555_29,1688589,PLANT03,PORT09,349,4.567551104150948,2.0
1447355997.7,2023-09-27,PORT04,V444_1,1,DTD,5,0,V55555555555555_8,1690614,PLANT03,PORT09,318,0.12585960349478137,1.0
1447344876.7,2023-02-08,PORT04,V444_1,1,DTD,5,0,V55555555555555_8,1688575,PLANT03,PORT09,366,9.043409286184646,1.0
1447344847.7,2023-04-27,PORT04,V444_0,2,DTP,0,0,V55555_26,1660897,PLANT03,PORT09,831,3.970995554303845,2.0
1447327237.7,2023-09-27,PORT04,V444_0,2,DTP,0,0,V555555555555555_29,1688629,PLANT03,PORT09,1807,134.52398300871073,2.0
1447320823.7,2023-01-28,PORT04,V44_3,0,CRF,0,0,V555555555555555_29,1699793,PLANT03,PORT09,1910,5.92,1.32
1447313762.7,2023-12-15,PORT04,V444_0,2,DTP,0,0,V55555_26,1683560,PLANT03,PORT09,4403,40.073897370073794,2.0
1447288535.7,2023-03-11,PORT04,V444_0,2,DTP,0,0,V555555555555555_29,1688571,PLANT03,PORT09,299,4.40449246755705,2.0
1447283687.7,2023-10-12,PORT04,V444_0,2,DTP,0,0,V55555_26,1651302,PLANT03,PORT09,1466,4.54,2.0
1447275971.7,2023-05-05,PORT04,V444_1,1,DTD,1,0,V555555555555555555_17,1699770,PLANT03,PORT09,737,3.2204919462233192,1.0
1447259915.7,2023-11-16,PORT04,V444_1,1,DTD,5,0,V55555555555555_8,1689541,PLANT03,PORT09,368,14.585650446871886,1.0
1447238185.7,2023-05-02,PORT04,V444_0,2,DTP,3,0,V5555555_22,1683199,PLANT03,PORT09,1645,23.390476109087174,2.0
1447212844.7,2023-07-10,PORT04,V444_1,1,DTD,5,0,V55555555555555_8,1689547,PLANT03,PORT09,387,7.198627187313828,1.0
1447191225.7,2023-09-17,PORT04,V444_1,1,DTD,5,0,V55555555555555_8,1689551,PLANT03,PORT09,334,7.463581199611766,1.0
1447161363.7,2023-11-20,PORT04,V444_1,1,DTD,0,0,V5555555_22,1692950,PLANT03,PORT09,993,4.380363928413702,1.0
1447158076.7,2023-01-18,PORT04,V444_0,2,DTP,3,0,V55555_4,1651299,PLANT03,PORT09,5262,14.719999999999999,2.0
1447154087.7,2023-09-19,PORT04,V444_0,2,DTP,3,0,V5555555_12,1622685,PLANT03,PORT09,369,0.6629337539432176,2.0
1447152758.7,2023-09-12,PORT04,V444_0,2,DTP,0,0,V555555555_27,1695348,PLANT03,PORT09,279,0.01759446949976469,2.0
1447145175.7,2023-12-08,PORT04,V444_1,1,DTD,0,0,V5555555_22,1672651,PLANT03,PORT09,950,10.154281037360532,1.0
1447410743.7,2023-02-06,PORT04,V444_0,2,DTP,0,0,V55555_4,1688633,PLANT03,PORT09,291,2.226823378954677,2.0
1447405895.7,2023-04-20,PORT04,V444_1,1,DTD,0,0,V5555555_22,1683203,PLANT03,PORT09,2031,34.496084694715705,1.0
1447405426.7,2023-02-07,PORT04,V444_0,2,DTP,0,0,V555555555_14,1696482,PLANT03,PORT09,453,3.1400000000000006,2.0
1447389079.7,2023-11-07,PORT04,V444_0,2,DTP,3,0,V55555_4,1674853,PLANT03,PORT09,572,20.32,2.0
1447373183.7,2023-09-16,PORT04,V444_0,2,DTP,0,0,V555555555555555_29,1689544,PLANT03,PORT09,290,5.363107886788752,2.0
1447371030.7,2023-09-27,PORT04,V444_1,1,DTD,5,0,V55555555555555_8,1688589,PLANT03,PORT09,378,5.481061324981138,1.0
1447367646.7,2023-07-11,PORT04,V44_3,2,CRF,3,0,V55555_2,1689298,PLANT03,PORT09,249,0.10512516195012464,2.0
1447357730.7,2023-02-06,PORT04,V444_0,2,DTP,0,0,V555555555_14,1683191,PLANT03,PORT09,365,2.397221883757769,2.0
1447355490.7,2023-04-29,PORT04,V444_1,1,DTD,1,0,V555555555555555555_17,1693626,PLANT03,PORT09,373,0.8849051260266213,1.0
1447335479.7,2023-08-10,PORT04,V444_0,2,DTP,3,0,V555555555_3,1682769,PLANT03,PORT09,298,4.602678908652896,2.0
1447322248.7,2023-02-04,PORT04,V444_1,1,DTD,3,0,V5555555_19,1695349,PLANT03,PORT09,954,6.32792974751774,1.0
1447308931.7,2023-12-24,PORT04,V444_0,2,DTP,0,0,V55_37,1689548,PLANT03,PORT09,372,2.979191505240867,2.0
1447290145.7,2023-11-07,PORT04,V444_0,2,DTP,0,0,V555555555_14,1668550,PLANT03,PORT09,2271,32.15719357435451,2.0
1447281457.7,2023-07-25,PORT04,V444_0,2,DTP,3,0,V55555_2,1668545,PLANT03,PORT09,627,3.7,2.0
1447281344.7,2023-02-01,PORT04,V444_0,2,DTP,0,0,V555555555_27,1683700,PLANT03,PORT09,2706,1.3877592566445691,2.0
1447259860.7,2023-03-05,PORT04,V444_1,1,DTD,5,0,V55555555555555_8,1688610,PLANT03,PORT09,581,31.94307956732863,1.0
1447232830.7,2023-12-25,PORT09,V44_3,1,CRF,3,0,V55555_53,1699336,PLANT16,PORT09,868,101.7,1.0
1447219335.7,2023-09-07,PORT04,V44_3,2,CRF,3,0,V55555_2,1682757,PLANT03,PORT09,323,1.0022947022242792,2.0
1447205897.7,2023-07-11,PORT04,V44_3,2,CRF,3,0,V55555_2,1658532,PLANT03,PORT09,305,0.8192729619272964,2.0
1447205712.7,2023-06-08,PORT04,V444_1,1,DTD,0,0,V5555555_22,1672664,PLANT03,PORT09,315,0.12781897986983504,1.0
1447189419.7,2023-04-05,PORT04,V444_0,2,DTP,3,0,V5555555_22,1697872,PLANT03,PORT09,320,1.2200056306457756,2.0
1447188569.7,2023-10-20,PORT04,V444_0,2,DTP,0,3,V555555555_27,1654766,PLANT03,PORT09,1332,19.5,2.0
1447187803.7,2023-09-06,PORT04,V444_0,2,DTP,0,0,V555555555555555_29,1682802,PLANT03,PORT09,274,1.5297234676472105,2.0
1447185748.7,2023-11-06,PORT04,V444_0,2,DTP,3,0,V555555_6,1672664,PLANT03,PORT09,838,17.182249886484033,2.0
1447164213.7,2023-03-29,PORT04,V444_0,2,DTP,5,0,V55555555_7,1668547,PLANT03,PORT09,318,0.47798585217459993,2.0
1447158117.7,2023-05-01,PORT04,V444_0,2,DTP,3,0,V55555_2,1687346,PLANT03,PORT09,397,2.9846069410815157,2.0
1447152996.7,2023-04-03,PORT04,V444_0,2,DTP,3,0,V55555555_5,1696074,PLANT03,PORT09,1275,8.87914842161734,2.0
1447149108.7,2023-05-24,PORT04,V444_0,2,DTP,0,0,V55555555555_28,1678000,PLANT03,PORT09,20326,10.169657785745683,2.0
1447407393.7,2023-01-04,PORT04,V444_0,2,DTP,0,0,V5555_33,1688575,PLANT03,PORT09,336,0.36173637144738585,2.0
1447405875.7,2023-11-21,PORT04,V44_3,0,CRF,3,0,V55555555_32,1699329,PLANT03,PORT09,2074,9.469989582799732,0.0
1447391470.7,2023-10-30,PORT04,V444_0,2,DTP,3,0,V55555_4,1651299,PLANT03,PORT09,3273,9.126876578081916,2.0
1447382182.7,2023-12-02,PORT04,V444_0,2,DTP,0,0,V555555555_27,1677692,PLANT03,PORT09,2952,195.66,2.0
1447351879.7,2023-07-23,PORT04,V444_0,2,DTP,0,0,V5555_33,1689544,PLANT03,PORT09,262,1.7161945237724008,2.0
1447327935.7,2023-11-18,PORT04,V444_0,2,DTP,0,0,V5555_33,1677891,PLANT03,PORT09,1584,4.252965197969543,2.0
1447306708.7,2023-10-04,PORT04,V444_1,1,DTD,0,0,V5555555_22,1682751,PLANT03,PORT09,593,19.60268370241646,1.0
1447297327.7,2023-08-18,PORT04,V444_1,1,DTD,5,0,V55555555555555_8,1689545,PLANT03,PORT09,383,15.85993291116365,1.0
1447293714.7,2023-02-03,PORT04,V444_0,2,DTP,3,0,V555555_6,1697306,PLANT03,PORT09,2320,1.5252257639875235,2.0
1447269643.7,2023-03-14,PORT04,V444_0,2,DTP,3,0,V555555_6,1651299,PLANT03,PORT09,509,0.6084584385387943,2.0
1447269474.7,2023-09-15,PORT04,V44_3,0,CRF,3,0,V55555555_32,1699836,PLANT03,PORT09,8054,70.04,0.0
1447266570.7,2023-10-24,PORT04,V444_0,2,DTP,0,0,V555555555_14,1691700,PLANT08,PORT09,4153,21.85986929883893,2.0
1447236593.7,2023-07-01,PORT04,V444_1,1,DTD,5,0,V55555555555555_8,1688629,PLANT03,PORT09,534,25.904796601742145,1.0
1447232863.7,2023-12-17,PORT04,V444_0,2,DTP,0,3,V555555555_27,1660885,PLANT03,PORT09,692,3.1771093473535217,2.0
1447214825.7,2023-11-02,PORT04,V44_3,0,CRF,0,0,V5555555_12,1698930,PLANT03,PORT09,1192,2.778091128933333,0.0
1447208159.7,2023-03-24,PORT04,V444_0,2,DTP,0,3,V555555555_27,1660885,PLANT03,PORT09,618,3.1771093473535217,2.0
1447205136.7,2023-03-09,PORT04,V444_0,2,DTP,3,0,V55555555_5,1700140,PLANT03,PORT09,84308,55.96087753237463,2.0
1447187887.7,2023-10-06,PORT04,V444_0,2,DTP,0,0,V5555_33,1689547,PLANT03,PORT09,308,0.9358215343507976,2.0
1447173871.7,2023-02-21,PORT04,V444_0,2,DTP,0,0,V5555_33,1689548,PLANT03,PORT09,303,1.1916766020963467,2.0
1447173862.7,2023-10-05,PORT04,V444_0,2,DTP,5,0,V55555555_7,1687346,PLANT03,PORT09,331,1.586224667987379,2.0
1447167331.7,2023-10-13,PORT04,V444_1,1,DTD,5,0,V55555555555555_8,1684755,PLANT03,PORT09,307,1.7800000000000002,1.0
1447162930.7,2023-06-07,PORT04,V444_0,2,DTP,0,3,V555555555_27,1655818,PLANT03,PORT09,2297,6.438622535387958,2.0
1447156751.7,2023-07-15,PORT04,V444_1,1,DTD,5,0,V55555555555555_8,1693747,PLANT03,PORT09,648,55.98,1.0
1447144475.7,2023-02-02,PORT04,V444_1,1,DTD,0,0,V555555555555555555_45,1688633,PLANT03,PORT09,320,7.422744596515589,1.0
1447421254.7,2023-05-02,PORT04,V44_3,0,CRF,3,0,V55555555_32,1699315,PLANT03,PORT09,2970,7.85425229770547,0.0
1447418030.7,2023-02-12,PORT04,V444_0,2,DTP,3,0,V55555_2,1674853,PLANT03,PORT09,744,33.74,2.0
1447387280.7,2023-02-17,PORT04,V444_1,1,DTD,0,0,V55555555555555_8,1690634,PLANT03,PORT09,254,0.8746556849644674,1.0
1447377400.7,2023-06-25,PORT04,V444_0,2,DTP,0,0,V55555_26,1693230,PLANT03,PORT09,41990,237.22111815415434,2.04
1447372089.7,2023-09-07,PORT04,V444_0,2,DTP,0,0,V555555555_27,1622685,PLANT03,PORT09,1444,6.58,2.0
1447356012.7,2023-10-23,PORT04,V444_0,2,DTP,0,0,V555555_24,1677878,PLANT03,PORT09,1277,3.718129313987877,2.0
1447310038.7,2023-03-22,PORT04,V444_1,1,DTD,1,0,V555555555555555555_17,1677878,PLANT03,PORT09,1284,3.718129313987877,1.0
1447292185.7,2023-03-01,PORT04,V444_0,2,DTP,0,0,V555555_24,1675615,PLANT03,PORT09,1476,9.96,2.0
1447288745.7,2023-08-10,PORT04,V444_0,2,DTP,0,0,V555555555_14,1656839,PLANT03,PORT09,706,4.22,2.0
1447281347.7,2023-04-30,PORT04,V444_0,2,DTP,3,1,V555_15,1651298,PLANT03,PORT09,2297,4.596727272727272,2.0
1447258805.7,2023-04-24,PORT04,V444_0,2,DTP,3,0,V5555555_12,1696752,PLANT03,PORT09,302,2.0457496136012363,2.0
1447257264.7,2023-07-25,PORT09,V44_3,1,CRF,3,0,V55555_53,1697884,PLANT16,PORT09,280,7.800000000000001,1.0
1447251213.7,2023-04-21,PORT04,V444_0,2,DTP,3,0,V555555_6,1668607,PLANT03,PORT09,638,9.48,2.0
1447228654.7,2023-08-08,PORT04,V444_1,1,DTD,0,0,V5555555_22,1682784,PLANT03,PORT09,343,1.5728574288063029,1.0
1447215348.7,2023-09-17,PORT04,V444_0,2,DTP,0,0,V555555_24,1666954,PLANT03,PORT09,339,1.3724904915507203,2.0
1447214241.7,2023-12-06,PORT04,V444_0,2,DTP,0,0,V555555555555555_29,1688571,PLANT03,PORT09,320,4.40449246755705,2.0
1447208239.7,2023-07-07,PORT04,V444_0,2,DTP,3,0,V555555_6,1699948,PLANT03,PORT09,2283,67.98525580272438,2.0
1447187801.7,2023-06-21,PORT04,V444_0,2,DTP,0,0,V555555555555555_29,1682802,PLANT03,PORT09,311,1.5297234676472105,2.0
1447182470.7,2023-05-08,PORT04,V44_3,4,CRF,0,0,V555555555555555_29,1699555,PLANT03,PORT09,1949,5.821961442240846,3.0
1447179660.7,2023-07-22,PORT04,V44_3,2,CRF,3,0,V55555_2,1696488,PLANT03,PORT09,316,0.04074468085106383,2.0
1447178780.7,2023-12-20,PORT04,V444_1,1,DTD,0,0,V5555555_22,1692949,PLANT03,PORT09,966,3.243892343213792,1.0
1447160034.7,2023-05-07,PORT04,V444_0,2,DTP,3,0,V555555_6,1687661,PLANT03,PORT09,278,0.04960000000000001,2.0
1447149342.7,2023-06-08,PORT04,V444_0,2,DTP,3,0,V55555555_0,1689553,PLANT03,PORT09,1311,15.28,2.0
1447389064.7,2023-02-26,PORT04,V444_0,2,DTP,0,0,V55555_26,1613321,PLANT03,PORT09,342,0.34062140391254314,2.0
1447364449.7,2023-10-29,PORT04,V444_0,2,DTP,0,0,V5555_33,1689547,PLANT03,PORT09,315,3.7432861374031905,2.0
1447339823.7,2023-10-24,PORT04,V444_0,2,DTP,0,0,V5555555_30,1668547,PLANT03,PORT09,286,0.15136218652195665,2.0
1447339089.7,2023-08-19,PORT04,V444_1,1,DTD,0,0,V555555555555555555_45,1690617,PLANT03,PORT09,275,1.8257855697800736,1.0
1447327261.7,2023-06-11,PORT04,V444_0,2,DTP,0,0,V555555555555555_29,1688571,PLANT03,PORT09,301,4.40449246755705,2.0
1447312020.7,2023-09-27,PORT04,V444_0,2,DTP,0,0,V5555_33,1689546,PLANT03,PORT09,248,0.38312720821507384,2.0
1447306313.7,2023-05-26,PORT04,V444_0,2,DTP,5,0,V55555555_7,1687353,PLANT12,PORT09,397,20.944927536231887,2.0
1447293092.7,2023-11-24,PORT04,V444_0,2,DTP,0,0,V555555555_35,1688629,PLANT03,PORT09,288,0.3587306213565619,2.0
1447284910.7,2023-07-18,PORT04,V444_1,1,DTD,0,0,V5555555_22,1672651,PLANT03,PORT09,425,2.4602587086875687,1.0
1447278434.7,2023-01-18,PORT04,V444_1,1,DTD,0,0,V55555555555555_8,1650904,PLANT03,PORT09,987,13.4,1.0
1447261908.7,2023-12-13,PORT04,V444_1,1,DTD,3,0,V5555555_19,1695349,PLANT03,PORT09,420,1.102867755995949,1.0
1447258815.7,2023-10-31,PORT04,V444_0,2,DTP,3,0,V555555_6,1651302,PLANT03,PORT09,546,1.5935050557236696,2.0
1447258785.7,2023-10-31,PORT04,V444_0,2,DTP,3,0,V555555_6,1660578,PLANT03,PORT09,429,11.56,2.0
1447252591.7,2023-10-01,PORT04,V444_1,1,DTD,5,0,V55555555555555_8,1689551,PLANT03,PORT09,434,7.463581199611766,1.0
1447211552.7,2023-01-06,PORT09,V44_3,1,CRF,3,0,V55555_53,1700035,PLANT16,PORT09,1325,14.4,1.0
1447209406.7,2023-06-03,PORT04,V444_0,2,DTP,3,0,V55555_4,1675662,PLANT03,PORT09,338,0.5205166207918696,2.0
1447195001.7,2023-11-09,PORT04,V444_1,1,DTD,0,0,V55555555555555_8,1650904,PLANT03,PORT09,1359,17.58,1.0
1447179114.7,2023-04-21,PORT04,V444_0,2,DTP,3,0,V55555_4,1673710,PLANT03,PORT09,939,49.00322170232068,2.0
1447167734.7,2023-12-25,PORT04,V444_0,2,DTP,0,0,V55555555_5,1658528,PLANT03,PORT09,338,0.7165921736750888,2.0
1447162832.7,2023-10-29,PORT04,V444_0,2,DTP,0,0,V55555555555_28,1687774,PLANT03,PORT09,30270,16.61613157509561,2.0
1447158688.7,2023-04-08,PORT04,V444_1,1,DTD,0,0,V555555555555555555_45,1690628,PLANT03,PORT09,257,0.34620088528360504,1.0
1447143918.7,2023-04-08,PORT04,V444_0,2,DTP,0,0,V555555_24,1699424,PLANT03,PORT09,302,0.9163423473654868,2.0
1447399907.7,2023-12-22,PORT04,V44_3,0,CRF,3,0,V55555555_32,1699369,PLANT03,PORT09,1258,2.672789038738373,0.0
1447392335.7,2023-05-28,PORT04,V444_0,2,DTP,0,0,V55555_26,1663341,PLANT03,PORT09,311,2.4326612903225806,2.0
1447386303.7,2023-12-30,PORT04,V444_1,1,DTD,3,0,V5555555_19,1692109,PLANT03,PORT09,339,0.075942796519018,1.0
1447384054.7,2023-04-10,PORT04,V44_3,4,CRF,0,0,V555555555555_31,1684560,PLANT03,PORT09,18331,8.023158413136773,4.0
1447373520.7,2023-07-14,PORT04,V44_3,2,CRF,3,0,V55555_2,1674853,PLANT03,PORT09,362,3.7538872403560815,2.0
1447371671.7,2023-10-04,PORT04,V444_1,1,DTD,5,0,V55555555555555_8,1688571,PLANT03,PORT09,361,8.8089849351141,1.0
1447362675.7,2023-09-23,PORT04,V444_1,1,DTD,5,0,V55555555555555_8,1658532,PLANT03,PORT09,371,1.6385459238545927,1.0
1447359787.7,2023-02-14,PORT04,V444_0,2,DTP,3,0,V555555_6,1660885,PLANT03,PORT09,5246,44.34,2.0
1447351634.7,2023-06-28,PORT04,V444_1,1,DTD,5,0,V55555555555555_8,1688294,PLANT03,PORT09,296,4.005630691422243,1.0
1447348348.7,2023-01-10,PORT04,V444_1,1,DTD,5,0,V55555555555555_8,1688294,PLANT03,PORT09,263,1.1444659118349265,1.0
1447330600.7,2023-07-23,PORT04,V444_0,2,DTP,0,0,V5555555_30,1668547,PLANT03,PORT09,413,0.7169787782618999,2.0
1447313768.7,2023-07-02,PORT04,V444_0,2,DTP,0,0,V55555_26,1683560,PLANT03,PORT09,4375,44.073897370073794,2.0
1447312069.7,2023-03-09,PORT04,V444_0,2,DTP,0,0,V555555555_27,1700097,PLANT03,PORT09,316,0.22340241796200344,2.0
1447306743.7,2023-05-01,PORT04,V444_1,1,DTD,5,0,V55555555555555_8,1690616,PLANT03,PORT09,325,0.47135044828415773,1.0
1447306581.7,2023-08-24,PORT04,V444_1,1,DTD,0,0,V5555555_22,1660673,PLANT03,PORT09,330,3.7330237932364727,1.0
1447302170.7,2023-02-03,PORT04,V444_1,1,DTD,5,0,V55555555555555_8,1689551,PLANT03,PORT09,357,7.463581199611766,1.0
1447300214.7,2023-02-12,PORT04,V444_0,2,DTP,3,1,V555_15,1662551,PLANT03,PORT09,2269,3.7980487804878047,2.0
1447296429.7,2023-03-23,PORT04,V444_1,1,DTD,0,0,V555555555555555555_45,1689546,PLANT03,PORT09,600,24.45125440140333,1.0
1447296079.7,2023-01-28,PORT04,V444_0,2,DTP,0,0,V55_13,1694720,PLANT03,PORT09,355,0.30779655723235466,2.0
1447288930.7,2023-10-06,PORT04,V444_0,2,DTP,0,0,V5555_33,1682709,PLANT03,PORT09,284,0.7741806286544356,2.0
1447279003.7,2023-12-05,PORT04,V444_0,2,DTP,3,0,V5555555_12,1622685,PLANT03,PORT09,299,0.5303470031545741,2.0
1447207542.7,2023-11-21,PORT04,V444_0,2,DTP,0,0,V5555_33,1688288,PLANT03,PORT09,267,0.4264086320670071,2.0
1447190022.7,2023-05-12,PORT04,V444_0,2,DTP,0,0,V555555555_14,1691700,PLANT08,PORT09,4104,21.85986929883893,2.0
1447188645.7,2023-01-09,PORT04,V444_0,2,DTP,3,0,V555555555_3,1689548,PLANT03,PORT09,1324,73.47978763102167,2.0
1447185759.7,2023-12-12,PORT04,V444_0,2,DTP,0,0,V55555_26,1655982,PLANT03,PORT09,349,0.7830015057721266,2.0
1447185212.7,2023-07-20,PORT04,V444_0,2,DTP,3,0,V55555_4,1662395,PLANT03,PORT09,266,0.6061546220578053,2.0
1447173870.7,2023-06-30,PORT04,V444_0,2,DTP,0,0,V5555_33,1688587,PLANT03,PORT09,294,1.4593220630450083,2.0
1447160944.7,2023-12-11,PORT04,V444_0,2,DTP,3,0,V55555_4,1696074,PLANT03,PORT09,411,0.8879148421617342,2.0
1447146530.7,2023-11-22,PORT04,V444_0,2,DTP,3,0,V55555_4,1675670,PLANT03,PORT09,358,1.2626384301534874,2.0
1447418977.7,2023-11-25,PORT04,V444_0,2,DTP,5,0,V55555555_7,1699369,PLANT03,PORT09,1253,2.672789038738373,2.0
1447408304.7,2023-01-17,PORT04,V444_0,2,DTP,3,0,V55555_2,1689032,PLANT03,PORT09,702,8.02,2.0
1447405974.7,2023-05-23,PORT04,V444_1,1,DTD,0,0,V5555555_22,1682826,PLANT03,PORT09,823,37.2089650456022,1.0
1447358502.7,2023-12-27,PORT04,V444_0,2,DTP,3,0,V555555_6,1676853,PLANT03,PORT09,284,0.06604063617387075,2.0
1447357633.7,2023-02-06,PORT04,V444_0,2,DTP,3,0,V5555555_12,1668547,PLANT03,PORT09,353,0.1593286173915333,2.0
1447339084.7,2023-01-25,PORT04,V444_0,2,DTP,0,0,V555555555_27,1651298,PLANT03,PORT09,6240,10.8,2.0
1447334865.7,2023-02-10,PORT04,V444_0,2,DTP,0,0,V555555555555555_29,1688571,PLANT03,PORT09,298,4.40449246755705,2.0
1447326751.7,2023-09-12,PORT04,V444_0,2,DTP,3,0,V555555_6,1675615,PLANT03,PORT09,9275,75.88,2.0
1447326107.7,2023-05-27,PORT04,V444_0,2,DTP,0,0,V5555_33,1689544,PLANT03,PORT09,293,0.2145243154715501,2.0
1447323696.7,2023-03-03,PORT04,V444_0,2,DTP,3,0,V5555555_22,1683197,PLANT03,PORT09,431,3.755451214547428,2.0
1447293077.7,2023-01-08,PORT04,V444_0,2,DTP,3,0,V55555_2,1677878,PLANT03,PORT09,392,0.2230877588392726,2.0
1447281393.7,2023-08-09,PORT04,V444_0,2,DTP,3,0,V5555555_12,1652644,PLANT03,PORT09,357,2.3444033613445376,2.0
1447244898.7,2023-10-24,PORT04,V444_1,1,DTD,5,0,V55555555555555_8,1689550,PLANT03,PORT09,338,3.680084353310096,1.0
1447236687.7,2023-03-11,PORT04,V444_1,1,DTD,3,0,V5555555_19,1689146,PLANT03,PORT09,10275,16.090309278350503,1.0
1447232386.7,2023-01-09,PORT04,V444_0,2,DTP,0,0,V5555_33,1688575,PLANT03,PORT09,267,1.0852091143421576,2.0
1447230845.7,2023-11-07,PORT04,V444_1,1,DTD,0,0,V5555555_22,1683636,PLANT03,PORT09,336,1.908537848150081,1.0
1447221909.7,2023-02-08,PORT04,V444_0,2,DTP,3,0,V555555_6,1615677,PLANT03,PORT09,287,0.06326041468518166,2.0
1447206034.7,2023-08-25,PORT04,V444_0,2,DTP,0,0,V5555_33,1661119,PLANT12,PORT09,345,3.0865409747796955,2.0
1447196598.7,2023-12-05,PORT04,V444_0,3,DTD,0,0,V555555555555555555_42,1671426,PLANT03,PORT09,3321,1.9191395199392582,3.0
1447191282.7,2023-01-16,PORT09,V44_3,1,CRF,3,0,V55555_53,1696798,PLANT16,PORT09,3845,676.88,1.0
1447174450.7,2023-10-04,PORT04,V444_1,2,DTD,0,0,V555555_11,1686762,PLANT12,PORT09,319,6.4,2.0
1447172198.7,2023-07-25,PORT04,V444_0,2,DTP,3,0,V555555_6,1651298,PLANT03,PORT09,8260,12.98,2.0
1447423203.7,2023-05-09,PORT04,V444_0,2,DTP,5,0,V55555555_7,1675615,PLANT03,PORT09,960,5.661036673461718,2.0
1447398285.7,2023-07-03,PORT04,V444_1,1,DTD,0,0,V55555555555555_8,1690628,PLANT03,PORT09,258,0.34620088528360504,1.0
1447371435.7,2023-04-27,PORT04,V444_1,1,DTD,0,0,V5555555_22,1683636,PLANT03,PORT09,674,9.957588772956944,1.0
1447367084.7,2023-01-27,PORT04,V444_0,2,DTP,3,0,V55555555_0,1692974,PLANT03,PORT09,355,3.3698239067796614,2.0
1447360073.7,2023-05-27,PORT04,V444_1,1,DTD,5,0,V55555555555555_8,1688587,PLANT03,PORT09,301,4.560381447015651,1.0
1447350123.7,2023-05-11,PORT04,V444_0,2,DTP,0,0,V55555555555_28,1676699,PLANT03,PORT09,3238,1.3370447625029351,2.0
1447349604.7,2023-10-08,PORT04,V444_0,2,DTP,0,0,V555555555_27,1622685,PLANT03,PORT09,367,0.5303470031545741,2.0
1447334665.7,2023-03-02,PORT04,V44_3,0,CRF,3,0,V55555555_32,1699285,PLANT03,PORT09,5092,55.02,0.0
1447329944.7,2023-09-03,PORT04,V444_1,1,DTD,0,0,V5555555_22,1682751,PLANT03,PORT09,344,3.5512108156551556,1.0
1447323929.7,2023-03-21,PORT04,V444_0,2,DTP,0,0,V55555_26,1652604,PLANT03,PORT09,273,0.025037237643872712,2.0
1447323793.7,2023-12-30,PORT04,V444_0,2,DTP,3,0,V555555_6,1677889,PLANT03,PORT09,302,0.28915097831182607,2.0
1447322714.7,2023-11-06,PORT04,V444_0,2,DTP,0,0,V5555_33,1688292,PLANT03,PORT09,296,4.384074716799486,2.0
1447309550.7,2023-10-17,PORT04,V44_3,2,CRF,3,0,V55555_2,1668612,PLANT03,PORT09,333,2.6803791469194316,2.0
1447308114.7,2023-12-09,PORT04,V444_0,2,DTP,0,0,V555555555_27,1699769,PLANT03,PORT09,361,0.43459427673448425,2.0
1447300220.7,2023-09-07,PORT04,V444_0,2,DTP,3,0,V55555_2,1668545,PLANT03,PORT09,343,0.9509223016524084,2.0
1447296435.7,2023-12-22,PORT04,V444_1,1,DTD,0,0,V555555555555555555_45,1680738,PLANT03,PORT09,296,0.10703336471725332,1.0
1447284915.7,2023-09-30,PORT04,V444_1,1,DTD,0,0,V5555555_22,1672651,PLANT03,PORT09,416,2.4602587086875687,1.0
1447279002.7,2023-02-08,PORT04,V444_0,2,DTP,3,0,V5555555_12,1622685,PLANT03,PORT09,407,1.0076593059936907,2.0
1447275624.7,2023-01-24,PORT04,V444_0,2,DTP,3,0,V55555555_0,1689554,PLANT03,PORT09,1289,13.66,2.0
1447243114.7,2023-01-01,PORT04,V444_1,2,DTD,5,0,V55555555555555_8,1666961,PLANT12,PORT09,334,24.6,2.0
1447237015.7,2023-11-09,PORT04,V444_1,1,DTD,5,0,V55555555555555_8,1690617,PLANT03,PORT09,262,0.4564463924450184,1.0
1447217765.7,2023-10-15,PORT09,V444_0,0,DTP,3,0,V555555_6,1691393,PLANT16,PORT09,402,68.03527589513327,0.0
1447213261.7,2023-09-08,PORT04,V444_0,2,DTP,3,0,V55555_2,1664061,PLANT03,PORT09,30297,331.06,2.0
1447183413.7,2023-05-06,PORT04,V444_0,2,DTP,5,0,V55555555_7,1668547,PLANT03,PORT09,349,0.7966430869576666,2.0
1447174092.7,2023-05-18,PORT04,V444_0,2,DTP,3,0,V55555_2,1668127,PLANT03,PORT09,421,16.64,2.0
1447170173.7,2023-06-18,PORT04,V444_0,2,DTP,3,1,V555_15,1650905,PLANT03,PORT09,670,6.436571428571427,2.0
1447167253.7,2023-05-29,PORT04,V444_0,2,DTP,0,0,V5555_33,1688587,PLANT03,PORT09,329,2.3713983524481383,2.0
1447158696.7,2023-12-29,PORT04,V444_1,1,DTD,0,0,V555555555555555555_45,1688633,PLANT03,PORT09,395,7.422744596515589,1.0
1447146545.7,2023-04-04,PORT04,V444_0,2,DTP,3,0,V55555_4,1697444,PLANT03,PORT09,1981,5.94,2.0
1447421282.7,2023-03-27,PORT04,V444_0,2,DTP,5,0,V55555555_7,1699570,PLANT03,PORT09,10325,11.75140619902439,2.0
1447396721.7,2023-03-14,PORT04,V444_0,2,DTP,0,0,V55_13,1658532,PLANT03,PORT09,504,3.2,2.0
1447391390.7,2023-04-19,PORT04,V444_1,1,DTD,0,0,V55555555555555_8,1690627,PLANT03,PORT09,286,0.38418385491678075,1.0
1447391188.7,2023-06-13,PORT04,V444_0,2,DTP,0,0,V55555_26,1658532,PLANT03,PORT09,340,0.6554183695418371,2.0
1447383119.7,2023-10-21,PORT04,V444_1,1,DTD,0,0,V555555555555555555_45,1690628,PLANT03,PORT09,394,2.7696070822688403,1.0
1447373393.7,2023-10-15,PORT04,V444_0,2,DTP,3,0,V55555_2,1664051,PLANT03,PORT09,20307,255.86697932210618,2.0
1447322718.7,2023-06-24,PORT04,V444_0,2,DTP,0,0,V5555_33,1688633,PLANT03,PORT09,293,0.09278430745644486,2.0
1447306371.7,2023-02-26,PORT04,V444_1,1,DTD,0,0,V5555555_22,1683636,PLANT03,PORT09,291,0.8574590332268479,1.0
1447305824.7,2023-06-24,PORT04,V444_0,2,DTP,3,0,V55555_2,1651299,PLANT03,PORT09,917,1.825375315616383,2.0
1447300249.7,2023-02-11,PORT04,V444_0,2,DTP,0,0,V55555555_5,1655818,PLANT03,PORT09,10333,27.88,2.08
1447295171.7,2023-01-06,PORT04,V444_0,2,DTP,3,0,V555555_6,1700105,PLANT03,PORT09,251,0.09369092416954683,2.0
1447292067.7,2023-04-14,PORT04,V444_0,2,DTP,0,0,V5555_33,1689548,PLANT03,PORT09,278,0.5958383010481734,2.0
1447290011.7,2023-10-19,PORT04,V44_3,4,CRF,0,0,V555555555555_31,1684560,PLANT03,PORT09,9237,4.011579206568387,4.0
1447269641.7,2023-12-29,PORT04,V444_0,2,DTP,3,0,V5555555_12,1644200,PLANT03,PORT09,351,1.2005888125613347,2.0
1447266853.7,2023-11-22,PORT04,V444_0,2,DTP,0,0,V5555555_30,1674120,PLANT03,PORT09,750,39.98,2.0
1447265528.7,2023-11-18,PORT04,V444_0,2,DTP,5,0,V55555555_7,1669409,PLANT03,PORT09,340,0.5312956410449448,2.0
1447250564.7,2023-04-22,PORT04,V444_1,1,DTD,0,0,V555555555555555_23,1692994,PLANT03,PORT09,375,4.28,1.0
1447238315.7,2023-01-02,PORT04,V444_0,2,DTP,3,0,V55555_4,1675662,PLANT03,PORT09,1785,11.74,2.0
1447237679.7,2023-11-16,PORT04,V444_0,2,DTP,3,0,V555555_6,1672661,PLANT03,PORT09,363,2.507960346484814,2.0
1447212839.7,2023-04-24,PORT04,V444_1,1,DTD,5,0,V55555555555555_8,1689547,PLANT03,PORT09,379,7.198627187313828,1.0
1447198606.7,2023-01-07,PORT04,V444_0,2,DTP,3,0,V555555_6,1677891,PLANT03,PORT09,20253,53.540000000000006,2.0
1447172414.7,2023-07-18,PORT04,V444_0,2,DTP,3,0,V55555_2,1687346,PLANT03,PORT09,313,0.5217844302590062,2.0
1447159999.7,2023-10-21,PORT04,V444_1,1,DTD,5,0,V55555555555555_8,1690614,PLANT03,PORT09,417,6.292980174739069,1.0
1447156844.7,2023-01-05,PORT04,V444_1,1,DTD,5,0,V55555555555555_8,1689547,PLANT03,PORT09,1054,62.58901749851062,1.0
1447153015.7,2023-12-26,PORT04,V444_1,1,DTD,5,0,V55555555555555_8,1688610,PLANT03,PORT09,427,11.387985243550595,1.0
1447150975.7,2023-01-13,PORT04,V444_1,1,DTD,0,0,V5555555_22,1686401,PLANT03,PORT09,357,2.824758990053558,1.0
1447146696.7,2023-08-04,PORT04,V444_0,2,DTP,5,0,V55555555_7,1668545,PLANT03,PORT09,413,1.6271337161607877,2.0
1447146695.7,2023-04-13,PORT04,V444_0,2,DTP,5,0,V55555555_7,1668545,PLANT03,PORT09,368,1.0565803351693426,2.0
1447144479.7,2023-08-02,PORT04,V444_1,1,DTD,0,0,V555555555555555555_45,1680738,PLANT03,PORT09,326,0.10703336471725332,1.0
1447141510.7,2023-03-03,PORT04,V444_0,2,DTP,0,0,V55_13,1658532,PLANT03,PORT09,580,3.46,2.0
1447406123.7,2023-08-07,PORT04,V444_0,2,DTP,5,0,V55555555_7,1699369,PLANT03,PORT09,8234,22.382312309906983,2.0
1447383146.7,2023-11-09,PORT04,V444_1,1,DTD,0,0,V555555555555555555_45,1689546,PLANT03,PORT09,844,41.97526498580886,1.0
1447376807.7,2023-03-28,PORT04,V444_0,2,DTP,0,0,V555555555_35,1689551,PLANT03,PORT09,304,0.5970864959689413,2.0
1447371190.7,2023-05-01,PORT04,V444_0,2,DTP,0,0,V555555555_14,1691700,PLANT08,PORT09,4126,21.85986929883893,2.0
1447357418.7,2023-11-21,PORT04,V444_0,2,DTP,3,0,V5555555_22,1683199,PLANT03,PORT09,2055,34.579717838318004,2.0
1447343149.7,2023-12-20,PORT04,V444_1,1,DTD,5,0,V55555555555555_8,1690621,PLANT03,PORT09,368,2.861540477948449,1.0
1447334886.7,2023-11-30,PORT04,V444_0,2,DTP,0,0,V555555555555555_29,1688571,PLANT03,PORT09,290,4.40449246755705,2.0
1447325921.7,2023-10-05,PORT04,V44_3,0,CRF,0,0,V555555555555555_29,1699625,PLANT03,PORT09,12240,46.2910961650617,0.32
1447317264.7,2023-12-25,PORT04,V444_1,1,DTD,0,0,V555555555555555555_45,1682736,PLANT03,PORT09,259,0.9811029411764707,1.0
1447317052.7,2023-07-15,PORT04,V444_0,2,DTP,0,0,V55555555_5,1689546,PLANT03,PORT09,771,35.481448739356644,2.0
1447293095.7,2023-11-24,PORT04,V444_0,2,DTP,0,0,V555555555_35,1689548,PLANT03,PORT09,300,1.4895957526204335,2.0
1447281381.7,2023-07-26,PORT04,V444_0,2,DTP,5,0,V55555555_7,1669701,PLANT03,PORT09,865,6.11,2.0
1447267329.7,2023-12-08,PORT04,V444_0,2,DTP,3,0,V555555_6,1696074,PLANT03,PORT09,368,0.35516593686469367,2.0
1447254116.7,2023-08-28,PORT04,V444_1,1,DTD,5,0,V55555555555555_8,1693747,PLANT03,PORT09,466,30.800000000000004,1.0
1447224340.7,2023-11-13,PORT04,V444_0,2,DTP,5,0,V55555555_7,1655818,PLANT03,PORT09,541,0.904626466222008,2.0
1447189664.7,2023-08-21,PORT04,V444_1,1,DTD,5,0,V55555555555555_8,1688633,PLANT03,PORT09,344,9.278430745644487,1.0
1447183502.7,2023-03-09,PORT04,V444_0,2,DTP,3,0,V55555555_0,1650685,PLANT03,PORT09,739,3.7388762585254955,2.0
1447182375.7,2023-06-18,PORT04,V44_3,0,CRF,3,0,V55555555_32,1699419,PLANT03,PORT09,6252,18.69357564506667,0.0
1447170838.7,2023-09-03,PORT04,V444_0,2,DTP,0,0,V5555_33,1688575,PLANT03,PORT09,265,0.18086818572369293,2.0
1447165166.7,2023-12-01,PORT04,V444_0,2,DTP,0,0,V5555_33,1675810,PLANT12,PORT09,299,1.4968242423223732,2.0
1447164828.7,2023-04-28,PORT04,V444_1,1,DTD,3,3,V555555555555555_44,1699953,PLANT03,PORT09,459,7.306511625634661,1.0
1447164255.7,2023-03-31,PORT04,V444_0,2,DTP,3,0,V555555_6,1685211,PLANT03,PORT09,533,5.429295774647889,2.0
1447158062.7,2023-05-15,PORT04,V444_1,1,DTD,5,0,V55555555555555_8,1689541,PLANT03,PORT09,470,27.9,1.0
1447152554.7,2023-10-07,PORT04,V444_0,2,DTP,0,0,V555555555_27,1655818,PLANT03,PORT09,700,1.4486900704622905,2.0
1447151885.7,2023-01-28,PORT04,V444_0,2,DTP,0,0,V55555_26,1679638,PLANT03,PORT09,444,0.6763324088075238,2.0
1447149444.7,2023-02-04,PORT04,V444_0,2,DTP,3,0,V55555555_0,1692974,PLANT03,PORT09,315,0.08023390254237289,2.0
1447147909.7,2023-05-08,PORT04,V444_0,2,DTP,0,0,V5555_33,1688575,PLANT03,PORT09,317,1.989550042960622,2.0
1447144652.7,2023-02-24,PORT04,V444_0,2,DTP,0,0,V55555555_5,1672000,PLANT03,PORT09,437,27.0,2.0
1447144469.7,2023-06-25,PORT04,V444_1,1,DTD,0,0,V555555555555555555_45,1690630,PLANT03,PORT09,361,1.3084085194576862,1.0
1447369670.7,2023-08-15,PORT04,V444_1,1,DTD,0,0,V55555555555555_8,1700138,PLANT03,PORT09,150330,140.3198666723921,1.0
1447366455.7,2023-07-09,PORT04,V444_1,1,DTD,5,0,V55555555555555_8,1688285,PLANT03,PORT09,240,0.19543661163758685,1.0
1447353945.7,2023-02-11,PORT04,V444_0,2,DTP,0,0,V5555_33,1682859,PLANT03,PORT09,283,0.46646393151993776,2.0
1447278502.7,2023-02-18,PORT04,V44_3,0,CRF,3,0,V55555555_32,1699583,PLANT03,PORT09,3633,11.94,0.0
1447278496.7,2023-06-12,PORT04,V44_3,0,CRF,0,0,V5555555_30,1699540,PLANT03,PORT09,8251,15.358746001123473,0.0
1447271535.7,2023-09-28,PORT04,V444_0,2,DTP,0,0,V55_13,1672670,PLANT03,PORT09,645,6.314624705609788,2.0
1447225221.7,2023-04-21,PORT04,V444_0,2,DTP,3,0,V55555555_5,1700137,PLANT03,PORT09,13311,14.130946492039719,2.0
1447224453.7,2023-05-13,PORT04,V444_0,2,DTP,5,0,V55555555_7,1699268,PLANT03,PORT09,1481,2.653359698893519,2.0
1447223774.7,2023-02-03,PORT04,V444_1,1,DTD,5,0,V55555555555555_8,1651298,PLANT03,PORT09,4262,8.2,1.0
1447165391.7,2023-10-28,PORT04,V444_0,2,DTP,3,0,V55555_2,1677690,PLANT03,PORT09,259,0.1197349519505488,2.0
1447165086.7,2023-04-29,PORT04,V444_0,2,DTP,0,0,V555555555_27,1697085,PLANT03,PORT09,806,2.2432957903392077,2.0
1447162864.7,2023-05-06,PORT04,V444_0,2,DTP,0,3,V555555555_27,1654766,PLANT03,PORT09,974,11.79376146788991,2.0
1447158699.7,2023-01-08,PORT04,V444_1,1,DTD,0,0,V555555555555555555_45,1682805,PLANT03,PORT09,562,24.774492439869725,1.0
1447149653.7,2023-11-20,PORT04,V444_0,2,DTP,0,0,V55_13,1696754,PLANT03,PORT09,370,4.269670257867689,2.0
1447142661.7,2023-10-14,PORT04,V444_0,2,DTP,0,0,V55555555555_28,1678000,PLANT03,PORT09,5327,2.7924144464364207,2.0
1447418323.7,2023-07-10,PORT04,V444_0,2,DTP,5,0,V55555555_7,1687346,PLANT03,PORT09,339,0.667884070731528,2.0
1447401839.7,2023-12-12,PORT04,V444_0,2,DTP,3,0,V555555555_3,1646393,PLANT13,PORT09,494,37.64705882352941,2.0
1447400329.7,2023-09-21,PORT04,V444_0,2,DTP,0,0,V55555555555_28,1685028,PLANT03,PORT09,37794,30.91078889024604,2.0
1447391520.7,2023-12-24,PORT04,V444_0,2,DTP,0,0,V55555_26,1662238,PLANT03,PORT09,265,0.8350476190476189,2.0
1447385490.7,2023-07-09,PORT04,V444_0,2,DTP,0,0,V5555_33,1689550,PLANT03,PORT09,305,0.20444913073944979,2.0
1447346464.7,2023-01-14,PORT04,V444_0,2,DTP,0,0,V5555555_30,1668346,PLANT03,PORT09,293,2.58,2.0
1447340206.7,2023-08-24,PORT04,V444_0,2,DTP,3,0,V55555_4,1692109,PLANT03,PORT09,275,0.18985699129754502,2.0
1447328000.7,2023-03-04,PORT04,V44_3,0,CRF,3,0,V55555555_32,1699574,PLANT03,PORT09,3666,5.552169441771632,0.0
1447323808.7,2023-08-17,PORT04,V444_0,2,DTP,3,0,V555555_6,1615677,PLANT03,PORT09,448,1.1861327753471562,2.0
1447306542.7,2023-05-08,PORT04,V44_3,4,CRF,0,0,V555555555555555_29,1699345,PLANT03,PORT09,1271,2.9850138075652843,3.8
1447229529.7,2023-02-09,PORT04,V444_0,2,DTP,0,0,V555555555_27,1683203,PLANT03,PORT09,1887,33.58,2.0
1447222991.7,2023-04-09,PORT04,V444_0,2,DTP,0,0,V5555_33,1688587,PLANT03,PORT09,308,4.195550931254399,2.0
1447213716.7,2023-04-02,PORT09,V444_0,0,DTP,3,0,V555555_6,1692722,PLANT16,PORT09,378,20.309689209399085,0.0
1447211160.7,2023-03-12,PORT04,V444_0,2,DTP,0,0,V555555555_27,1679638,PLANT03,PORT09,2298,6.763324088075238,2.0
1447177712.7,2023-09-28,PORT04,V444_0,2,DTP,0,0,V555555555_14,1696746,PLANT03,PORT09,662,16.67772687100155,2.0
1447165527.7,2023-05-02,PORT04,V444_0,2,DTP,3,0,V555555_6,1662552,PLANT03,PORT09,370,0.481610039383219,2.0
1447163450.7,2023-10-10,PORT04,V444_0,2,DTP,3,0,V555555_6,1651299,PLANT03,PORT09,10272,25.68,2.0
1447423271.7,2023-09-02,PORT04,V444_0,2,DTP,3,0,V55555_2,1672706,PLANT03,PORT09,294,0.9418703506907544,2.0
1447418489.7,2023-05-14,PORT04,V444_0,2,DTP,5,0,V55555555_7,1655818,PLANT03,PORT09,1235,3.0905388169862196,2.0
1447372978.7,2023-02-16,PORT04,V444_0,2,DTP,0,0,V5555_33,1688629,PLANT03,PORT09,278,1.9730184174610905,2.0
1447371322.7,2023-06-13,PORT04,V444_0,2,DTP,0,0,V55555555555_28,1667927,PLANT03,PORT09,35297,17.936849476068044,2.0
1447334367.7,2023-03-17,PORT04,V444_1,1,DTD,0,0,V55555555555555_8,1672707,PLANT03,PORT09,318,0.3137248251006997,1.0
1447329779.7,2023-10-22,PORT04,V444_0,2,DTP,3,0,V55555555_5,1666957,PLANT12,PORT09,321,17.8,2.0
1447329587.7,2023-07-21,PORT04,V444_0,2,DTP,0,0,V5555_33,1688587,PLANT03,PORT09,315,5.837288252180033,2.0
1447322573.7,2023-07-03,PORT04,V444_1,1,DTD,5,0,V55555555555555_8,1688629,PLANT03,PORT09,411,8.968265533914048,1.0
1447310030.7,2023-03-02,PORT04,V444_1,1,DTD,1,0,V555555555555555555_17,1662552,PLANT03,PORT09,1281,3.54,1.0
1447302863.7,2023-03-07,PORT04,V444_0,2,DTP,0,0,V55_13,1696754,PLANT03,PORT09,271,1.494384590253691,2.0
1447288819.7,2023-03-22,PORT04,V444_0,2,DTP,0,0,V5555555_30,1660579,PLANT03,PORT09,1818,123.58599898746445,2.0
1447227125.7,2023-04-22,PORT04,V444_0,2,DTP,3,0,V55555_2,1677884,PLANT03,PORT09,1165,4.06,2.0
1447226279.7,2023-02-09,PORT04,V444_1,1,DTD,0,0,V5555555_22,1682742,PLANT03,PORT09,317,8.42,1.0
1447226227.7,2023-10-23,PORT04,V444_0,2,DTP,5,0,V55555555_7,1668547,PLANT03,PORT09,371,0.47798585217459993,2.0
1447191274.7,2023-06-10,PORT09,V44_3,1,CRF,3,0,V55555_53,1700035,PLANT16,PORT09,1279,14.4,1.0
1447182465.7,2023-01-02,PORT04,V44_3,4,CRF,0,0,V555555555555555_29,1699553,PLANT03,PORT09,680,1.7408589019380563,3.8
1447152515.7,2023-07-28,PORT04,V444_0,2,DTP,0,0,V555555555_27,1677891,PLANT03,PORT09,2077,5.48,2.0
1447146407.7,2023-02-25,PORT04,V444_0,2,DTP,3,1,V555_15,1672344,PLANT08,PORT09,1145,6.773156454360838,2.0
1447373487.7,2023-05-10,PORT04,V44_3,2,CRF,3,0,V55555_2,1696746,PLANT03,PORT09,243,0.26516590306502325,2.0
1447369623.7,2023-07-01,PORT04,V444_0,2,DTP,0,0,V55_13,1663396,PLANT03,PORT09,283,2.125789617516075,2.0
1447362619.7,2023-11-13,PORT04,V444_1,1,DTD,5,0,V55555555555555_8,1660673,PLANT03,PORT09,248,0.5489740872406578,1.0
1447350505.7,2023-05-22,PORT04,V444_1,1,DTD,5,0,V55555555555555_8,1690616,PLANT03,PORT09,265,0.9427008965683155,1.0
1447317065.7,2023-04-17,PORT04,V444_1,1,DTD,5,0,V55555555555555_8,1689550,PLANT03,PORT09,374,5.622351095334869,1.0
1447313125.7,2023-02-01,PORT04,V44_3,0,CRF,0,0,V555555555555555_29,1699700,PLANT03,PORT09,5250,3.94,3.68
1447310252.7,2023-08-18,PORT04,V444_0,2,DTP,5,0,V55555555_7,1653969,PLANT13,PORT09,318,4.4,2.0
1447265407.7,2023-08-24,PORT04,V444_0,2,DTP,0,0,V55555555555_28,1667927,PLANT03,PORT09,56257,33.29895916170887,2.0
1447262162.7,2023-07-09,PORT04,V444_0,2,DTP,3,1,V555_15,1689548,PLANT03,PORT09,330,2.3833532041926935,2.0
1447248800.7,2023-08-06,PORT04,V444_1,2,DTD,5,0,V55555555555555_8,1666961,PLANT12,PORT09,345,23.6,2.0
1447232894.7,2023-10-01,PORT04,V444_0,3,DTP,0,0,V55555555_5,1661099,PLANT03,PORT09,209937,240.0,2.97
1447232865.7,2023-09-01,PORT04,V444_0,2,DTP,3,0,V55555_2,1687661,PLANT03,PORT09,331,1.0912000000000002,2.0
1447227096.7,2023-05-24,PORT04,V444_0,2,DTP,3,0,V55555555_0,1692997,PLANT03,PORT09,446,4.607988764196971,2.0
1447219300.7,2023-05-27,PORT04,V444_0,2,DTP,0,0,V5555_25,1693453,PLANT03,PORT09,2240,9.523682681217645,2.0
1447199996.7,2023-05-27,PORT04,V444_0,2,DTP,0,0,V555555555_27,1699948,PLANT03,PORT09,4313,133.97051160544876,2.0
1447184607.7,2023-07-20,PORT04,V44_3,0,CRF,3,0,V55555555_32,1699285,PLANT03,PORT09,2678,25.54,0.0
1447184473.7,2023-04-10,PORT04,V444_0,2,DTP,0,0,V5555555555_1,1684005,PLANT13,PORT09,322,1.3889362701727015,2.0
1447175894.7,2023-09-19,PORT04,V444_1,1,DTD,5,0,V55555555555555_8,1689548,PLANT03,PORT09,1237,67.47978763102167,1.0
1447174273.7,2023-01-22,PORT04,V444_0,2,DTP,0,0,V55555555555_28,1674598,PLANT03,PORT09,17808,8.139063495350236,2.0
1447172440.7,2023-08-23,PORT04,V444_0,2,DTP,3,0,V55555_2,1700094,PLANT03,PORT09,347,2.08,2.0
1447148725.7,2023-01-03,PORT04,V444_1,1,DTD,5,0,V55555555555555_8,1689541,PLANT03,PORT09,435,29.859999999999996,1.0
1447148033.7,2023-01-05,PORT04,V444_0,2,DTP,3,0,V555555_6,1695138,PLANT03,PORT09,312,0.8564474353432157,2.0
1447145226.7,2023-12-22,PORT04,V444_1,1,DTD,0,0,V5555555_22,1672661,PLANT03,PORT09,714,8.673362864926649,1.0
1447137162.7,2023-04-20,PORT04,V444_0,2,DTP,3,0,V55555555_5,1696074,PLANT03,PORT09,349,0.8879148421617342,2.0
1447421277.7,2023-08-08,PORT04,V444_0,2,DTP,5,0,V55555555_7,1699674,PLANT03,PORT09,1166,2.8128063910000005,2.0
1447418238.7,2023-10-31,PORT04,V444_0,2,DTP,0,0,V5555_33,1683419,PLANT03,PORT09,355,9.2747754915744,2.0
1447410493.7,2023-07-16,PORT04,V444_0,2,DTP,0,0,V5555_33,1689547,PLANT03,PORT09,309,1.4397254374627655,2.0
1447408596.7,2023-04-29,PORT04,V444_1,1,DTD,0,0,V55555555555555_8,1689547,PLANT03,PORT09,336,7.198627187313828,1.0
1447390304.7,2023-01-25,PORT04,V444_0,2,DTP,3,0,V5555555_22,1683200,PLANT03,PORT09,593,5.52,2.0
1447381348.7,2023-10-07,PORT04,V444_0,2,DTP,0,0,V555555555555555_29,1688575,PLANT03,PORT09,389,9.043409286184646,2.0
1447369421.7,2023-05-17,PORT04,V444_1,1,DTD,5,0,V55555555555555_8,1688629,PLANT03,PORT09,348,8.968265533914048,1.0
1447365152.7,2023-05-19,PORT04,V44_3,0,CRF,3,0,V55555555_32,1699419,PLANT03,PORT09,5066,13.154860516053335,0.0
1447364686.7,2023-04-11,PORT04,V444_0,2,DTP,3,0,V55555555_5,1700137,PLANT03,PORT09,13235,16.13094649203972,2.0
1447362783.7,2023-01-09,PORT04,V444_1,1,DTD,5,0,V55555555555555_8,1690616,PLANT03,PORT09,292,0.47135044828415773,1.0
1447353037.7,2023-09-28,PORT04,V444_0,2,DTP,0,3,V555555555_27,1682802,PLANT03,PORT09,257,0.7648617338236052,2.0
1447346547.7,2023-09-06,PORT04,V444_0,2,DTP,0,0,V555555555_27,1697081,PLANT03,PORT09,2306,18.927098710124397,2.0
1447307777.7,2023-06-28,PORT04,V444_0,2,DTP,3,0,V5555555_12,1677884,PLANT03,PORT09,458,1.237949209391471,2.0
1447306656.7,2023-09-22,PORT04,V444_1,1,DTD,0,0,V5555555_22,1682784,PLANT03,PORT09,635,34.76786310013131,1.0
1447306638.7,2023-07-06,PORT04,V444_1,1,DTD,3,0,V5555555_19,1692108,PLANT03,PORT09,243,0.017759532910288058,1.0
1447283736.7,2023-02-07,PORT04,V444_0,2,DTP,0,0,V55555_26,1668545,PLANT03,PORT09,362,0.3592373139575765,2.0
1447214676.7,2023-11-02,PORT04,V444_1,1,DTD,0,0,V5555555_22,1683203,PLANT03,PORT09,339,0.8801996896960846,1.0
1447212850.7,2023-10-04,PORT04,V444_1,1,DTD,5,0,V55555555555555_8,1689547,PLANT03,PORT09,379,7.198627187313828,1.0
1447208345.7,2023-03-17,PORT04,V44_3,2,CRF,3,0,V55555_2,1658532,PLANT03,PORT09,324,0.2048182404818241,2.0
1447192946.7,2023-08-26,PORT04,V444_0,2,DTP,5,0,V55555555_7,1653969,PLANT13,PORT09,448,62.0,2.0
1447187325.7,2023-06-08,PORT04,V444_0,2,DTP,0,0,V555555555_27,1680781,PLANT03,PORT09,278,1.6477343994903377,2.0
1447185849.7,2023-06-08,PORT04,V444_0,2,DTP,0,0,V55555555_5,1672721,PLANT03,PORT09,405,5.9867758186397975,2.0
1447183406.7,2023-01-22,PORT04,V444_0,2,DTP,3,0,V55555_2,1660885,PLANT03,PORT09,2807,20.94,2.0
1447178882.7,2023-07-04,PORT04,V444_0,2,DTP,3,0,V555555_6,1677889,PLANT03,PORT09,266,0.11566039132473044,2.0
1447174460.7,2023-01-12,PORT04,V444_0,2,DTP,5,0,V55555555_7,1692940,PLANT03,PORT09,734,14.599754170324843,2.0
1447172424.7,2023-05-21,PORT04,V444_0,2,DTP,3,0,V55555_2,1687521,PLANT03,PORT09,407,2.16,2.0
1447172390.7,2023-06-09,PORT04,V444_0,2,DTP,3,0,V55555_2,1689032,PLANT03,PORT09,452,8.32,2.0
1447170785.7,2023-02-07,PORT09,V44_3,1,CRF,3,0,V55555_53,1700035,PLANT16,PORT09,1320,16.4,1.0
1447163925.7,2023-04-15,PORT04,V444_0,2,DTP,5,0,V55555555_7,1692955,PLANT03,PORT09,656,3.96,2.0
1447163638.7,2023-10-05,PORT04,V444_0,2,DTP,3,0,V5555555_12,1684709,PLANT03,PORT09,277,3.88,2.0
1447156636.7,2023-03-10,PORT04,V444_0,2,DTP,3,0,V555555_6,1660885,PLANT03,PORT09,321,0.5295182245589203,2.0
1447411534.7,2023-06-13,PORT04,V444_0,2,DTP,5,0,V55555555_7,1682745,PLANT03,PORT09,322,4.5129510235291335,2.0
1447386470.7,2023-08-31,PORT04,V444_0,2,DTP,3,1,V555_15,1677878,PLANT03,PORT09,520,0.9667136216368479,2.0
1447384422.7,2023-05-18,PORT04,V444_0,2,DTP,0,0,V5555_33,1688633,PLANT03,PORT09,304,0.7422744596515589,2.0
1447383120.7,2023-01-06,PORT04,V444_1,1,DTD,0,0,V555555555555555555_45,1683405,PLANT03,PORT09,334,2.619789473684211,1.0
1447372037.7,2023-03-25,PORT04,V44_3,0,CRF,3,0,V55555555_32,1698977,PLANT03,PORT09,673,1.2223621376283185,0.0
1447369237.7,2023-07-16,PORT04,V444_0,2,DTP,3,0,V5555555_12,1700138,PLANT03,PORT09,1805,1.4531986667239207,2.0
1447367909.7,2023-05-20,PORT04,V444_0,2,DTP,0,0,V55555_26,1662552,PLANT03,PORT09,1913,4.06,2.0
1447355131.7,2023-11-09,PORT04,V444_0,2,DTP,3,0,V555555_6,1677884,PLANT03,PORT09,349,0.3536997741118489,2.0
1447353628.7,2023-05-13,PORT04,V44_3,4,CRF,0,0,V555555555555_31,1684560,PLANT03,PORT09,6265,2.6743861377122577,4.0
1447343147.7,2023-04-08,PORT04,V444_1,1,DTD,5,0,V55555555555555_8,1693747,PLANT03,PORT09,386,13.82,1.0
1447331999.7,2023-12-30,PORT04,V444_0,2,DTP,0,0,V55555555555_28,1700139,PLANT03,PORT09,21117,25.331503029557588,2.0
1447329819.7,2023-11-24,PORT04,V444_0,2,DTP,0,0,V55_13,1682784,PLANT03,PORT09,267,0.17476193653403366,2.0
1447317262.7,2023-05-04,PORT04,V444_1,1,DTD,0,0,V555555555555555555_45,1689548,PLANT03,PORT09,2266,152.95957526204333,1.0
1447310852.7,2023-06-11,PORT04,V444_0,2,DTP,0,0,V55_13,1696754,PLANT03,PORT09,256,0.5870796604568072,2.0
1447305237.7,2023-10-28,PORT04,V444_0,2,DTP,0,0,V55555555_5,1689547,PLANT03,PORT09,544,21.595881561941482,2.0
1447292181.7,2023-07-15,PORT04,V444_0,2,DTP,0,0,V555555_24,1666954,PLANT03,PORT09,576,4.11747147465216,2.0
1447261852.7,2023-04-08,PORT04,V444_0,2,DTP,0,0,V5555555_30,1658528,PLANT03,PORT09,2802,19.66,2.0
1447258831.7,2023-05-19,PORT04,V444_0,2,DTP,3,0,V555555555_3,1688571,PLANT03,PORT09,527,17.6179698702282,2.0
1447257237.7,2023-11-08,PORT09,V44_3,1,CRF,3,0,V55555_53,1699336,PLANT16,PORT09,486,24.72,1.0
1447234020.7,2023-03-13,PORT04,V444_1,1,DTD,0,0,V5555555_22,1699799,PLANT03,PORT09,5261,4.191591788535211,1.0
1447225278.7,2023-11-07,PORT04,V444_0,2,DTP,0,0,V5555_33,1688633,PLANT03,PORT09,309,0.09278430745644486,2.0
1447206341.7,2023-10-20,PORT04,V444_0,2,DTP,3,0,V55555_4,1683200,PLANT03,PORT09,331,2.3621649029982357,2.0
1447188576.7,2023-07-02,PORT04,V444_0,2,DTP,0,0,V5555555_30,1668545,PLANT03,PORT09,257,0.21131606703386852,2.0
1447185831.7,2023-12-02,PORT04,V444_0,2,DTP,5,0,V55555555_7,1682739,PLANT03,PORT09,273,3.5804887920298887,2.0
1447160931.7,2023-04-27,PORT04,V444_0,2,DTP,0,0,V555555555_27,1683700,PLANT03,PORT09,3847,2.0816388849668535,2.0
1447155440.7,2023-06-29,PORT04,V444_1,1,DTD,5,0,V55555555555555_8,1690619,PLANT03,PORT09,323,3.2150835176735644,1.0
1447137228.7,2023-04-27,PORT04,V444_0,2,DTP,3,0,V55555555_5,1697080,PLANT03,PORT09,887,3.780648135530698,2.0
1447423385.7,2023-04-25,PORT04,V444_0,2,DTP,5,0,V55555555_7,1699540,PLANT09,PORT09,43484,74.53722840606676,2.02
1447412496.7,2023-01-10,PORT04,V444_1,1,DTD,0,0,V55555555555555_8,1688294,PLANT03,PORT09,255,2.288931823669853,1.0
1447411641.7,2023-07-25,PORT04,V444_1,1,DTD,0,0,V55555555555555_8,1689548,PLANT03,PORT09,1291,74.47978763102167,1.0
1447405945.7,2023-09-18,PORT04,V44_3,0,CRF,0,0,V555555555555555_29,1699419,PLANT03,PORT09,5092,13.154860516053335,1.68
1447405876.7,2023-09-15,PORT04,V44_3,0,CRF,3,0,V55555555_32,1699515,PLANT03,PORT09,5078,7.7990046174000005,0.0
1447389132.7,2023-11-19,PORT04,V444_0,2,DTP,3,0,V555555_6,1651298,PLANT03,PORT09,2258,4.596727272727272,2.0
1447373477.7,2023-05-28,PORT04,V44_3,2,CRF,3,0,V55555_2,1689785,PLANT03,PORT09,291,0.818904958492704,2.0
1447373447.7,2023-01-02,PORT04,V444_0,2,DTP,3,0,V55555_2,1660885,PLANT03,PORT09,612,3.1771093473535217,2.0
1447367910.7,2023-02-18,PORT04,V444_0,2,DTP,0,0,V55555_26,1677891,PLANT03,PORT09,4831,11.7,2.0
1447348969.7,2023-09-08,PORT04,V444_0,2,DTP,0,0,V555555555_27,1677878,PLANT03,PORT09,781,1.747520777574302,2.0
1447347896.7,2023-01-07,PORT04,V444_0,2,DTP,0,0,V5555_33,1688292,PLANT03,PORT09,335,3.06885230175964,2.0
1447340133.7,2023-09-03,PORT04,V444_1,1,DTD,0,0,V5555555_22,1699799,PLANT03,PORT09,7833,6.287387682802817,1.0
1447320415.7,2023-03-21,PORT04,V444_1,1,DTD,0,0,V5555555_22,1651366,PLANT03,PORT09,485,7.986212043718055,1.0
1447318092.7,2023-04-19,PORT04,V444_1,1,DTD,5,0,V55555555555555_8,1688575,PLANT03,PORT09,355,9.043409286184646,1.0
1447304793.7,2023-04-27,PORT04,V44_3,2,CRF,3,0,V55555_2,1674853,PLANT03,PORT09,315,3.7538872403560815,2.0
1447269754.7,2023-08-25,PORT04,V444_1,1,DTD,3,0,V5555_20,1697085,PLANT03,PORT09,1698,6.281228212949781,1.0
1447265579.7,2023-08-22,PORT04,V444_0,2,DTP,3,0,V55555_2,1664061,PLANT03,PORT09,30240,366.94,2.0
1447229001.7,2023-03-23,PORT04,V44_3,2,CRF,3,0,V55555_2,1674853,PLANT03,PORT09,289,0.3491988130563797,2.0
1447220219.7,2023-02-24,PORT04,V444_0,2,DTP,0,0,V55555555_5,1671942,PLANT03,PORT09,1291,125.62,2.0
1447184230.7,2023-03-27,PORT04,V444_1,1,DTD,5,0,V55555555555555_8,1689551,PLANT03,PORT09,278,1.1941729919378825,1.0
1447183475.7,2023-08-12,PORT04,V444_0,2,DTP,3,0,V55555_4,1650568,PLANT03,PORT09,773,3.38,2.0
1447181109.7,2023-06-20,PORT04,V444_0,2,DTP,0,0,V5555_36,1682679,PLANT03,PORT09,1263,2.0878244450349084,2.0
1447174175.7,2023-10-04,PORT04,V444_0,2,DTP,5,0,V55555555_7,1687353,PLANT12,PORT09,405,35.4036231884058,2.0
1447163937.7,2023-05-21,PORT04,V444_0,2,DTP,3,0,V555555_6,1699952,PLANT03,PORT09,1266,33.8800590160208,2.0
1447163035.7,2023-02-17,PORT04,V444_0,2,DTP,0,0,V555555555_14,1693618,PLANT03,PORT09,4255,38.44466211829831,2.0
1447417775.7,2023-01-18,PORT04,V444_1,1,DTD,5,0,V55555555555555_8,1689541,PLANT03,PORT09,343,11.064098808341601,1.0
1447415840.7,2023-06-14,PORT04,V444_1,1,DTD,0,0,V55555555555555_8,1688290,PLANT03,PORT09,300,2.985112034466136,1.0
1447405864.7,2023-12-09,PORT04,V444_1,1,DTD,0,0,V5555555_22,1660579,PLANT03,PORT09,1228,83.87683536615275,1.0
1447369236.7,2023-12-14,PORT04,V444_0,2,DTP,0,0,V555555555_27,1677878,PLANT03,PORT09,2285,6.0,2.0
1447365769.7,2023-09-17,PORT04,V444_0,2,DTP,3,0,V555555_6,1649002,PLANT03,PORT09,355,1.714527902048505,2.0
1447362916.7,2023-09-19,PORT04,V444_1,1,DTD,0,0,V5555555_22,1682826,PLANT03,PORT09,991,52.95153590274863,1.0
1447355993.7,2023-03-28,PORT04,V444_1,1,DTD,5,0,V55555555555555_8,1688571,PLANT03,PORT09,290,1.937976685725102,1.0
1447352665.7,2023-06-24,PORT04,V444_0,2,DTP,0,0,V55555555_5,1687346,PLANT03,PORT09,3293,58.58,2.0
1447340488.7,2023-06-06,PORT04,V444_0,2,DTP,3,0,V55555555_5,1697072,PLANT03,PORT09,326,0.15455319278298807,2.0
1447306521.7,2023-06-12,PORT04,V444_0,2,DTP,0,0,V5555_33,1677891,PLANT03,PORT09,1520,3.9420952690355326,2.0
1447306505.7,2023-01-04,PORT04,V444_1,1,DTD,0,0,V5555555_22,1676565,PLANT03,PORT09,1399,15.98,1.0
1447302090.7,2023-07-23,PORT04,V444_0,2,DTP,3,0,V55555_2,1689033,PLANT03,PORT09,354,2.38,2.0
1447288444.7,2023-01-12,PORT04,V444_1,1,DTD,5,0,V55555555555555_8,1693747,PLANT03,PORT09,419,22.16,1.0
1447281737.7,2023-06-19,PORT09,V444_0,0,DTP,3,0,V555555_6,1696533,PLANT16,PORT09,370,749.4,0.0
1447281357.7,2023-07-30,PORT04,V444_0,2,DTP,3,0,V55555_4,1662395,PLANT03,PORT09,302,1.0102577034296756,2.0
1447237019.7,2023-10-10,PORT04,V444_1,1,DTD,5,0,V55555555555555_8,1689548,PLANT03,PORT09,752,37.23989381551083,1.0
1447234273.7,2023-06-21,PORT04,V444_1,1,DTD,1,0,V555555555555555555_17,1689146,PLANT03,PORT09,20238,27.54,1.0
1447225687.7,2023-03-11,PORT04,V444_0,2,DTP,0,0,V55555555555_28,1682210,PLANT03,PORT09,50314,37.21210234390743,2.0
1447184597.7,2023-03-08,PORT04,V44_3,0,CRF,3,0,V55555555_32,1699674,PLANT03,PORT09,11998,35.56648308300001,0.0
1447183421.7,2023-09-15,PORT04,V444_0,2,DTP,3,0,V55555_2,1687661,PLANT03,PORT09,332,2.1824000000000003,2.0
1447164216.7,2023-11-05,PORT04,V444_0,2,DTP,5,0,V55555555_7,1668545,PLANT03,PORT09,404,0.9931855150591821,2.0
1447146076.7,2023-07-15,PORT04,V444_1,1,DTD,0,0,V5555555_22,1676565,PLANT03,PORT09,875,8.58,1.0
1447137209.7,2023-03-01,PORT04,V444_0,2,DTP,0,0,V55_13,1663396,PLANT03,PORT09,1040,31.447454483840026,2.0
1447411288.7,2023-08-28,PORT04,V444_0,2,DTP,0,0,V55555555555_28,1666443,PLANT03,PORT09,6259,4.726985517688623,2.0
1447405986.7,2023-06-02,PORT04,V44_3,0,CRF,0,0,V555555555555555_29,1699417,PLANT03,PORT09,7282,16.511948909404474,0.64
1447340936.7,2023-05-16,PORT04,V444_0,2,DTP,0,0,V5555_33,1689544,PLANT03,PORT09,283,0.4290486309431002,2.0
1447334707.7,2023-11-11,PORT04,V444_0,2,DTP,0,0,V5555_33,1688288,PLANT03,PORT09,303,1.2792258962010212,2.0
1447323152.7,2023-09-01,PORT04,V444_0,2,DTP,0,0,V5555555_30,1666295,PLANT03,PORT09,1314,11.44,2.0
1447321351.7,2023-05-12,PORT04,V444_0,2,DTP,0,0,V555555555_14,1669409,PLANT03,PORT09,815,4.42746367537454,2.0
1447320026.7,2023-03-14,PORT04,V444_0,2,DTP,0,0,V555555555_14,1669409,PLANT03,PORT09,826,4.42746367537454,2.0
1447306372.7,2023-04-27,PORT04,V444_1,1,DTD,0,0,V5555555_22,1683636,PLANT03,PORT09,365,3.4298361329073916,1.0
1447304503.7,2023-07-19,PORT04,V444_0,2,DTP,0,0,V555555555555555_29,1689544,PLANT03,PORT09,366,5.363107886788752,2.0
1447300221.7,2023-10-20,PORT04,V444_0,2,DTP,5,0,V55555555_7,1669409,PLANT03,PORT09,2835,17.7,2.0
1447291995.7,2023-07-23,PORT04,V444_0,2,DTP,3,0,V55555555_5,1650404,PLANT12,PORT09,317,2.9023909120125158,2.0
1447290443.7,2023-02-10,PORT04,V444_0,2,DTP,0,0,V555555555_27,1655818,PLANT03,PORT09,2277,6.1,2.0
1447287556.7,2023-08-26,PORT04,V444_0,2,DTP,0,0,V555555555_14,1696746,PLANT03,PORT09,399,5.214929426945457,2.0
1447283725.7,2023-08-29,PORT04,V444_0,2,DTP,3,0,V5555555_22,1683200,PLANT03,PORT09,432,3.645950176366842,2.0
1447275592.7,2023-11-24,PORT04,V444_0,2,DTP,0,0,V55_13,1684703,PLANT03,PORT09,344,0.6796869668150228,2.0
1447265535.7,2023-07-28,PORT04,V444_0,2,DTP,0,0,V55555555555_28,1666524,PLANT03,PORT09,50251,27.597459183281,2.0
1447243115.7,2023-01-12,PORT04,V444_1,2,DTD,5,0,V55555555555555_8,1666961,PLANT12,PORT09,366,25.6,2.0
1447219820.7,2023-02-19,PORT04,V444_1,1,DTD,0,0,V555555555555555555_45,1689549,PLANT03,PORT09,339,1.1501225268627402,1.0
1447212846.7,2023-09-08,PORT04,V444_0,2,DTP,0,0,V55555_26,1662274,PLANT03,PORT09,322,0.8306306306306305,2.0
1447187226.7,2023-12-31,PORT04,V444_0,2,DTP,3,0,V555555_6,1656350,PLANT03,PORT09,331,5.347853990105246,2.0
1447183513.7,2023-10-04,PORT04,V444_0,2,DTP,3,0,V55555_2,1655982,PLANT03,PORT09,776,3.8367073782834202,2.0
1447183401.7,2023-11-20,PORT04,V444_0,2,DTP,3,1,V555_15,1682832,PLANT03,PORT09,500,18.806450367323496,2.0
1447172435.7,2023-12-10,PORT04,V444_0,2,DTP,3,0,V55555_2,1655818,PLANT03,PORT09,381,0.3219311267693979,2.0
1447165435.7,2023-03-05,PORT04,V444_0,2,DTP,3,0,V5555555_22,1697872,PLANT03,PORT09,248,0.021034579838720268,2.0
1447154918.7,2023-04-17,PORT04,V444_1,1,DTD,3,0,V5555_20,1699948,PLANT03,PORT09,316,1.8805797903776449,1.0
1447152991.7,2023-12-14,PORT04,V444_0,2,DTP,3,0,V55555555_5,1692109,PLANT03,PORT09,517,1.5188559303803602,2.0
1447400493.7,2023-12-24,PORT04,V444_0,2,DTP,3,0,V5555555_12,1644200,PLANT03,PORT09,305,2.0009813542688915,2.0
1447399899.7,2023-05-22,PORT04,V44_3,0,CRF,3,0,V55555555_32,1699380,PLANT03,PORT09,5292,6.142790697674418,0.0
1447399894.7,2023-10-03,PORT04,V44_3,4,CRF,0,0,V555555555555555_29,1699561,PLANT03,PORT09,10295,8.716372159062498,2.04
1447389091.7,2023-08-12,PORT04,V444_0,2,DTP,3,0,V5555555_22,1683200,PLANT03,PORT09,775,12.222988315696645,2.0
1447385903.7,2023-04-11,PORT04,V444_0,2,DTP,3,0,V55555_2,1664051,PLANT03,PORT09,20256,258.76,2.0
1447373421.7,2023-07-28,PORT04,V444_0,2,DTP,3,0,V55555_2,1658528,PLANT03,PORT09,415,1.3041977560886615,2.0
1447355321.7,2023-03-06,PORT04,V444_1,1,DTD,5,0,V55555555555555_8,1688575,PLANT03,PORT09,343,9.043409286184646,1.0
1447329590.7,2023-03-06,PORT04,V444_0,2,DTP,0,0,V5555_33,1682772,PLANT03,PORT09,307,0.48508663366336646,2.0
1447323157.7,2023-02-18,PORT04,V444_0,2,DTP,3,0,V5555555_12,1620510,PLANT03,PORT09,274,0.18300230946882218,2.0
1447317053.7,2023-12-01,PORT04,V444_0,2,DTP,0,0,V55555555_5,1689548,PLANT03,PORT09,2369,163.93876676728422,2.0
1447308840.7,2023-12-10,PORT04,V444_0,2,DTP,0,0,V555555555555555_29,1682760,PLANT03,PORT09,340,4.2701211340017595,2.0
1447302781.7,2023-02-13,PORT04,V444_0,2,DTP,0,0,V5555555_30,1668346,PLANT03,PORT09,333,4.04,2.0
1447296438.7,2023-10-30,PORT04,V444_0,2,DTP,0,0,V5555555_30,1677889,PLANT03,PORT09,296,0.20240568481827825,2.0
1447293769.7,2023-04-24,PORT04,V444_1,1,DTD,5,0,V55555555555555_8,1690616,PLANT03,PORT09,268,0.9427008965683155,1.0
1447284659.7,2023-05-29,PORT04,V444_1,1,DTD,5,0,V55555555555555_8,1688589,PLANT03,PORT09,294,4.567551104150948,1.0
1447282652.7,2023-02-28,PORT04,V444_0,2,DTP,0,0,V555555555555555_29,1688589,PLANT03,PORT09,369,4.567551104150948,2.0
1447278593.7,2023-10-17,PORT04,V444_1,1,DTD,5,0,V55555555555555_8,1651298,PLANT03,PORT09,4313,8.84,1.0
1447252590.7,2023-03-18,PORT04,V444_1,1,DTD,5,0,V55555555555555_8,1688294,PLANT03,PORT09,247,1.1444659118349265,1.0
1447244450.7,2023-04-25,PORT04,V444_0,2,DTP,0,0,V555555555_14,1680210,PLANT03,PORT09,1241,1.9798238057956454,2.0
1447234948.7,2023-07-01,PORT04,V44_3,0,CRF,0,0,V5555555_30,1699184,PLANT03,PORT09,1314,6.373333333333333,0.0
1447232861.7,2023-01-31,PORT04,V444_0,2,DTP,3,0,V55555_2,1666507,PLANT03,PORT09,323,0.6901522842639594,2.0
1447212021.7,2023-10-27,PORT04,V444_0,3,DTP,0,0,V55555555_5,1661099,PLANT03,PORT09,121278,204.22642838741072,2.9
1447209557.7,2023-10-12,PORT04,V444_1,1,DTD,3,0,V5555555_19,1697080,PLANT03,PORT09,677,2.54808573397837,1.0
1447204323.7,2023-09-03,PORT04,V444_0,2,DTP,3,0,V55555_2,1666954,PLANT03,PORT09,1279,11.08,2.0
1447200760.7,2023-11-06,PORT04,V444_0,2,DTP,0,0,V55555555_5,1672707,PLANT03,PORT09,239,0.15686241255034986,2.0
1447187181.7,2023-07-17,PORT04,V444_0,2,DTP,0,0,V5555_33,1688290,PLANT03,PORT09,289,1.1940448137864546,2.0
1447184599.7,2023-07-29,PORT04,V44_3,0,CRF,3,0,V55555555_32,1699268,PLANT03,PORT09,1518,2.653359698893519,0.0
1447184518.7,2023-02-04,PORT04,V444_0,2,DTP,3,0,V55555_2,1675654,PLANT03,PORT09,358,0.7088663711209627,2.0
1447183478.7,2023-05-18,PORT04,V444_0,2,DTP,0,0,V55555_4,1699952,PLANT03,PORT09,395,4.241206786842392,2.0
1447178422.7,2023-05-17,PORT04,V444_0,2,DTP,3,0,V555555_6,1697081,PLANT03,PORT09,800,4.481774677531099,2.0
1447418344.7,2023-01-21,PORT04,V444_0,2,DTP,5,0,V55555555_7,1668547,PLANT03,PORT09,635,3.1865723478306665,2.0
1447413740.7,2023-05-15,PORT04,V444_1,1,DTD,5,0,V55555555555555_8,1689541,PLANT03,PORT09,440,30.720000000000002,1.0
1447408599.7,2023-01-25,PORT04,V444_0,2,DTP,5,0,V55555555_7,1689547,PLANT03,PORT09,846,46.191763123882964,2.0
1447391484.7,2023-09-23,PORT04,V444_0,2,DTP,3,0,V555555555_3,1688629,PLANT03,PORT09,758,40.84132766957024,2.0
1447387136.7,2023-05-25,PORT04,V444_1,1,DTD,5,0,V55555555555555_8,1689547,PLANT03,PORT09,434,7.198627187313828,1.0
1447371870.7,2023-07-18,PORT04,V444_0,2,DTP,0,0,V555555555_14,1683191,PLANT03,PORT09,337,1.1986109418788844,2.0
1447366215.7,2023-07-06,PORT04,V444_0,2,DTP,0,0,V55555555_5,1652883,PLANT13,PORT09,352,16.1770481965178,2.0
1447353010.7,2023-10-01,PORT04,V444_1,1,DTD,0,0,V5555555_22,1644308,PLANT03,PORT09,447,7.7373369491035575,1.0
1447320236.7,2023-02-28,PORT09,V44_3,1,CRF,3,0,V55555_53,1700035,PLANT16,PORT09,2233,31.26,1.0
1447318620.7,2023-01-23,PORT04,V444_1,2,DTD,5,0,V55555555555555_8,1685329,PLANT12,PORT09,298,2.4,2.0
1447308851.7,2023-05-02,PORT04,V444_0,2,DTP,0,0,V555555555555555_29,1688571,PLANT03,PORT09,374,4.40449246755705,2.0
1447304578.7,2023-05-11,PORT04,V444_0,2,DTP,0,0,V55_13,1682784,PLANT03,PORT09,443,10.883811684314288,2.0
1447299587.7,2023-05-08,PORT04,V444_1,1,DTD,0,0,V5555555_22,1699553,PLANT03,PORT09,2394,8.704294509690282,1.0
1447280998.7,2023-12-02,PORT04,V444_0,2,DTP,0,0,V555555_24,1677878,PLANT03,PORT09,1122,3.1604099168896953,2.0
1447274948.7,2023-01-15,PORT04,V444_0,2,DTP,0,0,V5555_33,1675810,PLANT12,PORT09,328,1.4968242423223732,2.0
1447272939.7,2023-05-04,PORT04,V444_0,2,DTP,5,0,V55555555_7,1653969,PLANT13,PORT09,329,4.4,2.0
1447258700.7,2023-03-25,PORT04,V444_0,2,DTP,3,0,V55555_2,1655818,PLANT03,PORT09,490,0.6438622535387958,2.0
1447225587.7,2023-01-24,PORT04,V444_0,2,DTP,0,0,V555555555_27,1697444,PLANT03,PORT09,2279,8.68,2.0
1447214235.7,2023-08-02,PORT04,V444_0,2,DTP,0,0,V555555555555555_29,1688589,PLANT03,PORT09,331,4.567551104150948,2.0
1447206004.7,2023-03-29,PORT04,V444_0,2,DTP,0,0,V555555555_14,1691700,PLANT08,PORT09,4121,24.85986929883893,2.0
1447203023.7,2023-01-27,PORT04,V444_0,2,DTP,0,0,V5555_33,1689544,PLANT03,PORT09,297,0.4290486309431002,2.0
1447202432.7,2023-07-09,PORT09,V44_3,1,CRF,3,0,V55555_53,1696798,PLANT16,PORT09,1961,308.36,1.0
1447163970.7,2023-04-27,PORT04,V444_0,2,DTP,5,0,V55555555_7,1692956,PLANT03,PORT09,740,3.88,2.0
1447160937.7,2023-12-08,PORT04,V444_0,2,DTP,0,0,V55555555_5,1660583,PLANT03,PORT09,331,9.72,2.0
1447156492.7,2023-12-02,PORT04,V444_0,2,DTP,3,0,V5555555_22,1683199,PLANT03,PORT09,3278,56.61169823998604,2.0
1447149415.7,2023-06-30,PORT04,V444_0,2,DTP,0,0,V55555_26,1672722,PLANT03,PORT09,286,0.3832808365881315,2.0
1447137155.7,2023-09-15,PORT04,V444_0,2,DTP,3,0,V55555555_5,1695348,PLANT03,PORT09,438,0.7037787799905876,2.0
1447135953.7,2023-04-06,PORT04,V444_0,2,DTP,0,0,V55555_26,1683560,PLANT03,PORT09,39842,434.68696310564945,2.0
1447414290.7,2023-03-27,PORT04,V44_3,0,CRF,0,0,V5555555_12,1699792,PLANT03,PORT09,2788,1.86045082285107,0.0
1447405859.7,2023-05-24,PORT04,V444_1,1,DTD,0,0,V5555555_22,1656353,PLANT03,PORT09,375,2.664100651875833,1.0
1447395972.7,2023-10-05,PORT04,V444_1,2,DTD,3,0,V55555555_9,1679991,PLANT12,PORT09,243,2.2,2.0
1447394178.7,2023-02-25,PORT04,V444_0,2,DTP,3,0,V5555555_12,1673710,PLANT03,PORT09,379,3.603178066347109,2.0
1447392210.7,2023-10-27,PORT04,V444_0,2,DTP,3,0,V55555555_5,1700362,PLANT03,PORT09,327,5.700598322817802,2.0
1447371902.7,2023-10-23,PORT04,V444_0,2,DTP,0,0,V555555555_27,1676853,PLANT03,PORT09,695,1.0038176698428354,2.0
1447366450.7,2023-10-21,PORT04,V444_1,1,DTD,5,0,V55555555555555_8,1688589,PLANT03,PORT09,340,4.567551104150948,1.0
1447305021.7,2023-04-07,PORT04,V444_1,1,DTD,5,0,V55555555555555_8,1689546,PLANT03,PORT09,442,14.325088328602954,1.0
1447305007.7,2023-10-22,PORT04,V444_0,2,DTP,3,0,V55555_2,1689546,PLANT03,PORT09,700,35.481448739356644,2.0
1447292069.7,2023-03-03,PORT04,V444_0,2,DTP,0,0,V5555_33,1688629,PLANT03,PORT09,259,1.4349224854262477,2.0
1447283829.7,2023-09-05,PORT04,V444_0,2,DTP,3,0,V555555_6,1692109,PLANT03,PORT09,710,3.554122877090043,2.0
1447269557.7,2023-03-10,PORT04,V444_0,2,DTP,0,0,V555555555_27,1677878,PLANT03,PORT09,1037,2.6770531060712712,2.0
1447246951.7,2023-10-03,PORT04,V444_1,1,DTD,5,0,V55555555555555_8,1690614,PLANT03,PORT09,297,1.2585960349478138,1.0
1447243003.7,2023-07-27,PORT04,V444_1,1,DTD,5,0,V55555555555555_8,1688285,PLANT03,PORT09,353,5.863098349127606,1.0
1447242500.7,2023-04-06,PORT04,V444_0,2,DTP,3,0,V55555_4,1660153,PLANT03,PORT09,353,5.481909160892996,2.0
1447231070.7,2023-01-26,PORT04,V44_3,4,CRF,0,0,V555555555555555_29,1699537,PLANT03,PORT09,1183,2.1439751705945946,3.4
1447228697.7,2023-12-02,PORT04,V444_0,2,DTP,3,0,V5555555_22,1683200,PLANT03,PORT09,638,8.26,2.0
1447223685.7,2023-02-06,PORT04,V444_1,1,DTD,5,0,V55555555555555_8,1658528,PLANT03,PORT09,596,3.58,1.0
1447215338.7,2023-01-20,PORT04,V444_1,1,DTD,5,0,V55555555555555_8,1693747,PLANT03,PORT09,441,30.833096388967874,1.0
1447214230.7,2023-12-04,PORT04,V444_0,2,DTP,0,0,V555555555555555_29,1688589,PLANT03,PORT09,380,4.567551104150948,2.0
1447197177.7,2023-05-05,PORT04,V444_0,2,DTP,3,0,V555555_6,1697084,PLANT03,PORT09,2254,7.770050164986447,2.0
1447196646.7,2023-10-01,PORT04,V444_0,2,DTP,3,0,V5555555_22,1683200,PLANT03,PORT09,1048,16.439999999999998,2.0
1447184436.7,2023-04-16,PORT04,V444_0,2,DTP,0,0,V5555555555_1,1689457,PLANT12,PORT09,315,1.6711872496183728,2.0
1447149341.7,2023-09-10,PORT04,V444_0,2,DTP,0,0,V555555555_14,1696482,PLANT03,PORT09,514,3.16,2.0
1447148730.7,2023-11-30,PORT04,V444_1,1,DTD,5,0,V55555555555555_8,1690614,PLANT03,PORT09,339,3.1464900873695343,1.0
1447145170.7,2023-08-21,PORT04,V444_1,1,DTD,0,0,V5555555_22,1656246,PLANT03,PORT09,1327,4.096305732484077,1.0
1447418036.7,2023-11-14,PORT04,V444_0,2,DTP,3,0,V55555_2,1674853,PLANT03,PORT09,339,4.364985163204746,2.0
1447398541.7,2023-06-29,PORT04,V444_0,2,DTP,0,0,V555555555_27,1675615,PLANT03,PORT09,544,2.7420646387080194,2.0
1447389130.7,2023-03-25,PORT04,V44_3,2,CRF,3,0,V55555_2,1658532,PLANT03,PORT09,327,0.8192729619272964,2.0
1447373431.7,2023-02-12,PORT04,V444_0,2,DTP,3,0,V55555_2,1666954,PLANT03,PORT09,472,2.05873573732608,2.0
1447372971.7,2023-05-05,PORT04,V444_0,2,DTP,0,0,V5555_33,1688571,PLANT03,PORT09,260,0.264269548053423,2.0
1447367667.7,2023-05-04,PORT04,V444_0,2,DTP,0,0,V555555555_14,1696263,PLANT08,PORT09,3146,16.227057749489532,2.0
1447360916.7,2023-03-01,PORT04,V444_0,2,DTP,3,0,V555555_6,1682802,PLANT03,PORT09,1288,81.48617338236052,2.0
1447355132.7,2023-03-23,PORT04,V444_0,2,DTP,3,0,V555555_6,1651302,PLANT03,PORT09,1328,4.1,2.0
1447350347.7,2023-10-20,PORT04,V44_3,0,CRF,0,0,V5555555_12,1699670,PLANT03,PORT09,2038,5.047800088001138,0.0
1447346490.7,2023-04-03,PORT04,V444_0,2,DTP,0,0,V55555_26,1667817,PLANT03,PORT09,671,5.8978600823045255,2.0
1447313982.7,2023-11-15,PORT04,V444_0,2,DTP,3,0,V55555_2,1651302,PLANT03,PORT09,1005,3.62,2.0
1447305231.7,2023-02-18,PORT04,V444_0,2,DTP,0,0,V55555555_5,1675615,PLANT03,PORT09,10257,83.16,2.01
1447304581.7,2023-03-07,PORT04,V444_0,2,DTP,0,0,V55_13,1663396,PLANT03,PORT09,3023,133.07425528002526,2.0
1447289952.7,2023-01-23,PORT04,V44_3,4,CRF,0,0,V555555555555_31,1684560,PLANT03,PORT09,3313,1.3371930688561289,4.0
1447283476.7,2023-10-20,PORT04,V444_1,2,DTD,0,0,V555555_11,1686762,PLANT12,PORT09,490,41.6,2.0
1447269760.7,2023-07-01,PORT04,V444_0,2,DTP,0,0,V555555555_27,1675615,PLANT03,PORT09,1316,9.119576266154736,2.0
1447246440.7,2023-06-17,PORT04,V444_0,2,DTP,0,0,V5555_33,1688290,PLANT03,PORT09,239,0.19900746896440907,2.0
1447237093.7,2023-06-30,PORT04,V444_0,2,DTP,0,0,V555555555_27,1696482,PLANT03,PORT09,333,0.05078071475721513,2.0
1447236170.7,2023-03-23,PORT04,V444_0,2,DTP,0,0,V555555555555555_29,1688571,PLANT03,PORT09,355,4.40449246755705,2.0
1447231061.7,2023-11-30,PORT04,V444_1,1,DTD,1,0,V555555555555555555_17,1699772,PLANT03,PORT09,496,2.3197792534722783,1.0
1447222994.7,2023-11-16,PORT04,V444_0,2,DTP,0,0,V5555_33,1689549,PLANT03,PORT09,338,0.38337417562091336,2.0
1447214227.7,2023-05-02,PORT04,V444_0,2,DTP,0,0,V555555555555555_29,1689548,PLANT03,PORT09,438,15.895957526204334,2.0
1447211851.7,2023-10-07,PORT04,V444_1,1,DTD,5,0,V55555555555555_8,1688629,PLANT03,PORT09,336,8.968265533914048,1.0
1447209775.7,2023-01-08,PORT04,V444_1,1,DTD,5,0,V55555555555555_8,1689551,PLANT03,PORT09,353,3.731790599805883,1.0
1447184438.7,2023-09-25,PORT04,V444_0,2,DTP,0,0,V5555555555_1,1666994,PLANT12,PORT09,318,1.1095990951829953,2.0
1447184437.7,2023-11-06,PORT04,V444_0,2,DTP,0,0,V5555555555_1,1666957,PLANT12,PORT09,259,0.5347826086956522,2.0
1447168957.7,2023-11-27,PORT04,V444_1,1,DTD,1,0,V555555555555555555_17,1689146,PLANT03,PORT09,20307,31.86,1.0
1447164685.7,2023-04-20,PORT04,V444_0,2,DTP,0,0,V555555555555555_29,1680246,PLANT12,PORT09,263,2.5435559554383236,2.0
1447149361.7,2023-07-01,PORT04,V444_0,2,DTP,5,0,V55555555_7,1682757,PLANT03,PORT09,265,0.3340982340747597,2.0
1447141582.7,2023-07-27,PORT04,V444_0,2,DTP,0,0,V55_13,1658532,PLANT03,PORT09,286,0.4096364809636482,2.0
1447410407.7,2023-02-15,PORT04,V44_3,0,CRF,3,0,V55555555_32,1699548,PLANT03,PORT09,14276,23.182953847503462,0.0
1447398732.7,2023-08-12,PORT04,V44_3,0,CRF,3,0,V55555555_32,1699539,PLANT03,PORT09,3866,12.622974045385828,0.0
1447383187.7,2023-02-11,PORT04,V444_0,2,DTP,3,0,V555555_6,1660885,PLANT03,PORT09,326,0.17650607485297343,2.0
1447377764.7,2023-05-04,PORT04,V444_0,2,DTP,0,0,V555555_24,1672722,PLANT03,PORT09,449,16.33123346352526,2.0
1447371647.7,2023-09-21,PORT04,V444_0,2,DTP,3,0,V5555555_12,1660577,PLANT03,PORT09,249,0.865,2.0
1447371387.7,2023-11-19,PORT04,V44_3,0,CRF,3,0,V55555555_32,1699548,PLANT03,PORT09,8331,11.104545055716265,0.0
1447370095.7,2023-12-29,PORT04,V444_0,2,DTP,0,0,V55555555_5,1655818,PLANT03,PORT09,2249,6.06,2.0
1447360918.7,2023-05-21,PORT04,V444_0,2,DTP,0,0,V55555555_5,1689546,PLANT03,PORT09,952,51.637809150110336,2.0
1447359553.7,2023-06-18,PORT04,V44_3,0,CRF,0,0,V5555555_30,1699552,PLANT03,PORT09,2372,6.04514509459611,0.0
1447352528.7,2023-11-28,PORT04,V444_0,2,DTP,3,0,V55555555_0,1690092,PLANT03,PORT09,406,1.4633333333333332,2.0
1447343380.7,2023-05-27,PORT04,V44_3,0,CRF,3,0,V55555555_32,1699315,PLANT03,PORT09,11033,28.41700919082188,0.0
1447334360.7,2023-06-11,PORT04,V444_0,2,DTP,3,0,V555555_6,1651302,PLANT03,PORT09,1239,4.06,2.0
1447332269.7,2023-12-27,PORT04,V444_0,2,DTP,3,0,V555555_6,1660551,PLANT03,PORT09,519,18.42,2.0
1447308929.7,2023-05-14,PORT04,V44_3,2,CRF,3,0,V55555_2,1672091,PLANT03,PORT09,297,7.869542126718422,2.0
1447304746.7,2023-11-07,PORT04,V444_0,2,DTP,3,0,V555555_6,1697067,PLANT03,PORT09,497,1.3717294179339277,2.0
1447283037.7,2023-06-16,PORT04,V444_0,2,DTP,0,0,V55555_26,1677891,PLANT03,PORT09,1328,3.307126903553299,2.0
1447263398.7,2023-02-16,PORT04,V444_1,1,DTD,5,0,V55555555555555_8,1689541,PLANT03,PORT09,434,27.720000000000002,1.0
1447214882.7,2023-12-27,PORT04,V444_0,2,DTP,3,0,V555555_6,1695348,PLANT03,PORT09,1287,3.518893899952938,2.0
1447206403.7,2023-03-15,PORT04,V444_0,2,DTP,0,0,V55555_26,1699948,PLANT03,PORT09,2313,68.98525580272438,2.0
1447191825.7,2023-02-04,PORT04,V444_0,2,DTP,3,0,V55555555_5,1689788,PLANT03,PORT09,408,1.276195801405549,2.0
1447185807.7,2023-05-07,PORT04,V444_0,2,DTP,0,0,V55555_26,1660563,PLANT03,PORT09,329,0.12392072514979256,2.0
1447182478.7,2023-07-01,PORT04,V44_3,4,CRF,0,0,V555555555555555_29,1699371,PLANT03,PORT09,2249,1.9659022668196726,3.28
1447175821.7,2023-10-24,PORT04,V444_0,2,DTP,0,0,V555555555_14,1676853,PLANT03,PORT09,2252,5.283250893909661,2.0
1447159324.7,2023-08-15,PORT04,V444_0,2,DTP,3,0,V555555555_3,1682796,PLANT03,PORT09,324,0.7699029391007626,2.0
1447152323.7,2023-10-30,PORT04,V444_0,2,DTP,3,0,V555555_6,1667817,PLANT03,PORT09,652,5.8978600823045255,2.0
1447151665.7,2023-06-09,PORT04,V444_0,2,DTP,0,0,V5555_33,1688587,PLANT03,PORT09,429,11.313029906942258,2.0
1447403072.7,2023-04-06,PORT04,V444_0,2,DTP,0,0,V55555_4,1689541,PLANT03,PORT09,350,4.375695134061566,2.0
1447397659.7,2023-04-03,PORT04,V444_0,2,DTP,0,0,V555555555_27,1677692,PLANT03,PORT09,5317,375.00000000000006,2.0
1447389279.7,2023-08-23,PORT04,V444_0,2,DTP,0,0,V55555_26,1697086,PLANT03,PORT09,262,0.026528238126184104,2.0
1447344841.7,2023-11-19,PORT04,V444_1,1,DTD,3,0,V5555555_19,1697080,PLANT03,PORT09,1110,4.651737909704699,1.0
1447342346.7,2023-12-21,PORT04,V444_1,1,DTD,0,0,V555555555555555555_45,1700366,PLANT03,PORT09,295,2.8994706708436855,1.0
1447330515.7,2023-03-27,PORT04,V444_0,2,DTP,0,0,V555555555555555_29,1689780,PLANT03,PORT09,404,16.33530127222992,2.0
1447318095.7,2023-06-04,PORT04,V444_1,1,DTD,5,0,V55555555555555_8,1689546,PLANT03,PORT09,495,19.156360410753692,1.0
1447286433.7,2023-12-09,PORT04,V44_3,4,CRF,0,0,V555555555555555_29,1699567,PLANT03,PORT09,10240,8.218128182396477,2.8
1447266986.7,2023-05-08,PORT04,V444_0,2,DTP,3,0,V55555_2,1674853,PLANT03,PORT09,262,0.5237982195845695,2.0
1447259916.7,2023-03-31,PORT04,V444_1,1,DTD,5,0,V55555555555555_8,1689545,PLANT03,PORT09,442,19.391342314353263,1.0
1447258855.7,2023-04-25,PORT04,V444_0,2,DTP,0,0,V555555555_14,1668547,PLANT03,PORT09,5412,37.8,2.0
1447258796.7,2023-06-25,PORT04,V444_0,2,DTP,3,0,V55555_2,1667817,PLANT03,PORT09,1411,17.52,2.0
1447241517.7,2023-02-01,PORT04,V44_3,2,CRF,3,0,V55555_2,1682763,PLANT03,PORT09,317,1.485340095736469,2.0
1447231067.7,2023-10-01,PORT04,V44_3,4,CRF,0,0,V555555555555555_29,1699540,PLANT03,PORT09,5120,8.615247600674085,3.4
1447227135.7,2023-01-18,PORT04,V444_0,2,DTP,0,0,V555555555_27,1695348,PLANT03,PORT09,777,1.9072404937744925,2.0
1447202439.7,2023-05-31,PORT09,V44_3,1,CRF,3,0,V55555_53,1697317,PLANT16,PORT09,1230,195.56,1.0
1447167294.7,2023-02-18,PORT04,V444_0,2,DTP,3,0,V55555_2,1696752,PLANT03,PORT09,342,1.091066460587326,2.0
1447165018.7,2023-06-26,PORT04,V444_0,2,DTP,3,0,V555555_6,1697083,PLANT03,PORT09,905,6.281373491669506,2.0
1447163912.7,2023-12-13,PORT04,V444_0,2,DTP,0,0,V555555555_27,1683203,PLANT03,PORT09,235,0.02146828511453865,2.0
1447152638.7,2023-04-11,PORT04,V444_1,1,DTD,0,0,V5555555_22,1683203,PLANT03,PORT09,412,2.3615113625992517,1.0
1447145256.7,2023-07-26,PORT04,V444_1,1,DTD,0,0,V5555555_22,1680915,PLANT03,PORT09,581,6.68,1.0
1447418491.7,2023-06-22,PORT04,V444_0,2,DTP,5,0,V55555555_7,1668545,PLANT03,PORT09,399,1.0565803351693426,2.0
1447382068.7,2023-01-27,PORT04,V444_1,1,DTD,0,0,V5555555_22,1656348,PLANT03,PORT09,378,2.6932450691101346,1.0
1447377499.7,2023-08-27,PORT04,V444_0,2,DTP,0,0,V5555_36,1682681,PLANT03,PORT09,30323,59.74722150259445,2.0
1447360508.7,2023-11-15,PORT04,V444_1,1,DTD,3,0,V5555555_19,1692108,PLANT03,PORT09,263,0.05919844303429352,1.0
1447356013.7,2023-04-11,PORT04,V444_0,2,DTP,0,0,V555555_24,1689145,PLANT03,PORT09,808,1.7884596806469868,2.0
1447326051.7,2023-05-28,PORT04,V444_0,2,DTP,0,0,V555555555_14,1696747,PLANT03,PORT09,1324,52.03271543820317,2.0
1447313086.7,2023-10-21,PORT04,V444_0,3,DTD,0,0,V555555555555555555_42,1671426,PLANT03,PORT09,24315,16.353116159514066,3.0
1447310434.7,2023-03-10,PORT04,V444_0,2,DTP,3,0,V55555_4,1675655,PLANT03,PORT09,326,0.13667448064020687,2.0
1447305010.7,2023-08-16,PORT04,V44_3,2,CRF,3,0,V55555_2,1696748,PLANT03,PORT09,317,0.3585053173751017,2.0
1447301173.7,2023-07-19,PORT04,V444_0,2,DTP,3,0,V555555_6,1670215,PLANT03,PORT09,626,2.8105342138206604,2.0
1447296393.7,2023-07-25,PORT04,V444_1,1,DTD,0,0,V5555555_22,1699799,PLANT03,PORT09,2797,2.0957958942676056,1.0
1447280295.7,2023-05-08,PORT04,V444_0,2,DTP,3,0,V555555555_3,1655985,PLANT12,PORT09,261,0.5222777835568132,2.0
1447265620.7,2023-02-25,PORT04,V444_0,2,DTP,5,0,V55555555_7,1660585,PLANT03,PORT09,272,0.40444426263039457,2.0
1447231563.7,2023-06-08,PORT04,V444_0,2,DTP,3,1,V555_15,1689548,PLANT03,PORT09,521,18.80066924381418,2.0
1447227072.7,2023-12-16,PORT04,V444_0,2,DTP,0,0,V55555_4,1699951,PLANT03,PORT09,381,1.891598937860139,2.0
1447203789.7,2023-02-23,PORT04,V444_0,2,DTP,3,0,V555555_6,1695346,PLANT03,PORT09,1366,4.299407919526202,2.0
1447200754.7,2023-02-24,PORT04,V444_0,2,DTP,0,0,V555555555555555_29,1688575,PLANT03,PORT09,296,4.521704643092323,2.0
1447167185.7,2023-03-19,PORT04,V444_0,2,DTP,0,0,V55_13,1684703,PLANT03,PORT09,1149,10.4,2.0
1447163362.7,2023-04-19,PORT04,V444_0,2,DTP,3,0,V555555_6,1695345,PLANT03,PORT09,1285,3.7719154386789415,2.0
1447162917.7,2023-10-09,PORT04,V444_0,2,DTP,0,0,V555555555_27,1677891,PLANT03,PORT09,849,1.9842761421319794,2.0
1447153543.7,2023-12-14,PORT04,V444_0,2,DTP,0,0,V555555555_14,1669409,PLANT03,PORT09,1274,7.92,2.0
1447141581.7,2023-08-24,PORT04,V444_0,2,DTP,0,0,V55_13,1658532,PLANT03,PORT09,558,3.36,2.0
1447419378.7,2023-05-26,PORT04,V444_1,1,DTD,0,0,V5555555_22,1672676,PLANT03,PORT09,380,2.3666975178796807,1.0
1447414945.7,2023-02-09,PORT04,V444_1,1,DTD,0,0,V5555555_22,1684709,PLANT03,PORT09,263,0.19567567567567565,1.0
1447364796.7,2023-02-14,PORT04,V444_0,2,DTP,0,0,V55555555555_28,1676592,PLANT03,PORT09,17822,9.08,2.0
1447329265.7,2023-12-02,PORT04,V44_3,0,CRF,3,0,V55555555_32,1699539,PLANT03,PORT09,1202,2.905743511346457,0.0
1447325845.7,2023-06-20,PORT04,V444_1,1,DTD,5,0,V55555555555555_8,1693747,PLANT03,PORT09,473,29.98,1.0
1447325843.7,2023-08-13,PORT04,V444_0,2,DTP,3,0,V55555_4,1651126,PLANT03,PORT09,320,5.28,2.0
1447323881.7,2023-01-03,PORT04,V444_0,2,DTP,3,0,V555555_6,1660578,PLANT03,PORT09,708,41.86,2.0
1447311670.7,2023-01-10,PORT04,V444_1,2,DTD,5,0,V55555555555555_8,1680245,PLANT12,PORT09,306,31.927536231884055,2.0
1447305782.7,2023-08-17,PORT04,V44_3,0,CRF,3,0,V55555555_32,1699239,PLANT03,PORT09,2758,2.336889851,0.0
1447302783.7,2023-07-18,PORT04,V444_0,2,DTP,0,0,V55555_26,1666295,PLANT03,PORT09,544,2.717667908752159,2.0
1447289695.7,2023-12-01,PORT04,V444_0,2,DTP,3,0,V55555_2,1672722,PLANT03,PORT09,283,1.4564671790348998,2.0
1447275927.7,2023-03-29,PORT04,V444_0,2,DTP,3,0,V55555_2,1689033,PLANT03,PORT09,727,8.02,2.0
1447254111.7,2023-08-08,PORT04,V444_1,1,DTD,5,0,V55555555555555_8,1689547,PLANT03,PORT09,675,27.79450874925531,1.0
1447251211.7,2023-08-01,PORT04,V444_0,2,DTP,3,0,V555555_6,1672085,PLANT03,PORT09,338,1.416817313621575,2.0
1447245580.7,2023-06-08,PORT04,V444_0,2,DTP,3,0,V555555_6,1667817,PLANT03,PORT09,606,5.8978600823045255,2.0
1447242895.7,2023-04-19,PORT04,V444_0,2,DTP,0,0,V55555555_5,1671942,PLANT03,PORT09,332,8.0,2.0
1447238385.7,2023-12-06,PORT04,V444_0,2,DTP,3,0,V555555_6,1660885,PLANT03,PORT09,456,1.7650607485297343,2.0
1447231453.7,2023-08-10,PORT04,V444_0,2,DTP,0,0,V55_13,1696758,PLANT03,PORT09,679,25.108931195431417,2.0
1447224310.7,2023-05-24,PORT04,V444_0,2,DTP,5,0,V55555555_7,1669409,PLANT03,PORT09,239,0.00885492735074908,2.0
1447221844.7,2023-08-19,PORT04,V444_0,2,DTP,0,0,V5555_33,1689548,PLANT03,PORT09,254,1.2661563897273684,2.0
1447206023.7,2023-11-17,PORT04,V444_0,2,DTP,0,0,V5555_33,1675810,PLANT12,PORT09,252,2.9936484846447464,2.0
1447196664.7,2023-11-28,PORT04,V444_0,2,DTP,0,0,V55_13,1668545,PLANT03,PORT09,388,1.2573305988515178,2.0
1447187883.7,2023-04-29,PORT04,V444_0,2,DTP,0,0,V5555_33,1688290,PLANT03,PORT09,373,5.373201662039045,2.0
1447187011.7,2023-09-10,PORT04,V444_0,2,DTP,0,0,V555555555_14,1693618,PLANT03,PORT09,4258,35.44466211829831,2.0
1447165074.7,2023-05-09,PORT04,V444_0,2,DTP,3,0,V555555_6,1697084,PLANT03,PORT09,3918,15.164801450770293,2.0
1447155222.7,2023-11-20,PORT04,V444_0,2,DTP,0,0,V5555_33,1689546,PLANT03,PORT09,244,0.3065017665720591,2.0
1447137153.7,2023-04-14,PORT04,V444_0,2,DTP,3,0,V55555555_5,1695348,PLANT03,PORT09,467,0.7037787799905876,2.0
1447405962.7,2023-11-07,PORT04,V44_3,0,CRF,0,0,V555555555555555_29,1699836,PLANT03,PORT09,3864,33.86,1.44
1447377249.7,2023-06-15,PORT04,V444_0,2,DTP,0,0,V55_13,1684703,PLANT03,PORT09,436,2.132351268439287,2.0
1447373504.7,2023-08-20,PORT04,V44_3,2,CRF,3,0,V55555_2,1651302,PLANT03,PORT09,880,3.5,2.0
1447373470.7,2023-01-15,PORT04,V444_0,2,DTP,3,0,V55555_2,1657475,PLANT03,PORT09,528,6.438260869565217,2.0
1447350296.7,2023-08-16,PORT04,V444_1,1,DTD,3,0,V5555555_19,1692108,PLANT03,PORT09,254,0.05919844303429352,1.0
1447344914.7,2023-09-03,PORT04,V444_1,1,DTD,5,0,V55555555555555_8,1690619,PLANT03,PORT09,330,0.1607541758836782,1.0
1447336328.7,2023-04-11,PORT04,V444_1,1,DTD,5,0,V55555555555555_8,1690628,PLANT03,PORT09,330,0.6924017705672101,1.0
1447335994.7,2023-12-10,PORT04,V444_1,1,DTD,0,0,V55555555555555_8,1700140,PLANT03,PORT09,45129,30.445801350599805,1.0
1447330513.7,2023-07-31,PORT04,V444_0,2,DTP,0,0,V555555555555555_29,1688621,PLANT03,PORT09,262,2.211425558445785,2.0
1447323934.7,2023-01-15,PORT04,V444_0,2,DTP,3,0,V55555555_0,1660885,PLANT03,PORT09,798,4.412651871324336,2.0
1447310547.7,2023-04-28,PORT04,V444_0,2,DTP,0,0,V5555555_30,1693618,PLANT03,PORT09,504,2.3066797270978987,2.0
1447292070.7,2023-07-20,PORT04,V444_0,2,DTP,0,0,V5555_33,1682709,PLANT03,PORT09,292,0.09677257858180445,2.0
1447291531.7,2023-05-21,PORT04,V444_0,2,DTP,0,0,V555555555_14,1696482,PLANT03,PORT09,478,3.1400000000000006,2.0
1447265564.7,2023-04-24,PORT04,V444_0,2,DTP,3,0,V55555_2,1668547,PLANT03,PORT09,355,0.7169787782618999,2.0
1447241002.7,2023-07-30,PORT09,V44_3,1,CRF,3,0,V55555_53,1699336,PLANT16,PORT09,729,60.8,1.0
1447240369.7,2023-06-03,PORT04,V444_1,1,DTD,5,0,V55555555555555_8,1688629,PLANT03,PORT09,604,25.904796601742145,1.0
1447224991.7,2023-08-01,PORT04,V444_0,2,DTP,0,0,V55555555_5,1652883,PLANT13,PORT09,803,203.75527934193113,2.0
1447211500.7,2023-02-08,PORT04,V444_1,1,DTD,5,0,V55555555555555_8,1688294,PLANT03,PORT09,294,0.6866795471009559,1.0
1447207676.7,2023-04-24,PORT04,V444_0,2,DTP,3,0,V555555_6,1677884,PLANT03,PORT09,371,0.4421247176398111,2.0
1447205763.7,2023-10-08,PORT04,V444_0,2,DTP,3,0,V555555_6,1696074,PLANT03,PORT09,600,2.4506449643663863,2.0
1447182719.7,2023-11-07,PORT04,V444_0,2,DTP,3,0,V555555_6,1677884,PLANT03,PORT09,650,2.94,2.0
1447174007.7,2023-08-11,PORT04,V444_0,2,DTP,3,0,V555555_6,1693626,PLANT03,PORT09,380,1.7698102520532426,2.0
1447162849.7,2023-02-11,PORT04,V444_0,2,DTP,0,0,V55555555555_28,1686463,PLANT03,PORT09,1782,2.709907546178714,2.0
1447159330.7,2023-05-07,PORT04,V444_0,2,DTP,3,0,V555555555_3,1689547,PLANT03,PORT09,697,28.79450874925531,2.0
1447143191.7,2023-12-11,PORT09,V44_3,1,CRF,3,0,V55555_53,1697317,PLANT16,PORT09,936,144.88,1.0
1447391408.7,2023-10-16,PORT04,V444_1,1,DTD,5,0,V55555555555555_8,1658532,PLANT03,PORT09,921,5.16,1.0
1447386758.7,2023-01-12,PORT04,V444_1,1,DTD,0,0,V5555555_22,1692948,PLANT03,PORT09,1544,5.664085497582335,1.0
1447384423.7,2023-05-24,PORT04,V444_0,2,DTP,0,0,V5555_33,1688285,PLANT03,PORT09,344,5.472225125852432,2.0
1447373501.7,2023-03-23,PORT04,V44_3,2,CRF,3,0,V55555_2,1688600,PLANT03,PORT09,270,3.2360248447204976,2.0
1447362763.7,2023-03-14,PORT04,V444_1,1,DTD,5,0,V55555555555555_8,1690628,PLANT03,PORT09,311,0.6924017705672101,1.0
1447319055.7,2023-12-12,PORT04,V444_0,2,DTP,0,0,V5555_33,1689543,PLANT03,PORT09,284,0.2450573565688278,2.0
1447302770.7,2023-09-18,PORT04,V444_0,2,DTP,0,0,V55555_26,1660563,PLANT03,PORT09,459,2.478414502995851,2.0
1447299068.7,2023-01-16,PORT04,V444_0,2,DTP,0,0,V5555_33,1688629,PLANT03,PORT09,242,0.7174612427131238,2.0
1447292186.7,2023-05-16,PORT04,V444_0,2,DTP,0,0,V555555_24,1668608,PLANT03,PORT09,803,11.28,2.0
1447285651.7,2023-03-07,PORT04,V444_0,2,DTP,3,0,V55555_2,1672085,PLANT03,PORT09,248,1.416817313621575,2.0
1447283764.7,2023-11-19,PORT04,V444_0,2,DTP,0,0,V55555_26,1651933,PLANT03,PORT09,307,0.24443609929949228,2.0
1447282163.7,2023-08-22,PORT04,V444_0,2,DTP,3,0,V555555555_3,1682793,PLANT03,PORT09,286,2.6981517010231486,2.0
1447281409.7,2023-12-02,PORT04,V444_0,2,DTP,5,0,V55555555_7,1680915,PLANT03,PORT09,364,0.908944467789491,2.0
1447245203.7,2023-06-28,PORT04,V444_1,1,DTD,0,0,V5555555_22,1660673,PLANT03,PORT09,898,32.20108563509298,1.0
1447245181.7,2023-02-15,PORT04,V444_1,1,DTD,0,0,V5555555_22,1672661,PLANT03,PORT09,920,13.731082897004356,1.0
1447242499.7,2023-04-24,PORT04,V444_0,2,DTP,0,0,V55555_26,1675654,PLANT03,PORT09,2278,16.06,2.0
1447203790.7,2023-02-22,PORT04,V444_1,1,DTD,3,0,V5555555_19,1689146,PLANT03,PORT09,6291,9.054185567010302,1.0
1447201210.7,2023-08-16,PORT04,V444_0,2,DTP,5,0,V55555555_7,1699670,PLANT03,PORT09,2117,5.047800088001138,2.0
1447187806.7,2023-10-25,PORT04,V444_0,2,DTP,0,0,V555555555555555_29,1689548,PLANT03,PORT09,384,7.447978763102167,2.0
1447182460.7,2023-01-24,PORT04,V44_3,4,CRF,0,0,V555555555555555_29,1699795,PLANT03,PORT09,6662,13.331346388291161,3.48
1447182374.7,2023-05-05,PORT04,V44_3,0,CRF,3,0,V55555555_32,1699690,PLANT03,PORT09,8660,16.81012325642857,0.0
1447181239.7,2023-12-19,PORT04,V444_0,2,DTP,0,0,V5555_33,1689547,PLANT03,PORT09,317,0.3599313593656914,2.0
1447159998.7,2023-12-14,PORT04,V444_1,1,DTD,5,0,V55555555555555_8,1688629,PLANT03,PORT09,469,16.936531067828096,1.0
1447158112.7,2023-10-23,PORT04,V444_0,2,DTP,3,0,V55555_2,1689547,PLANT03,PORT09,781,34.99313593656914,2.0
1447157082.7,2023-07-09,PORT09,V444_0,0,DTP,3,0,V555555_6,1692723,PLANT16,PORT09,334,1.654657427480829,0.0
1447144654.7,2023-08-27,PORT04,V444_0,2,DTP,0,0,V55555555_5,1688575,PLANT03,PORT09,780,48.21704643092323,2.0
1447395867.7,2023-09-07,PORT04,V444_1,1,DTD,0,0,V55555555555555_8,1688587,PLANT03,PORT09,263,1.8241525788062605,1.0
1447391565.7,2023-06-09,PORT04,V444_0,2,DTP,0,0,V55555555_5,1666958,PLANT12,PORT09,310,1.6747232472324725,2.0
1447386365.7,2023-07-30,PORT04,V444_0,2,DTP,3,1,V555_15,1672986,PLANT08,PORT09,740,3.042107920985247,2.0
1447385440.7,2023-04-24,PORT04,V444_0,2,DTP,0,0,V555555555_14,1694720,PLANT03,PORT09,2249,20.08,2.0
1447384180.7,2023-06-19,PORT04,V444_1,1,DTD,0,0,V55555555555555_8,1650904,PLANT03,PORT09,2469,32.5,1.0
1447350617.7,2023-05-09,PORT04,V444_0,2,DTP,0,0,V555555555_14,1669409,PLANT03,PORT09,745,4.42746367537454,2.0
1447345606.7,2023-10-06,PORT04,V444_0,2,DTP,3,0,V55555555_5,1674378,PLANT13,PORT09,277,7.307205710955708,2.0
1447334758.7,2023-08-28,PORT04,V444_0,2,DTP,3,0,V55555555_0,1677891,PLANT03,PORT09,276,0.06614253807106599,2.0
1447334668.7,2023-09-26,PORT04,V444_0,2,DTP,3,0,V55555_4,1658528,PLANT03,PORT09,406,2.149776521025266,2.0
1447323804.7,2023-09-17,PORT04,V444_0,2,DTP,0,0,V55555_26,1680210,PLANT03,PORT09,712,0.8909207126080404,2.0
1447288267.7,2023-09-02,PORT04,V444_0,2,DTP,3,0,V55555_4,1668607,PLANT03,PORT09,864,15.94,2.0
1447283683.7,2023-10-13,PORT04,V444_0,2,DTP,0,0,V55555_26,1680210,PLANT03,PORT09,422,0.19798238057956455,2.0
1447280408.7,2023-01-05,PORT04,V44_3,0,CRF,3,0,V55555555_32,1699574,PLANT03,PORT09,15414,24.984762487972343,0.0
1447274831.7,2023-10-27,PORT04,V444_0,2,DTP,0,0,V5555_33,1682709,PLANT03,PORT09,264,1.5483612573088712,2.0
1447269828.7,2023-04-08,PORT04,V444_1,1,DTD,0,0,V55555555555555_8,1689548,PLANT03,PORT09,736,34.23989381551083,1.0
1447269468.7,2023-06-23,PORT04,V44_3,4,CRF,0,0,V555555555555555_29,1699792,PLANT03,PORT09,42789,28.62766398846819,3.4
1447266647.7,2023-01-03,PORT04,V444_0,2,DTP,3,0,V55555555_5,1700140,PLANT03,PORT09,73113,56.09942719472468,2.0
1447265595.7,2023-02-14,PORT04,V444_0,2,DTP,3,0,V55555_4,1649002,PLANT03,PORT09,317,0.571509300682835,2.0
1447258690.7,2023-12-04,PORT04,V444_0,3,DTD,0,0,V555555555555555555_42,1671426,PLANT03,PORT09,6325,3.8382790398785165,3.0
1447257474.7,2023-12-14,PORT04,V444_0,2,DTP,3,0,V55555_2,1664051,PLANT03,PORT09,25263,331.3337241526327,2.02
1447251708.7,2023-05-10,PORT04,V444_0,2,DTP,3,0,V55555_4,1688633,PLANT03,PORT09,399,6.958823059233365,2.0
1447241407.7,2023-05-06,PORT04,V444_0,2,DTP,5,0,V55555555_7,1683419,PLANT03,PORT09,330,1.5767118335676482,2.0
1447226770.7,2023-06-29,PORT04,V444_0,2,DTP,0,0,V5555_33,1661119,PLANT12,PORT09,248,2.0576939831864633,2.0
1447224419.7,2023-07-01,PORT04,V444_0,2,DTP,5,0,V55555555_7,1669701,PLANT03,PORT09,892,6.11,2.0
1447207679.7,2023-03-18,PORT04,V444_0,2,DTP,3,0,V555555_6,1699948,PLANT03,PORT09,2235,63.98525580272438,2.0
1447194887.7,2023-05-25,PORT04,V444_0,2,DTP,0,0,V555555555_14,1694720,PLANT03,PORT09,1329,10.78,2.0
1447182373.7,2023-04-09,PORT04,V44_3,0,CRF,3,0,V55555555_32,1699515,PLANT03,PORT09,9838,16.598009234800003,0.0
1447174512.7,2023-06-20,PORT04,V444_1,1,DTD,5,0,V55555555555555_8,1689551,PLANT03,PORT09,351,5.970864959689413,1.0
1447166079.7,2023-06-30,PORT04,V444_0,3,DTP,0,0,V55555555_5,1684862,PLANT03,PORT09,469247,552.0,3.0
1447165474.7,2023-03-13,PORT04,V444_0,2,DTP,0,0,V55555_26,1655982,PLANT03,PORT09,372,0.7830015057721266,2.0
1447146919.7,2023-06-26,PORT04,V444_0,2,DTP,0,0,V55_37,1700366,PLANT03,PORT09,1511,165.9,2.0
1447133210.7,2023-09-03,PORT04,V444_0,2,DTP,0,0,V55555_26,1693230,PLANT03,PORT09,23601,129.26618224908992,2.02
1447421413.7,2023-10-29,PORT04,V444_1,1,DTD,0,0,V55555555555555_8,1688629,PLANT03,PORT09,436,13.452398300871073,1.0
1447418033.7,2023-11-14,PORT04,V444_0,2,DTP,3,0,V55555_2,1674853,PLANT03,PORT09,465,11.18,2.0
1447407039.7,2023-10-31,PORT04,V444_1,1,DTD,3,0,V5555555_19,1697080,PLANT03,PORT09,533,1.1851561553387768,1.0
1447403236.7,2023-12-06,PORT04,V444_0,2,DTP,0,0,V55555555_5,1655818,PLANT03,PORT09,2237,6.42,2.0
1447403033.7,2023-04-30,PORT04,V444_0,2,DTP,0,0,V555555555_27,1655754,PLANT03,PORT09,2312,5.2,2.0
1447392875.7,2023-08-15,PORT04,V44_3,4,CRF,0,0,V555555555555555_29,1699625,PLANT03,PORT09,9288,34.71832212379628,3.44
1447385931.7,2023-04-24,PORT04,V444_0,2,DTP,3,0,V55555_2,1669702,PLANT03,PORT09,301,0.8874606289308178,2.0
1447374837.7,2023-05-19,PORT04,V444_0,2,DTP,0,0,V55555555555_28,1676592,PLANT03,PORT09,49293,24.66,2.0
1447365954.7,2023-11-12,PORT04,V444_0,2,DTP,0,0,V555555555555555_29,1689544,PLANT03,PORT09,374,10.726215773577504,2.0
1447360422.7,2023-03-20,PORT04,V444_0,2,DTP,3,0,V55555555_5,1646393,PLANT13,PORT09,1255,195.23529411764707,2.0
1447329988.7,2023-11-16,PORT09,V444_0,0,DTP,3,0,V555555_6,1692723,PLANT16,PORT09,320,12.237259419846632,0.0
1447323835.7,2023-12-18,PORT04,V444_0,2,DTP,3,0,V55555_2,1669584,PLANT03,PORT09,612,4.13363401254597,2.0
1447320427.7,2023-09-16,PORT04,V444_1,1,DTD,0,0,V5555555_22,1692950,PLANT03,PORT09,972,4.380363928413702,1.0
1447313992.7,2023-01-30,PORT04,V444_0,2,DTP,0,0,V555555555_27,1656246,PLANT03,PORT09,1264,4.096305732484077,2.0
1447310710.7,2023-06-29,PORT04,V444_0,2,DTP,0,0,V5555_33,1682709,PLANT03,PORT09,340,2.322541885963307,2.0
1447308637.7,2023-10-23,PORT09,V44_3,1,CRF,3,0,V55555_53,1696799,PLANT16,PORT09,973,136.88,1.0
1447299063.7,2023-01-03,PORT04,V444_0,2,DTP,0,0,V5555_33,1688587,PLANT03,PORT09,275,1.0944915472837562,2.0
1447297185.7,2023-11-11,PORT04,V444_0,2,DTP,3,0,V555555555_3,1682832,PLANT03,PORT09,377,8.903225183661748,2.0
1447283823.7,2023-04-29,PORT04,V444_0,2,DTP,0,0,V5555_33,1688285,PLANT03,PORT09,317,1.1726196698255211,2.0
1447280415.7,2023-09-14,PORT04,V44_3,0,CRF,3,0,V55555555_32,1699574,PLANT03,PORT09,13690,21.208677767086527,0.0
1447216556.7,2023-03-15,PORT04,V444_1,1,DTD,5,0,V55555555555555_8,1658532,PLANT03,PORT09,1102,7.719999999999999,1.0
1447215339.7,2023-10-17,PORT04,V444_1,1,DTD,5,0,V55555555555555_8,1688571,PLANT03,PORT09,399,13.21347740267115,1.0
1447208164.7,2023-08-23,PORT04,V444_0,2,DTP,3,0,V55555_4,1676566,PLANT03,PORT09,404,1.196472897473987,2.0
1447191299.7,2023-06-10,PORT04,V444_0,2,DTP,0,0,V5555_33,1688629,PLANT03,PORT09,330,0.7174612427131238,2.0
1447187418.7,2023-08-08,PORT04,V444_0,2,DTP,0,0,V555555555_27,1699948,PLANT03,PORT09,1099,28.19614655368158,2.0
1447185190.7,2023-01-30,PORT04,V44_3,0,CRF,3,0,V55555555_32,1699842,PLANT03,PORT09,8662,17.660653161290323,0.0
1447167235.7,2023-06-30,PORT04,V444_0,2,DTP,3,0,V555555_6,1660563,PLANT03,PORT09,2891,21.78,2.0
1447159695.7,2023-01-29,PORT04,V444_0,2,DTP,0,0,V555555555_14,1681885,PLANT08,PORT09,1836,5.866213574062154,2.0
1447145989.7,2023-07-22,PORT04,V444_1,1,DTD,0,0,V5555555_22,1672676,PLANT03,PORT09,377,2.2622843920908715,1.0
1447141578.7,2023-05-20,PORT04,V444_0,2,DTP,0,0,V55_13,1677877,PLANT03,PORT09,2292,4.636129032258063,2.0
1447421283.7,2023-04-28,PORT04,V444_1,1,DTD,0,0,V55555555555555_8,1690614,PLANT03,PORT09,311,0.7551576209686882,1.0
1447419377.7,2023-03-24,PORT04,V444_1,1,DTD,0,0,V5555555_22,1672676,PLANT03,PORT09,279,0.27843500210349187,1.0
1447408990.7,2023-04-09,PORT04,V444_0,2,DTP,0,0,V5555_33,1689547,PLANT03,PORT09,269,1.7276705249553186,2.0
1447385489.7,2023-07-23,PORT04,V444_0,2,DTP,0,0,V5555_33,1689547,PLANT03,PORT09,267,0.8638352624776593,2.0
1447373519.7,2023-10-10,PORT04,V44_3,2,CRF,3,0,V55555_2,1674853,PLANT03,PORT09,290,3.7538872403560815,2.0
1447373442.7,2023-05-18,PORT04,V444_0,2,DTP,3,0,V55555_2,1680210,PLANT03,PORT09,320,0.059394714173869365,2.0
1447369446.7,2023-07-08,PORT04,V444_1,1,DTD,5,0,V55555555555555_8,1689550,PLANT03,PORT09,360,5.1112282684862445,1.0
1447365873.7,2023-03-26,PORT04,V444_1,1,DTD,3,0,V5555_20,1683558,PLANT03,PORT09,1316,6.4,1.0
1447365222.7,2023-10-23,PORT04,V444_1,2,DTD,5,0,V55555555555555_8,1686657,PLANT12,PORT09,326,7.349999999999999,2.0
1447364865.7,2023-03-12,PORT04,V444_1,1,DTD,5,0,V55555555555555_8,1693747,PLANT03,PORT09,334,15.416548194483937,1.0
1447350504.7,2023-04-17,PORT04,V444_1,1,DTD,5,0,V55555555555555_8,1688587,PLANT03,PORT09,393,7.296610315225042,1.0
1447334866.7,2023-02-16,PORT04,V444_0,2,DTP,0,0,V555555555555555_29,1688571,PLANT03,PORT09,344,4.40449246755705,2.0
1447322717.7,2023-11-21,PORT04,V444_0,2,DTP,0,0,V5555_33,1689548,PLANT03,PORT09,240,0.3723989381551084,2.0
1447319052.7,2023-07-23,PORT04,V444_0,2,DTP,0,0,V5555_33,1689546,PLANT03,PORT09,267,0.07662544164301477,2.0
1447318094.7,2023-11-26,PORT04,V444_1,1,DTD,5,0,V55555555555555_8,1689546,PLANT03,PORT09,511,19.390105994323545,1.0
1447283737.7,2023-03-02,PORT04,V444_0,2,DTP,0,0,V55555_26,1651302,PLANT03,PORT09,1261,4.04,2.0
1447283704.7,2023-07-15,PORT04,V444_0,2,DTP,3,0,V555555_6,1668545,PLANT03,PORT09,1757,13.78,2.0
1447283586.7,2023-04-20,PORT04,V444_0,2,DTP,3,0,V55555_2,1689031,PLANT03,PORT09,625,6.44,2.0
1447279016.7,2023-01-10,PORT04,V444_0,2,DTP,0,0,V5555_33,1688629,PLANT03,PORT09,334,1.0761918640696857,2.0
1447265470.7,2023-12-28,PORT04,V444_0,2,DTP,3,0,V55555555_5,1666994,PLANT12,PORT09,250,2.773997737957488,2.0
1447236165.7,2023-07-10,PORT04,V444_0,2,DTP,0,0,V555555555555555_29,1688571,PLANT03,PORT09,341,4.40449246755705,2.0
1447219196.7,2023-03-01,PORT04,V444_0,2,DTP,0,0,V555555555_14,1694720,PLANT03,PORT09,1290,12.8,2.0
1447209403.7,2023-08-24,PORT04,V444_0,2,DTP,3,0,V55555_4,1656246,PLANT03,PORT09,1235,4.096305732484077,2.0
1447204405.7,2023-07-12,PORT04,V444_0,2,DTP,5,0,V55555555_7,1699540,PLANT03,PORT09,14682,27.84574280202225,2.0
1447185792.7,2023-12-15,PORT04,V444_0,2,DTP,0,0,V55555_4,1699951,PLANT03,PORT09,424,3.783197875720278,2.0
1447174490.7,2023-04-17,PORT04,V444_1,1,DTD,5,0,V55555555555555_8,1688633,PLANT03,PORT09,472,17.556861491288974,1.0
1447168857.7,2023-09-25,PORT04,V444_1,1,DTD,0,0,V5555555_22,1656348,PLANT03,PORT09,692,15.551318302281102,1.0
1447165378.7,2023-11-27,PORT04,V444_0,2,DTP,3,0,V55555_2,1658528,PLANT03,PORT09,371,0.9602335127246189,2.0
1447159848.7,2023-09-17,PORT04,V444_0,2,DTP,0,0,V55555555555_28,1667927,PLANT03,PORT09,49239,27.51158926649526,2.0
1447152023.7,2023-05-09,PORT04,V444_1,1,DTD,5,0,V55555555555555_8,1688610,PLANT03,PORT09,398,11.387985243550595,1.0
1447146021.7,2023-06-25,PORT04,V444_1,1,DTD,0,0,V5555555_22,1692946,PLANT03,PORT09,943,3.441058415401349,1.0
1447407927.7,2023-02-28,PORT04,V444_0,2,DTP,3,0,V55555_4,1653588,PLANT03,PORT09,1213,93.22,2.0
1447396735.7,2023-10-22,PORT04,V444_0,2,DTP,0,0,V55555_26,1664067,PLANT03,PORT09,33908,283.9823451927486,2.0
1447373423.7,2023-03-26,PORT04,V444_0,2,DTP,3,0,V55555_2,1687346,PLANT03,PORT09,296,0.584398561890087,2.0
1447361209.7,2023-09-13,PORT04,V444_0,2,DTP,3,0,V555555555_3,1688629,PLANT03,PORT09,1497,116.61918640696858,2.0
1447346633.7,2023-11-16,PORT04,V444_0,2,DTP,0,0,V555555555_27,1696074,PLANT03,PORT09,589,2.6637445264852024,2.0
1447335992.7,2023-06-13,PORT04,V444_1,1,DTD,5,0,V55555555555555_8,1658528,PLANT03,PORT09,826,4.88,1.0
1447322225.7,2023-12-24,PORT04,V444_1,1,DTD,5,0,V55555555555555_8,1676563,PLANT03,PORT09,532,3.74,1.0
1447321349.7,2023-10-24,PORT04,V444_0,2,DTP,3,0,V55555_2,1687661,PLANT03,PORT09,347,1.0912000000000002,2.0
1447320215.7,2023-06-23,PORT04,V444_0,2,DTP,0,0,V5555_33,1683403,PLANT03,PORT09,332,0.7719908936754829,2.0
1447312455.7,2023-08-15,PORT04,V444_0,2,DTP,3,0,V55555_2,1664051,PLANT03,PORT09,10294,122.93348966105309,2.0
1447312168.7,2023-08-20,PORT04,V44_3,0,CRF,3,0,V55555555_32,1699792,PLANT03,PORT09,10307,7.44180329140428,0.0
1447306650.7,2023-09-17,PORT04,V444_1,1,DTD,0,0,V5555555_22,1672651,PLANT03,PORT09,1561,23.826484354775523,1.0
1447289406.7,2023-01-15,PORT04,V444_0,2,DTP,0,0,V55555_4,1695345,PLANT03,PORT09,3050,11.561363228301037,2.0
1447281335.7,2023-06-27,PORT04,V444_0,2,DTP,5,0,V55555555_7,1687346,PLANT03,PORT09,274,0.1252282632621615,2.0
1447260685.7,2023-04-10,PORT09,V44_3,1,CRF,3,0,V55555_53,1699337,PLANT16,PORT09,347,6.18,1.0
1447243117.7,2023-04-18,PORT04,V444_1,2,DTD,5,0,V55555555555555_8,1666961,PLANT12,PORT09,319,23.6,2.0
1447234960.7,2023-05-25,PORT04,V444_0,2,DTP,3,0,V55555_4,1660885,PLANT03,PORT09,688,3.1771093473535217,2.0
1447224213.7,2023-12-29,PORT04,V444_0,2,DTP,0,0,V5555_33,1675810,PLANT12,PORT09,305,4.49047272696712,2.0
1447216728.7,2023-10-08,PORT04,V444_0,2,DTP,0,0,V555555555_14,1676853,PLANT03,PORT09,2269,5.283250893909661,2.0
1447209553.7,2023-03-20,PORT04,V44_3,0,CRF,3,0,V55555555_32,1699697,PLANT03,PORT09,7786,4.961810615774775,0.0
1447204371.7,2023-07-18,PORT04,V444_0,2,DTP,3,0,V55555_2,1668545,PLANT03,PORT09,621,3.7199999999999998,2.0
1447196771.7,2023-03-07,PORT04,V444_0,2,DTP,3,0,V555555_6,1660578,PLANT03,PORT09,474,17.289594912207935,2.0
1447184614.7,2023-09-27,PORT04,V444_0,2,DTP,3,0,V555555_6,1651350,PLANT03,PORT09,434,6.9,2.0
1447160014.7,2023-10-19,PORT04,V444_1,1,DTD,5,0,V55555555555555_8,1688633,PLANT03,PORT09,452,12.91764611846673,1.0
1447157035.7,2023-06-20,PORT09,V444_0,0,DTP,3,0,V555555_6,1692708,PLANT16,PORT09,377,4.791903967763159,0.0
1447149290.7,2023-04-03,PORT04,V444_0,2,DTP,0,0,V55555_26,1664067,PLANT03,PORT09,16489,125.2414878607895,2.0
1447145979.7,2023-08-11,PORT04,V444_1,1,DTD,0,0,V5555555_22,1660677,PLANT03,PORT09,481,13.000388508235787,1.0
1447137167.7,2023-08-16,PORT04,V444_0,2,DTP,3,0,V55555555_5,1696074,PLANT03,PORT09,410,0.8879148421617342,2.0
1447394302.7,2023-12-17,PORT04,V444_0,2,DTP,0,0,V5555_33,1688571,PLANT03,PORT09,337,0.528539096106846,2.0
1447392837.7,2023-06-28,PORT04,V444_0,2,DTP,3,0,V555555_6,1667817,PLANT03,PORT09,672,5.8978600823045255,2.0
1447389466.7,2023-12-14,PORT04,V444_0,2,DTP,3,1,V555_15,1676853,PLANT03,PORT09,754,1.3049629707956862,2.0
1447383116.7,2023-05-16,PORT04,V444_1,1,DTD,0,0,V555555555555555555_45,1690619,PLANT03,PORT09,618,24.907470063424146,1.0
1447356193.7,2023-11-28,PORT04,V444_0,2,DTP,0,0,V555555555555555_29,1699993,PLANT03,PORT09,403,3.9361288440386453,2.0
1447325738.7,2023-05-03,PORT04,V444_0,2,DTP,3,0,V555555_6,1675615,PLANT03,PORT09,7331,48.88,2.0
1447238421.7,2023-09-06,PORT04,V444_0,2,DTP,0,0,V555555555_14,1696756,PLANT03,PORT09,359,6.74,2.0
1447224457.7,2023-04-03,PORT04,V444_0,2,DTP,5,0,V55555555_7,1660585,PLANT03,PORT09,320,0.7077774596031905,2.0
1447201493.7,2023-01-22,PORT04,V44_3,4,CRF,0,0,V555555555555_31,1684560,PLANT03,PORT09,6277,2.6743861377122577,4.0
1447200805.7,2023-05-29,PORT04,V444_1,1,DTD,0,0,V555555555555555555_45,1689545,PLANT03,PORT09,296,0.2265704701594807,1.0
1447185757.7,2023-08-12,PORT04,V444_0,2,DTP,0,0,V55555_26,1651299,PLANT03,PORT09,4295,12.84,2.0
1447175816.7,2023-08-28,PORT04,V444_0,2,DTP,0,0,V555555555_14,1668547,PLANT03,PORT09,5370,40.26,2.0
1447173722.7,2023-12-24,PORT04,V444_0,2,DTP,3,0,V55555_2,1658528,PLANT03,PORT09,413,1.4331843473501775,2.0
1447149782.7,2023-08-26,PORT04,V444_0,2,DTP,0,0,V5555_33,1689546,PLANT03,PORT09,322,1.0727561830022068,2.0
1447137158.7,2023-08-22,PORT04,V444_0,2,DTP,3,0,V55555555_5,1696074,PLANT03,PORT09,343,0.8879148421617342,2.0
1447423185.7,2023-08-19,PORT04,V444_0,2,DTP,5,0,V55555555_7,1675615,PLANT03,PORT09,639,3.5381479209135738,2.0
1447400467.7,2023-08-19,PORT04,V444_0,2,DTP,0,3,V555555555_27,1676942,PLANT03,PORT09,4266,6.622817869415807,2.0
1447382044.7,2023-05-01,PORT04,V444_1,1,DTD,0,0,V5555555_22,1676566,PLANT03,PORT09,1803,17.288824007716034,1.0
1447375233.7,2023-07-26,PORT04,V444_0,2,DTP,3,1,V555_15,1689469,PLANT03,PORT09,889,13.270683557327505,2.0
1447369956.7,2023-03-13,PORT04,V444_0,2,DTP,3,0,V55555_4,1655818,PLANT03,PORT09,7332,22.535178873857852,2.0
1447331404.7,2023-10-14,PORT04,V444_1,1,DTD,5,0,V55555555555555_8,1690630,PLANT03,PORT09,336,2.6168170389153724,1.0
1447327245.7,2023-10-16,PORT04,V444_0,2,DTP,0,0,V555555555555555_29,1688575,PLANT03,PORT09,369,4.521704643092323,2.0
1447320416.7,2023-08-25,PORT04,V444_1,1,DTD,0,0,V5555555_22,1651366,PLANT03,PORT09,280,1.0781386259019374,1.0
1447313858.7,2023-08-20,PORT04,V444_0,2,DTP,3,0,V5555555_22,1683197,PLANT03,PORT09,542,6.58,2.0
1447300169.7,2023-10-12,PORT04,V444_0,2,DTP,5,0,V55555555_7,1669409,PLANT03,PORT09,2036,10.98,2.0
1447295865.7,2023-06-27,PORT04,V444_0,2,DTP,3,0,V555555_6,1699949,PLANT03,PORT09,293,0.5553779904267743,2.0
1447281354.7,2023-05-26,PORT04,V444_0,2,DTP,3,0,V55555_4,1667817,PLANT03,PORT09,660,5.8978600823045255,2.0
1447258890.7,2023-12-13,PORT04,V444_0,2,DTP,0,0,V5555_33,1688285,PLANT03,PORT09,315,0.09771830581879343,2.0
1447239933.7,2023-06-26,PORT04,V444_0,2,DTP,0,0,V555555_24,1688587,PLANT03,PORT09,259,0.8208686604628171,2.0
1447232854.7,2023-11-05,PORT04,V444_0,2,DTP,3,0,V55555_2,1658528,PLANT03,PORT09,321,0.14331843473501774,2.0
1447231071.7,2023-01-04,PORT04,V44_3,0,CRF,3,0,V55555555_32,1699553,PLANT03,PORT09,2801,9.445153411628338,0.0
1447223605.7,2023-11-01,PORT04,V444_1,1,DTD,0,0,V5555555_22,1660677,PLANT03,PORT09,656,20.70016024495057,1.0
1447219772.7,2023-07-25,PORT04,V444_0,2,DTP,5,0,V55555555_7,1660580,PLANT03,PORT09,490,17.105407586763523,2.0
1447214238.7,2023-11-12,PORT04,V444_0,2,DTP,0,0,V555555555555555_29,1688571,PLANT03,PORT09,350,4.40449246755705,2.0
1447210180.7,2023-07-21,PORT04,V444_0,2,DTP,0,0,V555555555_14,1696754,PLANT03,PORT09,321,2.6685439111673053,2.0
1447201698.7,2023-01-14,PORT04,V44_3,0,CRF,3,0,V55555555_32,1699573,PLANT03,PORT09,18729,61.040000000000006,0.0
1447188105.7,2023-10-10,PORT04,V444_0,2,DTP,3,0,V55555_4,1675670,PLANT03,PORT09,634,3.74,2.0
1447173733.7,2023-07-05,PORT04,V444_0,2,DTP,0,0,V555555555_27,1699953,PLANT03,PORT09,770,15.45610726494293,2.0
1447170697.7,2023-05-01,PORT04,V444_0,2,DTP,3,0,V55555_2,1688633,PLANT03,PORT09,331,4.639215372822243,2.0
1447159920.7,2023-09-16,PORT04,V444_0,2,DTP,0,0,V555555555_14,1696482,PLANT03,PORT09,451,3.16,2.0
1447149405.7,2023-04-05,PORT04,V444_0,2,DTP,0,0,V55555555_5,1672713,PLANT03,PORT09,581,18.62,2.0
1447149110.7,2023-02-18,PORT04,V444_0,2,DTP,0,0,V55555555555_28,1666524,PLANT03,PORT09,35282,19.3182214282967,2.0
1447421862.7,2023-02-22,PORT04,V444_0,2,DTP,0,0,V555555_34,1682829,PLANT03,PORT09,292,1.6110473547570252,2.0
1447420898.7,2023-07-14,PORT04,V444_0,2,DTP,5,0,V55555555_7,1660580,PLANT03,PORT09,440,22.02,2.0
1447414112.7,2023-12-11,PORT04,V444_0,2,DTP,0,0,V5555_33,1689547,PLANT03,PORT09,338,0.2879450874925531,2.0
1447394298.7,2023-06-26,PORT04,V444_0,2,DTP,0,0,V555555555_27,1675615,PLANT03,PORT09,1104,7.0762958418271475,2.0
1447389450.7,2023-03-21,PORT04,V444_0,2,DTP,0,0,V555555555_14,1668496,PLANT03,PORT09,1047,14.306666666666667,2.0
1447375237.7,2023-10-04,PORT04,V444_0,2,DTP,3,0,V55555_2,1657064,PLANT03,PORT09,386,0.465487313262203,2.0
1447371285.7,2023-01-10,PORT04,V444_0,2,DTP,0,0,V55555555555_28,1666524,PLANT03,PORT09,37806,18.69809438746075,2.0
1447357776.7,2023-05-22,PORT04,V444_0,2,DTP,0,0,V555555555_14,1668550,PLANT03,PORT09,2307,32.15719357435451,2.0
1447356164.7,2023-12-04,PORT04,V444_0,2,DTP,0,0,V555555555555555_29,1688629,PLANT03,PORT09,523,16.936531067828096,2.0
1447354035.7,2023-03-28,PORT04,V444_0,2,DTP,0,0,V55555555_5,1666994,PLANT12,PORT09,606,181.4398642774493,2.0
1447321829.7,2023-09-14,PORT04,V444_0,2,DTP,3,0,V555555_6,1662554,PLANT03,PORT09,1271,3.42,2.0
1447318097.7,2023-06-16,PORT04,V444_1,1,DTD,5,0,V55555555555555_8,1690631,PLANT03,PORT09,286,1.8320827734222835,1.0
1447289694.7,2023-06-13,PORT04,V444_0,2,DTP,3,0,V55555_2,1666954,PLANT03,PORT09,387,1.2352414423956481,2.0
1447255617.7,2023-08-11,PORT04,V444_0,2,DTP,3,0,V55555555_0,1668545,PLANT03,PORT09,310,0.21131606703386852,2.0
1447240998.7,2023-08-15,PORT09,V44_3,1,CRF,3,0,V55555_53,1700035,PLANT16,PORT09,1819,23.1,1.0
1447234962.7,2023-08-22,PORT04,V444_0,2,DTP,3,0,V55555555_0,1689556,PLANT03,PORT09,1003,10.0,2.0
1447224405.7,2023-09-04,PORT04,V444_0,2,DTP,0,0,V55555555555_28,1666524,PLANT03,PORT09,50300,26.597459183281,2.0
1447211839.7,2023-06-09,PORT04,V444_0,2,DTP,0,0,V5555_25,1693453,PLANT03,PORT09,3247,13.285524021826468,2.0
1447200229.7,2023-08-23,PORT04,V444_0,2,DTP,3,0,V5555555_12,1673710,PLANT03,PORT09,339,4.3238136796165305,2.0
1447193434.7,2023-11-13,PORT04,V444_0,2,DTP,3,0,V55555_2,1689298,PLANT03,PORT09,322,0.21025032390024928,2.0
1447189691.7,2023-06-22,PORT04,V444_0,2,DTP,3,0,V55555555_5,1695348,PLANT03,PORT09,1324,3.518893899952938,2.0
1447184595.7,2023-03-03,PORT04,V44_3,0,CRF,0,0,V5555555_30,1699242,PLANT03,PORT09,853,1.77923094,0.0
1447182395.7,2023-11-24,PORT04,V44_3,0,CRF,3,0,V55555555_32,1699283,PLANT03,PORT09,1090,3.921011412758065,0.0
1447174506.7,2023-11-21,PORT04,V444_0,2,DTP,3,0,V555555555_3,1689548,PLANT03,PORT09,1297,67.47978763102167,2.0
1447172383.7,2023-06-26,PORT04,V444_0,2,DTP,3,0,V55555_2,1654621,PLANT03,PORT09,796,6.62,2.0
1447171204.7,2023-02-14,PORT04,V444_0,2,DTP,5,0,V55555555_7,1680915,PLANT03,PORT09,343,2.2723611694737276,2.0
1447167740.7,2023-06-28,PORT04,V444_0,2,DTP,0,0,V55_13,1672714,PLANT03,PORT09,245,0.24349869651033212,2.0
1447166801.7,2023-10-18,PORT04,V444_1,1,DTD,0,0,V5555555_22,1683203,PLANT03,PORT09,759,10.519459706123937,1.0
1447162971.7,2023-12-17,PORT04,V444_0,2,DTP,5,0,V55555555_7,1680915,PLANT03,PORT09,261,0.04544722338947455,2.0
1447410882.7,2023-01-25,PORT04,V44_3,2,CRF,3,0,V55555_2,1651299,PLANT03,PORT09,541,0.8944339046520277,2.0
1447391103.7,2023-05-10,PORT04,V444_1,1,DTD,0,0,V5555555_22,1699799,PLANT03,PORT09,5240,4.191591788535211,1.0
1447389191.7,2023-05-25,PORT04,V444_0,2,DTP,0,0,V55555_26,1677884,PLANT03,PORT09,1793,7.28,2.0
1447386862.7,2023-06-24,PORT04,V444_0,2,DTP,0,0,V5555_33,1688589,PLANT03,PORT09,285,1.8270204416603795,2.0
1447376936.7,2023-12-18,PORT04,V444_0,2,DTP,3,0,V555555_6,1663337,PLANT03,PORT09,824,43.58,2.0
1447373419.7,2023-10-25,PORT04,V444_0,2,DTP,3,0,V55555_2,1660579,PLANT03,PORT09,305,1.8078133198328594,2.0
1447346598.7,2023-12-25,PORT04,V444_0,2,DTP,3,0,V555555_6,1689547,PLANT03,PORT09,490,10.589789771575262,2.0
1447326458.7,2023-08-14,PORT04,V444_1,1,DTD,5,0,V55555555555555_8,1690621,PLANT03,PORT09,429,8.584621433845347,1.0
1447326109.7,2023-01-16,PORT04,V444_0,2,DTP,0,0,V5555_33,1682709,PLANT03,PORT09,341,0.7741806286544356,2.0
1447304797.7,2023-06-01,PORT04,V44_3,2,CRF,3,0,V55555_2,1674853,PLANT03,PORT09,378,6.8,2.0
1447283763.7,2023-05-26,PORT04,V444_0,2,DTP,0,0,V55555_26,1660885,PLANT03,PORT09,386,0.8825303742648671,2.0
1447283602.7,2023-05-17,PORT04,V444_0,2,DTP,3,0,V55555_2,1689033,PLANT03,PORT09,686,9.04,2.0
1447281302.7,2023-03-10,PORT04,V444_0,2,DTP,0,0,V55555555555_28,1666524,PLANT03,PORT09,50288,26.597459183281,2.0
1447267042.7,2023-08-09,PORT04,V444_0,2,DTP,0,0,V55555555_5,1696210,PLANT03,PORT09,628,8.690431780389936,2.0
1447264572.7,2023-01-19,PORT04,V44_3,0,CRF,3,0,V55555555_32,1699834,PLANT03,PORT09,6658,8.58213578282353,0.0
1447226353.7,2023-09-18,PORT04,V444_0,2,DTP,0,0,V555555555_27,1613321,PLANT03,PORT09,961,4.28,2.0
1447208419.7,2023-01-28,PORT04,V444_0,2,DTP,0,0,V55555555_5,1668547,PLANT03,PORT09,9176,68.6,2.0
1447191290.7,2023-09-22,PORT09,V44_3,1,CRF,3,0,V55555_53,1697317,PLANT16,PORT09,540,60.52,1.0
1447171205.7,2023-12-28,PORT04,V444_0,2,DTP,5,0,V55555555_7,1646909,PLANT03,PORT09,250,0.0659795029041304,2.0
1447170691.7,2023-02-15,PORT04,V444_0,2,DTP,3,0,V55555_2,1687661,PLANT03,PORT09,367,1.0912000000000002,2.0
1447168948.7,2023-01-06,PORT04,V444_1,1,DTD,0,0,V5555555_22,1683203,PLANT03,PORT09,1114,16.14,1.0
1447381355.7,2023-08-07,PORT04,V444_0,2,DTP,0,0,V555555555555555_29,1688575,PLANT03,PORT09,406,9.043409286184646,2.0
1447366453.7,2023-10-09,PORT04,V444_1,1,DTD,5,0,V55555555555555_8,1689550,PLANT03,PORT09,309,4.088982614788995,1.0
1447320769.7,2023-10-07,PORT04,V44_3,0,CRF,0,0,V555555555555555_29,1699562,PLANT03,PORT09,4871,8.892328133604314,1.8
1447305235.7,2023-02-28,PORT04,V444_0,2,DTP,0,0,V55555555_5,1672712,PLANT03,PORT09,383,5.873333333333334,2.0
1447302726.7,2023-11-07,PORT04,V444_0,2,DTP,3,0,V55555_4,1672110,PLANT03,PORT09,421,7.656090291695181,2.0
1447293118.7,2023-07-22,PORT04,V444_0,2,DTP,3,0,V55555_2,1657064,PLANT03,PORT09,363,0.465487313262203,2.0
1447283234.7,2023-11-14,PORT04,V444_0,2,DTP,3,0,V55555_2,1689547,PLANT03,PORT09,377,7.198627187313828,2.0
1447282654.7,2023-07-23,PORT04,V444_0,2,DTP,0,0,V555555555555555_29,1688571,PLANT03,PORT09,303,4.40449246755705,2.0
1447273168.7,2023-06-08,PORT04,V444_0,2,DTP,0,0,V555555555_27,1636236,PLANT03,PORT09,447,5.98,2.0
1447258858.7,2023-09-06,PORT04,V444_0,2,DTP,0,0,V5555_33,1688587,PLANT03,PORT09,356,4.013135673373773,2.0
1447254117.7,2023-04-11,PORT04,V444_1,1,DTD,5,0,V55555555555555_8,1693747,PLANT03,PORT09,467,29.58,1.0
1447234624.7,2023-02-15,PORT04,V444_0,3,DTP,0,0,V55555555_5,1700569,PLANT03,PORT09,561847,630.67,3.0
1447205896.7,2023-01-16,PORT04,V444_0,2,DTP,3,0,V55555_2,1669409,PLANT03,PORT09,1240,7.92,2.0
1447198597.7,2023-06-10,PORT04,V444_0,2,DTP,0,0,V55_13,1672714,PLANT03,PORT09,495,11.470443949944281,2.0
1447193186.7,2023-10-26,PORT04,V44_3,0,CRF,0,0,V5555555_30,1699298,PLANT03,PORT09,4258,12.593975105845072,0.0
1447190911.7,2023-03-01,PORT04,V444_0,2,DTP,3,0,V55555555_5,1690006,PLANT03,PORT09,478,2.3180784402531915,2.01
1447175670.7,2023-11-11,PORT04,V444_0,2,DTP,3,0,V555555_6,1669702,PLANT03,PORT09,880,9.36,2.0
1447167155.7,2023-05-01,PORT04,V444_0,2,DTP,0,0,V555555555_27,1692113,PLANT03,PORT09,639,1.3965133111729693,2.0
1447163971.7,2023-01-10,PORT04,V444_0,2,DTP,0,0,V5555_33,1688575,PLANT03,PORT09,247,0.18086818572369293,2.0
1447159985.7,2023-12-18,PORT04,V444_0,2,DTP,3,0,V555555_6,1677889,PLANT03,PORT09,254,0.11566039132473044,2.0
1447145182.7,2023-02-19,PORT04,V444_1,1,DTD,0,0,V5555555_22,1676565,PLANT03,PORT09,815,8.02,1.0
1447405861.7,2023-06-20,PORT04,V444_1,1,DTD,0,0,V5555555_22,1660585,PLANT03,PORT09,633,29.33331969727959,1.0
1447396710.7,2023-09-14,PORT04,V444_0,2,DTP,0,0,V55_13,1684703,PLANT03,PORT09,761,6.903487231572193,2.0
1447383147.7,2023-06-18,PORT04,V444_1,1,DTD,0,0,V555555555555555555_45,1689547,PLANT03,PORT09,1537,94.67927914148243,1.0
1447379441.7,2023-01-18,PORT04,V444_1,1,DTD,5,0,V55555555555555_8,1690630,PLANT03,PORT09,329,2.1806808657628105,1.0
1447348852.7,2023-01-21,PORT04,V444_0,2,DTP,3,0,V555555_6,1689788,PLANT03,PORT09,428,1.276195801405549,2.0
1447309055.7,2023-03-13,PORT04,V444_1,1,DTD,0,0,V5555555_22,1676566,PLANT03,PORT09,1412,11.712839943692716,1.0
1447306610.7,2023-02-24,PORT04,V444_1,1,DTD,0,0,V5555555_22,1660673,PLANT03,PORT09,570,17.29268374808072,1.0
1447283726.7,2023-06-18,PORT04,V44_3,2,CRF,3,0,V55555_2,1658532,PLANT03,PORT09,383,1.2289094428909446,2.0
1447238287.7,2023-02-07,PORT04,V444_0,2,DTP,0,0,V55555555555_28,1687774,PLANT03,PORT09,15272,8.308065787547806,2.0
1447237038.7,2023-02-23,PORT04,V444_0,2,DTP,3,0,V555555_6,1672722,PLANT03,PORT09,1325,78.46,2.0
1447224515.7,2023-02-28,PORT04,V444_0,2,DTP,0,0,V55555_26,1699948,PLANT03,PORT09,337,3.299262790136219,2.0
1447189204.7,2023-03-13,PORT04,V444_1,2,DTD,5,0,V55555555555555_8,1650715,PLANT12,PORT09,304,11.876590909090911,2.0
1447187805.7,2023-02-25,PORT04,V444_0,2,DTP,0,0,V555555555555555_29,1689548,PLANT03,PORT09,430,7.447978763102167,2.0
1447170832.7,2023-07-09,PORT04,V444_1,1,DTD,0,0,V5555555_22,1660579,PLANT03,PORT09,607,26.11719979749289,1.0
1447159983.7,2023-08-02,PORT04,V444_0,2,DTP,3,0,V555555_6,1677889,PLANT03,PORT09,387,0.5783019566236521,2.0
1447155058.7,2023-11-25,PORT09,V44_3,1,CRF,3,0,V55555_53,1696799,PLANT16,PORT09,3003,498.67999999999995,1.0
1447152910.7,2023-05-14,PORT04,V444_1,1,DTD,3,0,V5555555_19,1654766,PLANT03,PORT09,4645,68.46,1.0
1447407392.7,2023-03-30,PORT04,V444_0,2,DTP,0,0,V5555_33,1688571,PLANT03,PORT09,325,1.409437589618256,2.0
1447401973.7,2023-03-15,PORT04,V444_0,2,DTP,0,0,V555555_24,1662552,PLANT03,PORT09,923,2.7520573679041087,2.0
1447389058.7,2023-10-17,PORT04,V444_0,2,DTP,3,0,V55555_2,1689031,PLANT03,PORT09,939,14.0,2.0
1447387535.7,2023-11-23,PORT04,V44_3,0,CRF,3,0,V55555555_32,1699315,PLANT03,PORT09,30869,93.01485937399532,0.0
1447381353.7,2023-02-28,PORT04,V444_0,2,DTP,0,0,V555555555555555_29,1688575,PLANT03,PORT09,359,9.043409286184646,2.0
1447371316.7,2023-11-24,PORT04,V444_1,1,DTD,0,0,V5555555_22,1683636,PLANT03,PORT09,286,1.0787387837370022,1.0
1447348789.7,2023-09-01,PORT04,V444_0,2,DTP,0,0,V55555555_5,1683199,PLANT03,PORT09,270,0.19133742358015957,2.0
1447329263.7,2023-07-19,PORT04,V44_3,0,CRF,0,0,V5555555_12,1699539,PLANT03,PORT09,3030,8.71723053403937,0.0
1447286439.7,2023-06-11,PORT04,V444_0,2,DTP,0,0,V555555555_27,1676853,PLANT03,PORT09,1785,3.62,2.0
1447257504.7,2023-07-14,PORT04,V444_0,2,DTP,5,0,V55555555_7,1691546,PLANT03,PORT09,301,0.9202929188584423,2.0
1447254391.7,2023-12-25,PORT04,V44_3,0,CRF,3,0,V55555555_32,1699682,PLANT03,PORT09,6707,23.633830036223348,0.0
1447242878.7,2023-08-09,PORT04,V44_3,0,CRF,3,0,V55555555_32,1699268,PLANT03,PORT09,2108,3.9800395483402786,0.0
1447224311.7,2023-01-21,PORT04,V444_0,2,DTP,5,0,V55555555_7,1669409,PLANT03,PORT09,2046,10.86,2.0
1447221842.7,2023-10-18,PORT04,V444_0,2,DTP,0,0,V5555_33,1689550,PLANT03,PORT09,338,0.6133473922183493,2.0
1447212018.7,2023-06-02,PORT04,V444_0,2,DTP,0,0,V55555_26,1644050,PLANT03,PORT09,287,1.4346498992787529,2.0
1447202687.7,2023-01-17,PORT04,V444_0,2,DTP,0,0,V5555_33,1689546,PLANT03,PORT09,294,0.6130035331441182,2.0
1447185806.7,2023-10-14,PORT04,V444_0,2,DTP,0,0,V55555_26,1662274,PLANT03,PORT09,284,3.322522522522522,2.0
1447173732.7,2023-08-03,PORT04,V444_0,2,DTP,0,0,V555555555_27,1699948,PLANT03,PORT09,694,14.197051160544875,2.0
1447170686.7,2023-04-04,PORT04,V444_1,1,DTD,5,0,V55555555555555_8,1688633,PLANT03,PORT09,339,4.639215372822243,1.0
1447163616.7,2023-03-14,PORT04,V444_0,2,DTP,0,3,V555555555_27,1655723,PLANT03,PORT09,402,5.302120825016615,2.0
1447145251.7,2023-10-23,PORT04,V444_1,1,DTD,0,0,V5555555_22,1668344,PLANT03,PORT09,342,8.5,1.0
1447145074.7,2023-10-07,PORT04,V444_1,1,DTD,0,0,V5555555_22,1692984,PLANT03,PORT09,1114,11.80760288752479,1.0
1447399743.7,2023-07-29,PORT04,V444_0,2,DTP,0,0,V55_13,1672670,PLANT03,PORT09,435,2.706267730975623,2.0
1447397834.7,2023-05-13,PORT04,V444_0,2,DTP,3,0,V555555_6,1669409,PLANT03,PORT09,622,3.0460950086576832,2.0
1447390467.7,2023-11-12,PORT04,V444_0,2,DTP,3,0,V5555555_12,1671807,PLANT03,PORT09,329,12.98,2.0
1447389467.7,2023-10-27,PORT04,V444_0,2,DTP,3,1,V555_15,1676853,PLANT03,PORT09,590,0.6868226162082559,2.0
1447383136.7,2023-02-12,PORT04,V444_1,1,DTD,0,0,V555555555555555555_45,1682736,PLANT03,PORT09,279,1.783823529411765,1.0
1447381354.7,2023-04-30,PORT04,V444_0,2,DTP,0,0,V555555555555555_29,1688575,PLANT03,PORT09,334,9.043409286184646,2.0
1447372980.7,2023-03-04,PORT04,V444_0,2,DTP,0,0,V5555_33,1682648,PLANT03,PORT09,244,0.3561098426601536,2.0
1447372162.7,2023-01-24,PORT04,V444_0,2,DTP,3,0,V555555_6,1623991,PLANT03,PORT09,432,0.8447011775161076,2.0
1447370727.7,2023-08-24,PORT04,V444_0,2,DTP,0,0,V555555555_27,1663347,PLANT03,PORT09,324,0.6056664168246548,2.0
1447369371.7,2023-03-10,PORT04,V444_1,1,DTD,5,0,V55555555555555_8,1689547,PLANT03,PORT09,355,7.198627187313828,1.0
1447362904.7,2023-02-28,PORT04,V444_1,1,DTD,0,0,V5555555_22,1683634,PLANT03,PORT09,412,3.227961515120905,1.0
1447360768.7,2023-03-19,PORT04,V444_0,2,DTP,0,0,V555555555_27,1692114,PLANT03,PORT09,337,0.4881495556916503,2.0
1447359740.7,2023-01-15,PORT04,V444_0,2,DTP,0,0,V5555_25,1693453,PLANT03,PORT09,2822,12.904603351522056,2.0
1447351786.7,2023-01-26,PORT04,V444_0,2,DTP,3,0,V555555_6,1649002,PLANT03,PORT09,572,2.64,2.0
1447348792.7,2023-09-27,PORT04,V444_0,2,DTP,0,0,V55555555_5,1689548,PLANT03,PORT09,1512,88.375745157226,2.06
1447339804.7,2023-06-01,PORT04,V444_0,2,DTP,0,0,V55555555_5,1677878,PLANT03,PORT09,533,0.7436258627975754,2.0
1447339776.7,2023-09-17,PORT04,V444_0,2,DTP,0,0,V555555555_27,1672706,PLANT03,PORT09,319,0.9418703506907544,2.0
1447336775.7,2023-09-18,PORT04,V444_0,2,DTP,0,0,V5555_36,1671461,PLANT03,PORT09,32135,31.5,2.0
1447327178.7,2023-01-06,PORT04,V444_1,1,DTD,0,0,V5555555_22,1683203,PLANT03,PORT09,607,6.440485534361595,1.0
1447313772.7,2023-01-09,PORT04,V444_0,2,DTP,0,0,V55555_26,1683560,PLANT03,PORT09,4402,38.073897370073794,2.0
1447304477.7,2023-01-24,PORT04,V444_1,1,DTD,3,0,V5555555_19,1695349,PLANT03,PORT09,982,6.418328743910851,1.0
1447301453.7,2023-09-20,PORT04,V444_0,2,DTP,0,0,V55555555555_28,1684560,PLANT03,PORT09,9247,4.011579206568387,2.0
1447295792.7,2023-05-12,PORT04,V444_0,2,DTP,0,3,V555555555_27,1689541,PLANT03,PORT09,394,9.626529294935445,2.0
1447281407.7,2023-04-04,PORT04,V444_0,2,DTP,3,0,V55555_2,1687661,PLANT03,PORT09,341,1.0912000000000002,2.0
1447281365.7,2023-12-06,PORT04,V444_0,2,DTP,5,0,V55555555_7,1669701,PLANT03,PORT09,892,6.11,2.0
1447275956.7,2023-09-10,PORT04,V444_1,1,DTD,1,0,V555555555555555555_17,1699772,PLANT03,PORT09,1767,15.36,1.0
1447270172.7,2023-12-07,PORT04,V444_0,2,DTP,0,0,V555555555_14,1689147,PLANT03,PORT09,1525,3.6,2.0
1447269700.7,2023-01-18,PORT04,V444_0,2,DTP,3,0,V55555555_5,1696075,PLANT03,PORT09,1308,5.828514362117512,2.0
1447269659.7,2023-10-25,PORT04,V444_0,2,DTP,0,0,V555555555_27,1695348,PLANT03,PORT09,1804,5.278340849929407,2.0
1447266926.7,2023-10-10,PORT04,V444_0,2,DTP,0,0,V555555555_27,1662552,PLANT03,PORT09,389,0.4586762279840181,2.0
1447246942.7,2023-08-15,PORT04,V444_1,1,DTD,5,0,V55555555555555_8,1690614,PLANT03,PORT09,337,0.25171920698956274,1.0
1447227067.7,2023-08-24,PORT04,V444_0,2,DTP,3,0,V55555_4,1656246,PLANT03,PORT09,2247,8.18,2.0
1447226269.7,2023-07-01,PORT04,V444_1,1,DTD,0,0,V5555555_22,1656350,PLANT03,PORT09,359,8.088629160034186,1.0
1447221837.7,2023-08-29,PORT04,V444_0,2,DTP,0,0,V5555_33,1688587,PLANT03,PORT09,264,0.09120762894031302,2.0
1447212589.7,2023-03-29,PORT04,V444_0,2,DTP,3,0,V55555_2,1682745,PLANT03,PORT09,266,1.1282377558822834,2.0
1447208853.7,2023-11-06,PORT04,V444_0,2,DTP,0,3,V555555555_27,1660885,PLANT03,PORT09,599,3.1771093473535217,2.0
1447191644.7,2023-02-17,PORT04,V444_0,2,DTP,3,0,V55555_4,1675654,PLANT03,PORT09,1320,8.28,2.0
1447187319.7,2023-01-04,PORT04,V444_1,1,DTD,5,0,V55555555555555_8,1689547,PLANT03,PORT09,734,29.79450874925531,1.0
1447182456.7,2023-04-27,PORT04,V44_3,4,CRF,0,0,V555555555555555_29,1699525,PLANT03,PORT09,1895,6.38,3.04
1447178253.7,2023-03-11,PORT04,V444_0,2,DTP,3,0,V55555_4,1662552,PLANT03,PORT09,387,0.4586762279840181,2.0
1447170507.7,2023-09-27,PORT04,V444_0,2,DTP,0,0,V55555555_5,1678494,PLANT03,PORT09,679,1.6642482582041591,2.0
1447162874.7,2023-04-05,PORT04,V444_0,2,DTP,0,0,V55555_26,1664069,PLANT03,PORT09,3243,19.243815011456096,2.0
1447159869.7,2023-10-03,PORT04,V444_0,2,DTP,0,0,V555555555_14,1687346,PLANT03,PORT09,2281,37.62,2.0
1447158690.7,2023-06-02,PORT04,V444_1,1,DTD,0,0,V555555555555555555_45,1683392,PLANT03,PORT09,307,0.08981999996137573,1.0
1447158013.7,2023-05-30,PORT09,V44_3,1,CRF,3,0,V55555_53,1700035,PLANT16,PORT09,2928,38.04,1.0
1447149076.7,2023-11-05,PORT04,V444_0,2,DTP,0,0,V5555_33,1675810,PLANT12,PORT09,285,2.9936484846447464,2.0
1447145766.7,2023-04-01,PORT04,V444_0,2,DTP,0,0,V5555_33,1688292,PLANT03,PORT09,316,0.10960186791998715,2.0
1447139828.7,2023-07-08,PORT04,V444_1,1,DTD,1,0,V555555555555555555_17,1677878,PLANT03,PORT09,1262,3.718129313987877,1.0
1447409847.7,2023-02-20,PORT04,V444_0,2,DTP,0,0,V5555555_30,1668346,PLANT03,PORT09,500,23.98,2.0
1447405950.7,2023-12-19,PORT04,V444_1,1,DTD,0,0,V5555555_22,1660677,PLANT03,PORT09,461,9.901850314563008,1.0
1447377698.7,2023-10-05,PORT04,V444_0,2,DTP,3,0,V555555_6,1689012,PLANT03,PORT09,2516,12.185920150732423,2.0
1447373537.7,2023-01-07,PORT04,V444_0,2,DTP,3,0,V55555_4,1650904,PLANT03,PORT09,1330,17.6,2.0
1447373518.7,2023-02-18,PORT04,V44_3,2,CRF,3,0,V55555_2,1674853,PLANT03,PORT09,352,2.269792284866468,2.0
1447373440.7,2023-01-28,PORT04,V444_0,2,DTP,3,0,V55555_2,1677878,PLANT03,PORT09,334,0.14872517255951506,2.0
1447369433.7,2023-09-26,PORT04,V444_1,1,DTD,5,0,V55555555555555_8,1688285,PLANT03,PORT09,302,3.908732232751737,1.0
1447357620.7,2023-07-25,PORT04,V444_1,1,DTD,0,0,V5555555_22,1683636,PLANT03,PORT09,1688,39.502676588766846,1.0
1447337702.7,2023-05-20,PORT04,V444_1,1,DTD,0,0,V5555555_22,1683203,PLANT03,PORT09,357,2.2327016519120195,1.0
1447331179.7,2023-02-11,PORT04,V444_0,2,DTP,0,0,V555555555_27,1689147,PLANT03,PORT09,263,0.04518917649131565,2.0
1447321401.7,2023-12-08,PORT04,V444_0,2,DTP,3,0,V55555_2,1700094,PLANT03,PORT09,286,0.6301690507152147,2.0
1447312660.7,2023-09-29,PORT04,V444_0,2,DTP,3,0,V55555_4,1660563,PLANT03,PORT09,571,3.5193485942541085,2.0
1447296428.7,2023-01-20,PORT04,V444_1,1,DTD,0,0,V555555555555555555_45,1689545,PLANT03,PORT09,442,13.273939620047285,1.0
1447286456.7,2023-01-05,PORT04,V444_1,1,DTD,3,0,V5555555_19,1695349,PLANT03,PORT09,1749,13.198253473394145,1.0
1447282074.7,2023-08-09,PORT04,V444_0,2,DTP,0,0,V5555_33,1688290,PLANT03,PORT09,318,1.9900746896440906,2.0
1447281074.7,2023-08-14,PORT04,V444_0,2,DTP,0,0,V555555_24,1675654,PLANT03,PORT09,266,0.18903103229892337,2.0
1447280519.7,2023-09-22,PORT04,V444_1,1,DTD,0,0,V55_47,1668362,PLANT03,PORT09,1386,0.76,1.0
1447243416.7,2023-09-13,PORT04,V444_1,1,DTD,5,0,V55555555555555_8,1693747,PLANT03,PORT09,524,28.859999999999996,1.0
1447215296.7,2023-09-04,PORT04,V444_0,2,DTP,3,0,V55555555_5,1621717,PLANT12,PORT09,317,11.599999999999998,2.0
1447206136.7,2023-07-23,PORT04,V444_0,2,DTP,3,0,V55555_2,1689031,PLANT03,PORT09,976,15.0,2.0
1447187876.7,2023-12-20,PORT04,V444_0,2,DTP,0,0,V55555555_5,1697086,PLANT03,PORT09,325,0.10611295250473642,2.0
1447185799.7,2023-01-12,PORT04,V444_0,2,DTP,0,0,V55555_26,1660885,PLANT03,PORT09,541,2.6475911227946014,2.0
1447183469.7,2023-07-12,PORT04,V444_0,2,DTP,3,0,V55555_2,1687661,PLANT03,PORT09,496,4.3,2.0
1447177983.7,2023-04-11,PORT04,V444_1,1,DTD,5,0,V55555555555555_8,1689551,PLANT03,PORT09,370,5.970864959689413,1.0
1447162728.7,2023-01-06,PORT04,V444_0,2,DTP,0,0,V555555555_14,1696263,PLANT08,PORT09,3146,18.227057749489532,2.0
1447367950.7,2023-08-12,PORT04,V444_0,2,DTP,3,0,V555555_6,1687346,PLANT03,PORT09,332,1.0435688605180125,2.0
1447356152.7,2023-11-19,PORT04,V44_3,0,CRF,0,0,V5555555_30,1699591,PLANT03,PORT09,5054,15.056413040373334,0.0
1447323818.7,2023-01-23,PORT04,V444_0,2,DTP,3,0,V555555_6,1668545,PLANT03,PORT09,801,5.04,2.0
1447320601.7,2023-06-21,PORT04,V44_3,0,CRF,3,0,V55555555_32,1699283,PLANT03,PORT09,1941,7.84202282551613,0.0
1447312473.7,2023-06-10,PORT04,V444_0,2,DTP,0,0,V555555555_27,1668545,PLANT03,PORT09,2151,13.76,2.0
1447308858.7,2023-11-21,PORT04,V444_0,2,DTP,0,0,V555555555555555_29,1688587,PLANT03,PORT09,373,4.560381447015651,2.0
1447308855.7,2023-01-12,PORT04,V444_0,2,DTP,0,0,V555555555555555_29,1688587,PLANT03,PORT09,357,4.560381447015651,2.0
1447308834.7,2023-06-15,PORT04,V44_3,0,CRF,0,0,V5555555_30,1699166,PLANT03,PORT09,581,3.44,0.0
1447308360.7,2023-06-07,PORT04,V444_0,2,DTP,0,0,V5555_33,1688629,PLANT03,PORT09,294,0.17936531067828096,2.0
1447306416.7,2023-10-08,PORT04,V444_1,1,DTD,0,0,V5555555_22,1683636,PLANT03,PORT09,277,0.8574590332268479,1.0
1447247247.7,2023-11-21,PORT04,V444_0,2,DTP,3,0,V55555_2,1668127,PLANT03,PORT09,596,39.82,2.0
1447229003.7,2023-07-26,PORT04,V44_3,2,CRF,3,0,V55555_2,1674853,PLANT03,PORT09,280,2.095192878338278,2.0
1447225277.7,2023-10-10,PORT04,V444_0,2,DTP,0,0,V5555_33,1689546,PLANT03,PORT09,278,0.7662544164301477,2.0
1447221840.7,2023-03-01,PORT04,V444_0,2,DTP,0,0,V5555_33,1689543,PLANT03,PORT09,315,0.2450573565688278,2.0
1447175754.7,2023-04-16,PORT04,V444_0,2,DTP,0,0,V55555555555_28,1667927,PLANT03,PORT09,66794,35.98001400452928,2.04
1447174504.7,2023-03-13,PORT04,V444_0,2,DTP,3,0,V555555555_3,1688629,PLANT03,PORT09,531,16.936531067828096,2.0
1447162803.7,2023-11-16,PORT04,V444_0,2,DTP,5,0,V55555555_7,1655818,PLANT03,PORT09,958,2.0603592113241467,2.0
1447152945.7,2023-07-15,PORT04,V444_1,1,DTD,5,0,V55555555555555_8,1683424,PLANT03,PORT09,322,0.351576777716092,1.0
1447150981.7,2023-02-04,PORT04,V444_0,2,DTP,0,0,V55_13,1682784,PLANT03,PORT09,449,14.903336224597062,2.0
1447421279.7,2023-07-27,PORT04,V444_0,2,DTP,5,0,V55555555_7,1699570,PLANT03,PORT09,5238,5.875703099512195,2.0
1447418956.7,2023-11-04,PORT04,V444_0,2,DTP,5,0,V55555555_7,1692998,PLANT03,PORT09,826,26.74,2.0
1447400343.7,2023-09-21,PORT04,V444_0,2,DTP,0,0,V55555555555_28,1685028,PLANT03,PORT09,12807,9.636929630082014,2.0
1447386865.7,2023-06-24,PORT04,V444_0,2,DTP,0,0,V5555_33,1688633,PLANT03,PORT09,240,0.5567058447386692,2.0
1447369960.7,2023-04-27,PORT04,V444_0,2,DTP,3,0,V55555555_5,1696073,PLANT03,PORT09,794,3.276419897625807,2.0
1447369901.7,2023-05-13,PORT04,V444_0,2,DTP,0,0,V555555555_27,1692115,PLANT03,PORT09,236,0.014015660615183619,2.0
1447358448.7,2023-07-31,PORT04,V444_0,2,DTP,0,0,V555555555_14,1676565,PLANT03,PORT09,774,7.06418317712659,2.0
1447343672.7,2023-04-17,PORT04,V444_0,2,DTP,3,1,V555_15,1677878,PLANT03,PORT09,357,0.3718129313987877,2.0
1447326507.7,2023-07-06,PORT04,V44_3,0,CRF,3,0,V55555555_32,1699841,PLANT03,PORT09,1997,2.873199401026889,0.0
1447318096.7,2023-05-28,PORT04,V444_1,1,DTD,5,0,V55555555555555_8,1690614,PLANT03,PORT09,343,6.292980174739069,1.0
1447307118.7,2023-09-15,PORT04,V444_0,2,DTP,3,1,V555_15,1677878,PLANT03,PORT09,506,0.9667136216368479,2.0
1447286109.7,2023-02-24,PORT04,V444_0,2,DTP,0,0,V555555555_14,1681885,PLANT08,PORT09,1862,5.866213574062154,2.0
1447260689.7,2023-07-26,PORT04,V444_0,2,DTP,3,0,V55555_2,1666954,PLANT03,PORT09,1294,10.34,2.0
1447245124.7,2023-04-25,PORT04,V444_1,1,DTD,0,0,V5555555_22,1660579,PLANT03,PORT09,1093,79.8491741151723,1.0
1447243689.7,2023-11-26,PORT04,V444_0,2,DTP,0,0,V555555555_14,1696746,PLANT03,PORT09,325,0.4419431717750388,2.0
1447241608.7,2023-05-31,PORT04,V444_0,2,DTP,0,0,V55555555_5,1671942,PLANT03,PORT09,302,0.1344593245626371,2.0
1447237854.7,2023-12-01,PORT04,V444_0,2,DTP,0,0,V55555555555_28,1666524,PLANT03,PORT09,10329,5.5194918366562,2.0
1447232843.7,2023-12-22,PORT04,V444_0,2,DTP,3,0,V55555_2,1658528,PLANT03,PORT09,487,2.866368694700355,2.0
1447219749.7,2023-12-24,PORT04,V444_1,1,DTD,3,0,V5555555_19,1696074,PLANT03,PORT09,1286,8.87914842161734,1.0
1447200810.7,2023-04-28,PORT04,V444_1,1,DTD,0,0,V555555555555555555_45,1682805,PLANT03,PORT09,411,8.591497479956574,1.0
1447189595.7,2023-10-01,PORT04,V44_3,4,CRF,0,0,V555555555555555_29,1699584,PLANT03,PORT09,1914,5.94,2.2
1447187872.7,2023-03-07,PORT04,V444_1,1,DTD,5,0,V55555555555555_8,1690614,PLANT03,PORT09,254,0.5034384139791255,1.0
1447187342.7,2023-08-08,PORT04,V444_1,1,DTD,5,0,V55555555555555_8,1689547,PLANT03,PORT09,600,19.595881561941482,1.0
1447171061.7,2023-12-23,PORT04,V444_1,1,DTD,5,0,V55555555555555_8,1688285,PLANT03,PORT09,297,1.9543661163758685,1.0
1447164385.7,2023-02-08,PORT04,V444_0,2,DTP,0,0,V5555555_30,1700094,PLANT03,PORT09,328,0.25206762028608587,2.0
1447158135.7,2023-03-14,PORT04,V444_0,2,DTP,3,0,V55555_2,1615677,PLANT03,PORT09,1839,7.92,2.0
1447407049.7,2023-06-19,PORT04,V444_0,2,DTP,0,0,V5555_33,1688575,PLANT03,PORT09,351,3.6173637144738584,2.0
1447377150.7,2023-08-26,PORT04,V444_1,1,DTD,5,0,V55555555555555_8,1689546,PLANT03,PORT09,747,35.312720821507384,1.0
1447364450.7,2023-11-09,PORT04,V444_0,2,DTP,0,0,V5555_33,1689548,PLANT03,PORT09,305,3.12815108050291,2.0
1447357417.7,2023-08-15,PORT04,V444_0,2,DTP,3,0,V5555555_22,1683199,PLANT03,PORT09,390,2.104711659381755,2.0
1447344447.7,2023-09-22,PORT04,V444_1,1,DTD,5,0,V55555555555555_8,1689551,PLANT03,PORT09,370,3.731790599805883,1.0
1447321275.7,2023-10-01,PORT04,V444_0,2,DTP,5,0,V55555555_7,1660580,PLANT03,PORT09,510,25.08,2.0
1447320807.7,2023-06-01,PORT04,V444_1,1,DTD,3,0,V5555555_19,1689146,PLANT03,PORT09,2238,3.0180618556701004,1.0
1447317045.7,2023-01-25,PORT04,V444_0,2,DTP,0,0,V55555555_5,1677878,PLANT03,PORT09,383,0.4089942245386664,2.0
1447293052.7,2023-03-07,PORT04,V44_3,0,CRF,3,0,V55555555_32,1699798,PLANT03,PORT09,1924,3.8008112104378906,0.0
1447284400.7,2023-08-20,PORT04,V444_0,2,DTP,3,1,V555_15,1676853,PLANT03,PORT09,293,0.013208127234774152,2.0
1447239930.7,2023-05-21,PORT04,V444_0,2,DTP,0,0,V555555_24,1687346,PLANT03,PORT09,248,0.2087137721036025,2.0
1447234274.7,2023-11-24,PORT04,V444_1,1,DTD,1,0,V555555555555555555_17,1679639,PLANT03,PORT09,16248,21.74,1.0
1447228784.7,2023-08-20,PORT04,V444_0,2,DTP,3,0,V55555_2,1696757,PLANT03,PORT09,270,2.10470844414329,2.0
1447207294.7,2023-04-17,PORT04,V444_1,1,DTD,1,0,V555555555555555555_17,1699771,PLANT03,PORT09,582,2.284292001069264,1.0
1447169124.7,2023-05-10,PORT04,V444_1,1,DTD,5,0,V55555555555555_8,1690634,PLANT03,PORT09,272,0.3748524364133432,1.0
1447149329.7,2023-04-23,PORT04,V444_0,2,DTP,3,0,V55555_4,1683200,PLANT03,PORT09,365,3.055408950617283,2.0
1447145965.7,2023-04-13,PORT04,V444_1,1,DTD,0,0,V5555555_22,1692948,PLANT03,PORT09,2286,8.92790958805785,1.0
1447412479.7,2023-03-23,PORT04,V444_1,1,DTD,5,0,V55555555555555_8,1693747,PLANT03,PORT09,507,30.059999999999995,1.0
1447394822.7,2023-06-25,PORT04,V444_1,1,DTD,1,0,V555555555555555555_17,1677878,PLANT03,PORT09,2234,5.96,1.0
1447394115.7,2023-11-25,PORT04,V444_0,2,DTP,3,0,V555555555_3,1689546,PLANT03,PORT09,769,35.312720821507384,2.0
1447390586.7,2023-01-06,PORT04,V444_1,1,DTD,5,0,V55555555555555_8,1688571,PLANT03,PORT09,451,14.21347740267115,1.0
1447374414.7,2023-12-06,PORT04,V444_0,2,DTP,3,0,V555555_6,1660578,PLANT03,PORT09,282,2.764706207659339,2.0
1447371315.7,2023-03-08,PORT04,V444_1,1,DTD,0,0,V5555555_22,1683636,PLANT03,PORT09,361,1.0234188461094638,1.0
1447346600.7,2023-03-07,PORT04,V444_0,2,DTP,3,0,V555555_6,1660578,PLANT03,PORT09,494,22.84,2.0
1447323930.7,2023-10-15,PORT04,V444_0,2,DTP,0,0,V55555_26,1675655,PLANT03,PORT09,458,1.7084310080025857,2.0
1447306579.7,2023-11-22,PORT04,V444_1,1,DTD,0,0,V5555555_22,1672651,PLANT03,PORT09,359,1.3298695722635507,1.0
1447304638.7,2023-06-21,PORT04,V444_0,2,DTP,3,0,V55555555_5,1700130,PLANT03,PORT09,2217,1.861402221332293,2.07
1447281408.7,2023-10-15,PORT04,V444_0,2,DTP,3,0,V55555_2,1660551,PLANT03,PORT09,324,2.401585728444004,2.0
1447275685.7,2023-11-01,PORT04,V444_0,2,DTP,3,0,V555555_6,1667817,PLANT03,PORT09,11057,163.32,2.0
1447258832.7,2023-02-22,PORT04,V444_0,2,DTP,3,0,V555555555_3,1688575,PLANT03,PORT09,474,18.086818572369292,2.0
1447236168.7,2023-04-05,PORT04,V444_0,2,DTP,0,0,V555555555555555_29,1688571,PLANT03,PORT09,294,4.40449246755705,2.0
1447229744.7,2023-06-02,PORT04,V444_0,2,DTP,3,0,V55555_4,1656246,PLANT03,PORT09,3244,11.36,2.0
1447220702.7,2023-03-26,PORT04,V444_0,2,DTP,3,0,V55555_4,1683200,PLANT03,PORT09,301,0.20540564373897702,2.0
1447220700.7,2023-12-22,PORT04,V444_0,2,DTP,3,0,V55555_4,1668606,PLANT03,PORT09,371,3.9199999999999995,2.0
1447219343.7,2023-01-20,PORT04,V44_3,2,CRF,3,0,V55555_2,1696748,PLANT03,PORT09,291,0.07170106347502034,2.0
1447216640.7,2023-01-21,PORT04,V444_0,2,DTP,0,0,V555555555_14,1650904,PLANT03,PORT09,609,6.292058823529412,2.0
1447216086.7,2023-09-22,PORT04,V444_0,2,DTP,0,0,V5555555_30,1660579,PLANT03,PORT09,1288,83.39066599164298,2.0
1447214747.7,2023-08-12,PORT04,V444_1,1,DTD,0,0,V5555555_22,1683203,PLANT03,PORT09,800,9.36,1.0
1447212629.7,2023-08-17,PORT04,V444_0,2,DTP,0,0,V555555555_27,1677889,PLANT03,PORT09,487,1.1566039132473043,2.0
1447171066.7,2023-08-30,PORT04,V444_0,2,DTP,3,0,V55555_4,1662317,PLANT03,PORT09,323,0.7366906474820145,2.0
1447164386.7,2023-06-07,PORT04,V444_0,2,DTP,5,0,V55555555_7,1682757,PLANT03,PORT09,330,1.8375402874111784,2.0
1447150571.7,2023-12-08,PORT04,V444_0,2,DTP,0,0,V55555555555_28,1667927,PLANT03,PORT09,45760,24.617904318888456,2.0
1447418500.7,2023-08-19,PORT04,V44_3,0,CRF,0,0,V555555555555555_29,1700980,PLANT03,PORT09,2840,5.76,1.2
1447408706.7,2023-06-11,PORT04,V444_0,2,DTP,5,0,V55555555_7,1689547,PLANT03,PORT09,443,9.070270256015423,2.0
1447405849.7,2023-11-17,PORT04,V444_1,1,DTD,0,0,V5555555_22,1656353,PLANT03,PORT09,701,15.271507058380084,1.0
1447397993.7,2023-01-08,PORT04,V44_3,4,CRF,0,0,V555555555555555_29,1699345,PLANT03,PORT09,2278,5.970027615130569,3.68
1447377758.7,2023-04-16,PORT04,V444_0,2,DTP,0,0,V555555_24,1666954,PLANT03,PORT09,955,8.5,2.0
1447377049.7,2023-06-24,PORT04,V444_0,2,DTP,0,0,V5555_33,1689548,PLANT03,PORT09,301,2.8302319299788237,2.0
1447376478.7,2023-06-08,PORT04,V444_0,2,DTP,0,0,V555555555_27,1623991,PLANT03,PORT09,815,3.86,2.0
1447362502.7,2023-05-27,PORT04,V44_3,4,CRF,0,0,V555555555555_31,1684560,PLANT03,PORT09,9286,4.011579206568387,4.0
1447356534.7,2023-07-25,PORT04,V444_0,2,DTP,0,0,V55555555555_28,1685760,PLANT03,PORT09,17822,6.176896470466376,2.0
1447346525.7,2023-02-19,PORT04,V444_0,2,DTP,0,0,V55555_26,1693230,PLANT03,PORT09,3243,18.76439172365181,2.0
1447343087.7,2023-12-31,PORT04,V444_1,1,DTD,3,0,V5555555_19,1654766,PLANT03,PORT09,2079,27.86,1.0
1447339225.7,2023-03-24,PORT04,V444_0,2,DTP,0,0,V555555555555555_29,1688589,PLANT03,PORT09,287,4.567551104150948,2.0
1447338041.7,2023-05-16,PORT04,V444_1,1,DTD,5,0,V55555555555555_8,1688575,PLANT03,PORT09,821,49.93006921677863,1.0
1447334938.7,2023-06-10,PORT04,V444_0,2,DTP,0,0,V5555_33,1689549,PLANT03,PORT09,310,3.354524036682992,2.0
1447322805.7,2023-06-04,PORT04,V444_1,1,DTD,0,0,V5555555_22,1692949,PLANT03,PORT09,2332,9.731677029641375,1.0
1447321877.7,2023-03-29,PORT04,V444_0,2,DTP,0,0,V5555_33,1690617,PLANT03,PORT09,307,0.6846695886675276,2.0
1447320688.7,2023-11-29,PORT04,V444_1,1,DTD,0,0,V5555555_22,1668344,PLANT03,PORT09,312,0.861810865191147,1.0
1447315619.7,2023-06-16,PORT04,V444_0,2,DTP,0,0,V555555555_14,1687346,PLANT03,PORT09,2238,43.7427544207205,2.0
1447304483.7,2023-04-13,PORT04,V444_1,1,DTD,3,0,V5555555_19,1695349,PLANT03,PORT09,765,4.058914938050665,1.0
1447282075.7,2023-09-08,PORT04,V444_0,2,DTP,0,0,V5555_33,1688571,PLANT03,PORT09,308,1.409437589618256,2.0
1447281380.7,2023-07-09,PORT04,V444_0,2,DTP,5,0,V55555555_7,1669701,PLANT03,PORT09,5120,46.839999999999996,2.0
1447269663.7,2023-09-26,PORT04,V444_1,1,DTD,5,0,V55555555555555_8,1689547,PLANT03,PORT09,902,40.191763123882964,1.0
1447265619.7,2023-07-09,PORT04,V444_0,2,DTP,5,0,V55555555_7,1680915,PLANT03,PORT09,366,1.1816278081263383,2.0
1447228663.7,2023-07-13,PORT04,V444_0,2,DTP,0,0,V555555555_14,1696756,PLANT03,PORT09,430,6.74,2.0
1447225100.7,2023-04-06,PORT04,V444_0,2,DTP,3,0,V555555_6,1699772,PLANT03,PORT09,1279,12.598896267361393,2.0
1447211860.7,2023-06-22,PORT04,V444_0,2,DTP,3,0,V555555_6,1690001,PLANT03,PORT09,297,0.5932592684045039,2.0
1447205759.7,2023-12-06,PORT04,V444_0,2,DTP,0,0,V555555555_27,1696482,PLANT03,PORT09,302,0.6601492918437967,2.0
1447204298.7,2023-02-09,PORT04,V444_0,2,DTP,5,0,V55555555_7,1668547,PLANT03,PORT09,434,0.7966430869576666,2.0
1447200571.7,2023-05-21,PORT04,V444_0,2,DTP,5,0,V55555555_7,1682763,PLANT03,PORT09,266,1.5678589899440507,2.0
1447185803.7,2023-02-09,PORT04,V444_0,2,DTP,0,0,V55555_26,1660897,PLANT03,PORT09,573,1.9854977771519224,2.0
1447183402.7,2023-04-08,PORT04,V444_0,2,DTP,3,1,V555_15,1682832,PLANT03,PORT09,478,16.806450367323496,2.0
1447169058.7,2023-06-18,PORT04,V444_1,1,DTD,5,0,V55555555555555_8,1693747,PLANT03,PORT09,498,30.84,1.0
1447161689.7,2023-07-06,PORT04,V444_1,1,DTD,5,0,V55555555555555_8,1690634,PLANT03,PORT09,326,0.9996064971022485,1.0
1447155210.7,2023-03-25,PORT04,V444_0,2,DTP,3,0,V55555_4,1696075,PLANT03,PORT09,325,0.0466281148969401,2.0
1447144804.7,2023-08-12,PORT04,V444_1,1,DTD,1,0,V555555555555555555_17,1677878,PLANT03,PORT09,2300,6.02,1.0
1447144473.7,2023-09-16,PORT04,V444_1,1,DTD,0,0,V555555555555555555_45,1688587,PLANT03,PORT09,746,40.03686518645397,1.0
1447373474.7,2023-11-29,PORT04,V444_0,2,DTP,3,0,V55555_2,1687346,PLANT03,PORT09,352,2.087137721036025,2.0
1447373451.7,2023-06-05,PORT04,V444_0,2,DTP,3,0,V55555_2,1672091,PLANT03,PORT09,346,11.98,2.0
1447369361.7,2023-06-08,PORT04,V444_1,1,DTD,5,0,V55555555555555_8,1689547,PLANT03,PORT09,594,22.595881561941482,1.0
1447348274.7,2023-10-01,PORT04,V444_0,2,DTP,0,0,V55555_4,1683354,PLANT03,PORT09,289,0.6418871753098636,2.0
1447346526.7,2023-07-23,PORT04,V444_0,2,DTP,0,0,V55555_26,1666954,PLANT03,PORT09,487,2.7449809831014407,2.0
1447330516.7,2023-04-24,PORT04,V444_0,2,DTP,0,0,V555555555555555_29,1689784,PLANT03,PORT09,286,2.7436123348017616,2.0
1447318768.7,2023-09-14,PORT04,V444_1,1,DTD,0,0,V55555555555555_8,1660668,PLANT03,PORT09,388,7.188042714087679,1.0
1447299374.7,2023-03-01,PORT04,V444_1,2,DTD,5,0,V55555555555555_8,1657013,PLANT12,PORT09,360,22.0,2.0
1447293036.7,2023-11-19,PORT04,V444_1,1,DTD,0,0,V5555555_22,1692946,PLANT03,PORT09,5646,26.52846732321079,1.0
1447275626.7,2023-07-20,PORT04,V444_0,2,DTP,3,0,V55555555_0,1689554,PLANT03,PORT09,1284,14.64,2.0
1447269361.7,2023-01-19,PORT04,V444_0,2,DTP,3,0,V555555555_3,1617826,PLANT12,PORT09,344,7.3951515151515155,2.0
1447231183.7,2023-08-14,PORT04,V444_0,2,DTP,0,0,V555555555_27,1668547,PLANT03,PORT09,571,1.9916077173941664,2.0
1447227041.7,2023-08-29,PORT04,V444_0,2,DTP,0,0,V55555_26,1662551,PLANT03,PORT09,2323,3.7980487804878047,2.0
1447225312.7,2023-02-01,PORT04,V444_0,2,DTP,3,0,V55555555_5,1700137,PLANT03,PORT09,39725,47.91893084645777,2.0
1447202848.7,2023-06-21,PORT04,V444_0,2,DTP,0,0,V5555_33,1688575,PLANT03,PORT09,349,4.702572828816016,2.0
1447200382.7,2023-02-20,PORT04,V444_0,2,DTP,5,0,V55555555_7,1683392,PLANT03,PORT09,365,4.311359998146035,2.0
1447189706.7,2023-12-21,PORT04,V444_1,1,DTD,5,0,V55555555555555_8,1688589,PLANT03,PORT09,395,15.616163533283036,1.0
1447182491.7,2023-04-29,PORT04,V444_0,2,DTP,3,0,V55555555_5,1696075,PLANT03,PORT09,1323,5.828514362117512,2.0
1447160000.7,2023-11-05,PORT04,V444_1,1,DTD,5,0,V55555555555555_8,1690630,PLANT03,PORT09,434,4.361361731525621,1.0
1447141579.7,2023-12-26,PORT04,V444_0,2,DTP,0,0,V55_13,1684703,PLANT03,PORT09,390,2.079042486728305,2.0
1447410408.7,2023-12-21,PORT04,V44_3,0,CRF,0,0,V555555555555555_29,1699795,PLANT03,PORT09,13116,30.662692776582322,3.0
1447401976.7,2023-02-25,PORT04,V444_0,2,DTP,0,0,V555555_24,1688633,PLANT03,PORT09,555,21.546586711916103,2.0
1447397847.7,2023-11-16,PORT04,V444_0,2,DTP,3,0,V555555_6,1696758,PLANT03,PORT09,350,3.5983479396166294,2.0
1447384224.7,2023-08-21,PORT04,V444_0,2,DTP,3,0,V555555555_3,1650400,PLANT12,PORT09,405,33.0,2.0
1447346478.7,2023-07-16,PORT04,V444_0,2,DTP,3,0,V5555555_22,1697872,PLANT03,PORT09,643,6.794169287906646,2.0
1447339209.7,2023-03-22,PORT04,V444_0,2,DTP,3,0,V55555_4,1677891,PLANT03,PORT09,3271,9.84,2.0
1447338963.7,2023-09-03,PORT04,V444_0,2,DTP,3,0,V555555_6,1697080,PLANT03,PORT09,2258,11.851561553387768,2.0
1447335991.7,2023-02-21,PORT04,V444_1,1,DTD,5,0,V55555555555555_8,1658528,PLANT03,PORT09,809,4.74,1.0
1447335483.7,2023-02-12,PORT04,V444_0,2,DTP,3,0,V555555555_3,1691544,PLANT03,PORT09,319,3.03974165809851,2.0
1447331097.7,2023-07-19,PORT04,V44_3,4,CRF,0,0,V555555555555_31,1684560,PLANT03,PORT09,3261,1.3371930688561289,4.0
1447329978.7,2023-06-20,PORT09,V44_3,1,CRF,3,0,V55555_53,1697317,PLANT16,PORT09,2936,567.68,1.0
1447312471.7,2023-03-20,PORT04,V44_3,2,CRF,3,0,V55555_2,1684170,PLANT03,PORT09,332,1.8112994158282798,2.0
1447308354.7,2023-04-18,PORT04,V444_0,2,DTP,0,0,V5555_33,1688571,PLANT03,PORT09,275,0.88089849351141,2.0
1447306637.7,2023-01-14,PORT04,V44_3,4,CRF,0,0,V555555555555555_29,1699564,PLANT03,PORT09,10079,8.931931144366747,2.76
1447302679.7,2023-04-23,PORT04,V444_0,2,DTP,5,0,V55555555_7,1682784,PLANT03,PORT09,370,3.2330958258796225,2.0
1447296432.7,2023-10-15,PORT04,V444_1,1,DTD,0,0,V555555555555555555_45,1682730,PLANT03,PORT09,257,2.613513130495446,1.0
1447291658.7,2023-05-24,PORT04,V444_0,2,DTP,0,0,V5555555555_1,1681377,PLANT13,PORT09,287,0.9630508665891935,2.0
1447269560.7,2023-02-13,PORT04,V444_1,1,DTD,3,0,V5555555_19,1692109,PLANT03,PORT09,299,0.227828389557054,1.0
1447269403.7,2023-03-27,PORT04,V444_0,2,DTP,0,0,V5555_33,1677891,PLANT03,PORT09,2533,6.46,2.0
1447224427.7,2023-01-22,PORT04,V444_0,2,DTP,5,0,V55555555_7,1699570,PLANT03,PORT09,2750,2.9378515497560973,2.0
1447208257.7,2023-02-18,PORT04,V444_0,2,DTP,3,0,V55555555_5,1699948,PLANT03,PORT09,350,3.299262790136219,2.0
1447182848.7,2023-09-15,PORT04,V444_1,1,DTD,3,0,V5555555_19,1696074,PLANT03,PORT09,591,2.574953042269029,1.0
1447174501.7,2023-07-28,PORT04,V444_0,2,DTP,3,0,V555555555_3,1682835,PLANT03,PORT09,294,1.2338159215256619,2.0
1447156637.7,2023-08-22,PORT04,V444_0,2,DTP,3,0,V555555_6,1660885,PLANT03,PORT09,299,0.4059639721618389,2.0
1447410893.7,2023-12-07,PORT04,V444_0,2,DTP,0,0,V55_13,1668545,PLANT03,PORT09,335,1.0565803351693426,2.0
1447403131.7,2023-05-12,PORT04,V444_0,2,DTP,0,0,V555555555_27,1696074,PLANT03,PORT09,294,0.2397370073836682,2.0
1447367880.7,2023-08-20,PORT04,V444_0,2,DTP,0,0,V55555_26,1669409,PLANT03,PORT09,611,2.7450274787322146,2.0
1447356015.7,2023-11-06,PORT04,V444_0,2,DTP,0,0,V555555555_27,1655818,PLANT03,PORT09,4299,13.877245070775915,2.0
1447355973.7,2023-05-22,PORT04,V444_0,2,DTP,0,0,V555555555_27,1672706,PLANT03,PORT09,269,1.4128055260361316,2.0
1447351802.7,2023-02-22,PORT04,V444_0,2,DTP,0,0,V55_13,1696758,PLANT03,PORT09,382,2.998623283013858,2.0
1447336246.7,2023-12-25,PORT04,V444_0,2,DTP,3,0,V55555555_0,1675655,PLANT03,PORT09,819,4.6,2.0
1447297880.7,2023-07-21,PORT04,V444_1,2,DTD,0,0,V55555_10,1681699,PLANT12,PORT09,308,13.755408904844389,2.0
1447296415.7,2023-05-25,PORT04,V444_0,2,DTP,3,0,V555555_6,1692402,PLANT03,PORT09,252,0.30212765957446813,2.0
1447281342.7,2023-10-28,PORT04,V444_0,2,DTP,5,0,V55555555_7,1658528,PLANT03,PORT09,326,0.8599106084101065,2.0
1447280064.7,2023-05-08,PORT04,V444_0,2,DTP,0,0,V5555_33,1688571,PLANT03,PORT09,309,0.176179698702282,2.0
1447271423.7,2023-10-11,PORT04,V444_0,2,DTP,0,0,V55_13,1682784,PLANT03,PORT09,451,10.48571619204202,2.0
1447247290.7,2023-09-11,PORT04,V444_1,1,DTD,5,0,V55555555555555_8,1688288,PLANT03,PORT09,398,8.528172641340142,1.0
1447240430.7,2023-11-01,PORT04,V444_1,1,DTD,5,0,V55555555555555_8,1688633,PLANT03,PORT09,393,8.721724900905818,1.0
1447239932.7,2023-06-10,PORT04,V444_0,2,DTP,0,0,V555555_24,1689548,PLANT03,PORT09,330,4.91566598364743,2.0
1447232772.7,2023-11-24,PORT04,V444_1,1,DTD,0,0,V5555555_22,1644308,PLANT03,PORT09,472,8.597041054559508,1.0
1447230010.7,2023-03-16,PORT04,V444_0,2,DTP,5,0,V55555555_7,1669701,PLANT03,PORT09,897,6.11,2.0
1447226264.7,2023-12-02,PORT04,V444_1,1,DTD,0,0,V5555555_22,1682784,PLANT03,PORT09,408,8.039049080565547,1.0
1447224514.7,2023-01-21,PORT04,V444_0,2,DTP,0,0,V55555_26,1699946,PLANT03,PORT09,436,3.593713823278799,2.0
1447219363.7,2023-11-27,PORT04,V444_0,2,DTP,0,0,V555555555_27,1678652,PLANT03,PORT09,1911,28.260000000000005,2.0
1447212503.7,2023-09-13,PORT04,V444_0,2,DTP,0,0,V555555555_27,1695348,PLANT03,PORT09,1049,2.8151151199623503,2.0
1447208238.7,2023-05-26,PORT04,V444_0,2,DTP,3,0,V555555_6,1699948,PLANT03,PORT09,2277,62.98525580272438,2.0
1447183918.7,2023-03-13,PORT04,V444_1,1,DTD,3,0,V5555_20,1699948,PLANT03,PORT09,1122,29.515851669736065,1.0
1447183448.7,2023-08-05,PORT04,V444_0,2,DTP,0,0,V555555555_27,1662552,PLANT03,PORT09,1257,3.42,2.0
1447175688.7,2023-03-04,PORT04,V444_0,3,DTD,0,0,V555555555555555555_42,1671426,PLANT03,PORT09,15269,9.595697599696292,3.0
1447146892.7,2023-10-10,PORT04,V444_0,2,DTP,0,0,V55_13,1668545,PLANT03,PORT09,326,0.9192248915973281,2.0
1447144468.7,2023-03-13,PORT04,V444_1,1,DTD,0,0,V555555555555555555_45,1690627,PLANT03,PORT09,307,1.9209192745839037,1.0
1447413505.7,2023-07-03,PORT04,V444_0,2,DTP,0,0,V55555_4,1672110,PLANT03,PORT09,370,4.203343689558138,2.0
1447400412.7,2023-10-29,PORT04,V444_0,2,DTP,0,0,V55555555555_28,1667934,PLANT03,PORT09,4282,0.8190994870552318,2.0
1447388155.7,2023-12-15,PORT04,V444_0,2,DTP,0,0,V555555555555555_29,1689544,PLANT03,PORT09,262,0.5363107886788753,2.0
1447373480.7,2023-10-17,PORT04,V44_3,2,CRF,3,0,V55555_2,1696757,PLANT03,PORT09,301,2.177284597389611,2.0
1447373437.7,2023-09-08,PORT04,V444_0,2,DTP,3,0,V55555_2,1677878,PLANT03,PORT09,851,1.9334272432736959,2.0
1447371269.7,2023-07-15,PORT04,V444_1,1,DTD,0,0,V5555555_22,1683634,PLANT03,PORT09,266,0.4638986608556989,1.0
1447369704.7,2023-02-18,PORT04,V444_0,2,DTP,3,0,V555555555_3,1682769,PLANT03,PORT09,335,4.602678908652896,2.0
1447343143.7,2023-12-29,PORT04,V444_1,1,DTD,5,0,V55555555555555_8,1690627,PLANT03,PORT09,356,2.3051031295006843,1.0
1447306652.7,2023-10-13,PORT04,V444_1,1,DTD,0,0,V5555555_22,1672651,PLANT03,PORT09,693,7.513763083289061,1.0
1447283707.7,2023-04-04,PORT04,V444_0,2,DTP,0,0,V55555_26,1680210,PLANT03,PORT09,422,0.19798238057956455,2.0
1447251208.7,2023-01-03,PORT04,V444_0,2,DTP,3,0,V555555_6,1672713,PLANT03,PORT09,338,4.300859598853869,2.0
1447240714.7,2023-08-16,PORT04,V444_1,1,DTD,5,0,V55555555555555_8,1676565,PLANT03,PORT09,441,2.7785787163364586,1.0
1447221455.7,2023-12-27,PORT04,V444_0,2,DTP,3,0,V55555555_5,1666992,PLANT12,PORT09,299,1.254020210397027,2.0
1447218572.7,2023-08-16,PORT04,V444_0,2,DTP,0,0,V555555555_14,1696754,PLANT03,PORT09,296,3.2022526934007667,2.0
1447210179.7,2023-11-15,PORT04,V444_0,2,DTP,0,0,V555555555_14,1696754,PLANT03,PORT09,249,0.5337087822334611,2.0
1447206044.7,2023-09-20,PORT04,V444_0,2,DTP,3,0,V55555555_0,1689554,PLANT03,PORT09,869,8.739774330042314,2.0
1447187278.7,2023-02-10,PORT04,V444_0,2,DTP,0,0,V5555_25,1695346,PLANT03,PORT09,427,0.38319143667791467,2.0
1447184227.7,2023-06-01,PORT04,V444_1,1,DTD,5,0,V55555555555555_8,1689551,PLANT03,PORT09,283,1.4927162399223532,1.0
1447175689.7,2023-11-07,PORT04,V444_0,3,DTD,0,0,V555555555555555555_42,1671426,PLANT03,PORT09,15331,9.595697599696292,3.0
1447174702.7,2023-04-19,PORT04,V444_0,2,DTP,3,0,V55555_4,1668545,PLANT03,PORT09,532,2.2188187038556197,2.0
1447161685.7,2023-07-27,PORT04,V444_0,2,DTP,3,0,V555555_6,1651302,PLANT03,PORT09,445,0.7967525278618348,2.0
1447159893.7,2023-05-14,PORT04,V444_0,2,DTP,0,0,V555555555_14,1668547,PLANT03,PORT09,5398,35.86,2.0
1447145768.7,2023-03-09,PORT04,V444_0,2,DTP,0,0,V5555_33,1688633,PLANT03,PORT09,259,0.09278430745644486,2.0
1447145258.7,2023-06-12,PORT04,V444_1,1,DTD,0,0,V5555555_22,1680915,PLANT03,PORT09,382,3.18,1.0
1447137160.7,2023-09-06,PORT04,V444_0,2,DTP,3,0,V55555555_5,1696074,PLANT03,PORT09,350,0.8879148421617342,2.0
1447418379.7,2023-03-23,PORT04,V444_0,2,DTP,5,0,V55555555_7,1669409,PLANT03,PORT09,545,2.6741880599262218,2.0
1447405749.7,2023-07-31,PORT04,V444_1,1,DTD,0,0,V5555555_22,1693865,PLANT03,PORT09,645,4.36668141841975,1.0
1447402185.7,2023-08-29,PORT04,V444_1,1,DTD,0,0,V55555555555555_8,1689548,PLANT03,PORT09,393,12.17196814465325,1.0
1447373465.7,2023-03-23,PORT04,V44_3,2,CRF,3,0,V55555_2,1677889,PLANT03,PORT09,281,0.05783019566236522,2.0
1447373403.7,2023-05-30,PORT04,V444_0,2,DTP,3,0,V55555_2,1669702,PLANT03,PORT09,283,0.8874606289308178,2.0
1447364451.7,2023-09-06,PORT04,V444_0,2,DTP,0,0,V5555_33,1688633,PLANT03,PORT09,265,0.18556861491288973,2.0
1447346550.7,2023-08-03,PORT04,V444_0,2,DTP,3,0,V55555_4,1672110,PLANT03,PORT09,320,1.8014330098106308,2.0
1447334712.7,2023-10-24,PORT04,V444_1,1,DTD,5,0,V55555555555555_8,1693747,PLANT03,PORT09,355,14.416548194483937,1.0
1447334705.7,2023-11-10,PORT04,V444_0,2,DTP,0,0,V5555_33,1688285,PLANT03,PORT09,321,0.3908732232751737,2.0
1447332111.7,2023-09-13,PORT04,V444_0,2,DTP,0,0,V55555_26,1664069,PLANT03,PORT09,4481,24.541341016038533,2.0
1447308841.7,2023-11-24,PORT04,V444_0,2,DTP,0,0,V555555555555555_29,1682760,PLANT03,PORT09,364,4.2701211340017595,2.0
1447265562.7,2023-05-29,PORT04,V444_0,2,DTP,3,0,V55555555_0,1677891,PLANT03,PORT09,721,1.3228507614213196,2.0
1447241419.7,2023-07-16,PORT04,V444_0,2,DTP,5,0,V55555555_7,1683407,PLANT03,PORT09,484,24.904286984879924,2.0
1447233206.7,2023-06-10,PORT04,V444_0,3,DTP,0,0,V55555555_5,1684862,PLANT03,PORT09,109272,98.00000000000001,2.91
1447182913.7,2023-08-21,PORT04,V444_1,1,DTD,3,0,V5555555_19,1689146,PLANT03,PORT09,8279,12.58,1.0
1447172389.7,2023-09-23,PORT04,V444_0,2,DTP,3,0,V55555_2,1689032,PLANT03,PORT09,481,4.14,2.0
1447169797.7,2023-05-01,PORT04,V444_0,2,DTP,0,0,V555555555_14,1696747,PLANT03,PORT09,901,27.419629262921905,2.0
1447152803.7,2023-07-09,PORT04,V444_0,2,DTP,0,0,V555555555_14,1657064,PLANT03,PORT09,490,1.5516243775406768,2.0
1447145262.7,2023-08-10,PORT04,V444_0,2,DTP,0,0,V55555555_5,1655982,PLANT03,PORT09,653,2.54,2.0
1447144879.7,2023-06-20,PORT04,V444_1,1,DTD,5,0,V55555555555555_8,1690619,PLANT03,PORT09,294,1.6075417588367822,1.0
1447141880.7,2023-10-30,PORT04,V444_0,2,DTP,3,0,V55555_2,1682757,PLANT03,PORT09,287,0.6681964681495194,2.0
1447141619.7,2023-03-28,PORT04,V444_1,1,DTD,3,0,V5555_20,1693453,PLANT03,PORT09,5268,24.80920670304411,1.0
1447137161.7,2023-07-27,PORT04,V444_0,2,DTP,3,0,V55555555_5,1696074,PLANT03,PORT09,395,0.8879148421617342,2.0
1447395153.7,2023-12-30,PORT04,V444_1,1,DTD,5,0,V55555555555555_8,1688610,PLANT03,PORT09,311,0.8671589670485417,1.0
1447383132.7,2023-05-28,PORT04,V444_1,1,DTD,0,0,V555555555555555555_45,1682736,PLANT03,PORT09,308,4.459558823529412,1.0
1447381733.7,2023-06-24,PORT04,V444_0,2,DTP,0,0,V555555555_27,1677692,PLANT03,PORT09,3155,211.09999999999997,2.0
1447361989.7,2023-12-16,PORT04,V444_0,2,DTP,0,0,V55555_26,1675654,PLANT03,PORT09,1309,9.02,2.0
1447344845.7,2023-09-07,PORT04,V44_3,0,CRF,0,0,V555555555555555_29,1699314,PLANT03,PORT09,1156,6.446666666666666,0.04
1447320655.7,2023-05-16,PORT04,V44_3,0,CRF,0,0,V555555555555555_29,1699315,PLANT03,PORT09,19176,51.97976608393829,1.0
1447312510.7,2023-07-06,PORT04,V444_0,2,DTP,3,0,V5555555_12,1672706,PLANT03,PORT09,295,2.8256110520722633,2.0
1447310851.7,2023-04-10,PORT04,V444_0,2,DTP,0,0,V55_13,1696754,PLANT03,PORT09,622,16.011263467003833,2.0
1447304794.7,2023-05-27,PORT04,V44_3,2,CRF,3,0,V55555_2,1674853,PLANT03,PORT09,286,4.103086053412461,2.0
1447295076.7,2023-04-14,PORT04,V44_3,0,CRF,3,0,V55555555_32,1699290,PLANT03,PORT09,35263,15.84,0.0
1447281854.7,2023-03-04,PORT04,V444_0,2,DTP,0,0,V555555555_27,1696756,PLANT03,PORT09,335,3.9307006369426745,2.0
1447266992.7,2023-01-26,PORT04,V444_0,2,DTP,3,0,V555555555_3,1682796,PLANT03,PORT09,416,11.548544086511438,2.0
1447265518.7,2023-05-29,PORT04,V444_0,2,DTP,5,0,V55555555_7,1669409,PLANT03,PORT09,1053,5.74,2.0
1447254154.7,2023-07-29,PORT04,V44_3,4,CRF,0,0,V555555555555555_29,1699557,PLANT03,PORT09,1141,3.0459392853143874,4.0
1447219339.7,2023-02-20,PORT04,V444_0,2,DTP,3,0,V55555_4,1662395,PLANT03,PORT09,302,1.616412325487481,2.0
1447198885.7,2023-08-18,PORT04,V444_0,2,DTP,0,0,V55555_26,1699952,PLANT03,PORT09,974,26.816041311214562,2.0
1447183471.7,2023-10-01,PORT04,V444_0,2,DTP,5,0,V55555555_7,1683409,PLANT03,PORT09,269,1.8764892407159026,2.0
1447183418.7,2023-06-08,PORT04,V444_0,2,DTP,3,0,V55555_2,1696746,PLANT03,PORT09,331,2.121327224520186,2.0
1447171116.7,2023-02-26,PORT04,V444_0,2,DTP,0,0,V555555555_27,1677891,PLANT03,PORT09,6233,15.86,2.0
1447170694.7,2023-11-28,PORT04,V444_0,2,DTP,3,0,V55555_2,1660579,PLANT03,PORT09,395,12.654693238830015,2.0
1447167720.7,2023-04-03,PORT04,V444_0,2,DTP,0,0,V55_13,1663396,PLANT03,PORT09,841,28.263339232884174,2.0
1447373467.7,2023-09-30,PORT04,V444_0,2,DTP,3,0,V55555_2,1689547,PLANT03,PORT09,758,33.99313593656914,2.0
1447367934.7,2023-04-26,PORT04,V444_0,2,DTP,0,0,V55555_26,1669409,PLANT03,PORT09,823,4.870210042911993,2.0
1447367882.7,2023-10-07,PORT04,V444_0,2,DTP,0,0,V55555_26,1655818,PLANT03,PORT09,1289,3.219311267693979,2.0
1447366429.7,2023-02-27,PORT04,V44_3,0,CRF,0,0,V555555555555555_29,1699567,PLANT03,PORT09,2794,2.054532045599119,3.0
1447360776.7,2023-01-23,PORT04,V444_0,2,DTP,3,0,V55555_4,1675654,PLANT03,PORT09,1758,12.88,2.0
1447328084.7,2023-12-31,PORT04,V44_3,0,CRF,0,0,V5555555_12,1699557,PLANT03,PORT09,688,1.5229696426571937,0.0
1447327234.7,2023-03-13,PORT04,V444_0,2,DTP,0,0,V555555555555555_29,1682760,PLANT03,PORT09,310,4.2701211340017595,2.0
1447318452.7,2023-07-01,PORT04,V444_1,1,DTD,5,0,V55555555555555_8,1699433,PLANT03,PORT09,375,11.448002416868903,1.0
1447306484.7,2023-09-21,PORT04,V444_1,1,DTD,0,0,V5555555_22,1644308,PLANT03,PORT09,350,3.008964369095828,1.0
1447302711.7,2023-04-29,PORT04,V44_3,0,CRF,3,0,V55555555_32,1699576,PLANT03,PORT09,15865,17.94294172400747,0.0
1447277443.7,2023-03-17,PORT04,V444_0,2,DTP,3,0,V5555555_12,1662552,PLANT03,PORT09,303,0.022933811399200903,2.0
1447265626.7,2023-03-22,PORT04,V444_0,2,DTP,0,0,V555555555_27,1692114,PLANT03,PORT09,315,0.5857794668299804,2.0
1447264915.7,2023-09-15,PORT04,V444_1,1,DTD,5,0,V55555555555555_8,1689549,PLANT03,PORT09,379,5.7506126343137005,1.0
1447259914.7,2023-07-09,PORT04,V444_1,1,DTD,5,0,V55555555555555_8,1689541,PLANT03,PORT09,359,14.585650446871886,1.0
1447251755.7,2023-04-10,PORT04,V444_1,2,DTD,5,0,V55555555555555_8,1666961,PLANT12,PORT09,297,12.8,2.0
1447243154.7,2023-02-06,PORT04,V444_0,2,DTP,0,0,V555555_24,1685332,PLANT12,PORT09,315,1.6,2.0
1447237003.7,2023-04-11,PORT04,V444_0,2,DTP,0,0,V555555555_27,1687346,PLANT03,PORT09,772,11.02,2.0
1447230406.7,2023-12-21,PORT04,V444_0,2,DTP,3,0,V555555_6,1700097,PLANT03,PORT09,339,0.17872193436960276,2.0
1447227117.7,2023-04-26,PORT04,V444_0,2,DTP,0,0,V55_13,1672714,PLANT03,PORT09,378,2.3538207329332104,2.0
1447205699.7,2023-12-07,PORT04,V444_1,1,DTD,0,0,V5555555_22,1656348,PLANT03,PORT09,621,15.680743653843415,1.0
1447204299.7,2023-10-02,PORT04,V444_0,2,DTP,5,0,V55555555_7,1668547,PLANT03,PORT09,721,3.3459009652222,2.0
1447200608.7,2023-09-25,PORT04,V444_0,2,DTP,5,0,V55555555_7,1689548,PLANT03,PORT09,445,9.874048994129163,2.0
1447182881.7,2023-10-05,PORT04,V44_3,0,CRF,3,0,V55555555_32,1699553,PLANT03,PORT09,1154,3.4817178038761125,0.0
1447179666.7,2023-05-16,PORT04,V444_1,1,DTD,5,0,V55555555555555_8,1688575,PLANT03,PORT09,511,19.086818572369292,1.0
1447170787.7,2023-05-02,PORT04,V444_1,1,DTD,0,0,V5555555_22,1660579,PLANT03,PORT09,484,17.897351866345307,1.0
1447156282.7,2023-10-05,PORT04,V44_3,4,CRF,0,0,V555555555555_31,1684560,PLANT03,PORT09,3268,1.3371930688561289,4.0
1447423387.7,2023-07-30,PORT04,V444_0,2,DTP,5,0,V55555555_7,1699540,PLANT09,PORT09,101069,171.92019961415576,2.0
1447396719.7,2023-03-02,PORT04,V444_0,2,DTP,0,0,V55_13,1658532,PLANT03,PORT09,472,3.1400000000000006,2.0
1447386483.7,2023-05-19,PORT04,V444_0,2,DTP,3,1,V555_15,1677878,PLANT03,PORT09,974,2.732825045781089,2.0
1447385925.7,2023-10-14,PORT04,V44_3,0,CRF,3,0,V55555555_32,1699329,PLANT03,PORT09,5040,23.25330555413262,0.0
1447373502.7,2023-01-19,PORT04,V44_3,2,CRF,3,0,V55555_2,1658528,PLANT03,PORT09,303,0.28663686947003547,2.0
1447367413.7,2023-08-21,PORT04,V444_0,2,DTP,0,0,V555555_24,1679638,PLANT03,PORT09,1247,3.381662044037619,2.0
1447328003.7,2023-04-23,PORT04,V444_0,2,DTP,0,0,V555555555_27,1689145,PLANT03,PORT09,5329,9.48,2.0
1447322708.7,2023-04-12,PORT04,V44_3,0,CRF,3,0,V55555555_32,1699689,PLANT03,PORT09,4469,17.941078291666667,0.0
1447312470.7,2023-08-21,PORT04,V44_3,2,CRF,3,0,V55555_2,1684170,PLANT03,PORT09,276,1.0143276728638366,2.0
1447294179.7,2023-07-30,PORT04,V444_0,2,DTP,0,0,V55555_26,1683560,PLANT03,PORT09,35321,332.9551384947021,2.0
1447265605.7,2023-04-26,PORT04,V444_0,2,DTP,3,0,V5555555_22,1697872,PLANT03,PORT09,360,2.1034579838720266,2.0
1447258758.7,2023-07-23,PORT04,V444_0,2,DTP,3,0,V5555555_22,1683199,PLANT03,PORT09,2002,34.56058409595999,2.0
1447234897.7,2023-12-22,PORT04,V444_0,2,DTP,3,0,V5555555_22,1676566,PLANT03,PORT09,532,2.518890310471552,2.0
1447226270.7,2023-05-05,PORT04,V444_1,1,DTD,0,0,V5555555_22,1675655,PLANT03,PORT09,319,0.079726780373454,1.0
1447223636.7,2023-03-24,PORT04,V444_1,1,DTD,0,0,V5555555_22,1683636,PLANT03,PORT09,377,1.7149180664536958,1.0
1447209485.7,2023-06-29,PORT04,V444_0,2,DTP,0,0,V555555555_27,1677878,PLANT03,PORT09,776,1.9706085364135746,2.0
1447201984.7,2023-07-05,PORT04,V44_3,2,CRF,3,0,V55555_2,1696758,PLANT03,PORT09,263,1.139476847545266,2.0
1447194635.7,2023-10-23,PORT04,V444_0,2,DTP,0,0,V5555_33,1688629,PLANT03,PORT09,298,0.7174612427131238,2.0
1447188084.7,2023-04-20,PORT04,V444_0,2,DTP,5,0,V55555555_7,1668547,PLANT03,PORT09,341,0.47798585217459993,2.0
1447167707.7,2023-07-06,PORT04,V444_1,1,DTD,0,0,V5555555_22,1672676,PLANT03,PORT09,822,15.440000000000001,1.0
1447151045.7,2023-10-17,PORT04,V444_0,2,DTP,3,0,V55555_4,1656246,PLANT03,PORT09,5290,20.599999999999998,2.0
1447335406.7,2023-12-27,PORT04,V444_1,1,DTD,0,0,V5555555_22,1672661,PLANT03,PORT09,587,7.043188639711519,1.0
1447327229.7,2023-11-02,PORT04,V44_3,0,CRF,0,0,V555555555555555_29,1699574,PLANT03,PORT09,3658,5.552169441771632,0.48
1447320801.7,2023-08-12,PORT04,V44_3,0,CRF,0,0,V555555555555555_29,1699329,PLANT03,PORT09,8665,45.193284719732084,0.4
1447306326.7,2023-11-05,PORT04,V444_1,1,DTD,0,0,V5555555_22,1683634,PLANT03,PORT09,675,6.687872360669659,1.0
1447300060.7,2023-02-04,PORT04,V444_0,2,DTP,3,0,V55555555_7,1652644,PLANT03,PORT09,328,0.6542521008403361,2.0
1447289692.7,2023-10-29,PORT04,V444_0,2,DTP,3,0,V55555_2,1672091,PLANT03,PORT09,344,3.934771063359211,2.0
1447288044.7,2023-09-02,PORT04,V444_0,2,DTP,0,0,V555555555_14,1689147,PLANT03,PORT09,518,0.9414411769024095,2.0
1447283777.7,2023-10-28,PORT04,V444_0,2,DTP,3,0,V555555_6,1668347,PLANT03,PORT09,523,20.56,2.0
1447234966.7,2023-10-09,PORT04,V444_0,2,DTP,3,0,V5555555_22,1683636,PLANT03,PORT09,322,1.7425780352674651,2.0
1447219819.7,2023-01-03,PORT04,V444_1,1,DTD,0,0,V555555555555555555_45,1683392,PLANT03,PORT09,331,4.490999998068786,1.0
1447215353.7,2023-01-30,PORT04,V444_0,2,DTP,0,0,V555555_24,1689550,PLANT03,PORT09,331,0.8177965229577991,2.0
1447201775.7,2023-02-23,PORT04,V444_0,2,DTP,0,0,V555555555_14,1691700,PLANT08,PORT09,4118,21.85986929883893,2.0
1447198835.7,2023-10-27,PORT04,V444_1,1,DTD,1,0,V555555555555555555_17,1696073,PLANT03,PORT09,995,4.541572135322901,1.0
1447189605.7,2023-05-04,PORT04,V444_1,1,DTD,5,0,V55555555555555_8,1690634,PLANT03,PORT09,329,0.24990162427556212,1.0
1447188659.7,2023-03-16,PORT04,V444_1,1,DTD,5,0,V55555555555555_8,1688571,PLANT03,PORT09,475,17.6179698702282,1.0
1447182484.7,2023-04-23,PORT04,V444_1,1,DTD,5,0,V55555555555555_8,1690616,PLANT03,PORT09,285,0.47135044828415773,1.0
1447180378.7,2023-08-20,PORT04,V444_0,2,DTP,0,0,V5555_33,1661119,PLANT12,PORT09,256,2.0576939831864633,2.0
1447147490.7,2023-08-17,PORT04,V444_1,1,DTD,0,0,V5555555_22,1682784,PLANT03,PORT09,370,9.437144572837818,1.0
1447416254.7,2023-01-11,PORT04,V444_0,2,DTP,3,1,V555_15,1681878,PLANT08,PORT09,1069,3.0977760466629154,2.0
1447402331.7,2023-06-23,PORT04,V444_0,2,DTP,0,0,V55_13,1696757,PLANT03,PORT09,312,5.007754573996104,2.0
1447371474.7,2023-05-31,PORT04,V444_0,2,DTP,3,0,V55555_4,1683704,PLANT03,PORT09,895,3.1525601555987772,2.0
1447365252.7,2023-09-10,PORT04,V444_0,2,DTP,3,1,V555_15,1651298,PLANT03,PORT09,2277,4.596727272727272,2.0
1447352343.7,2023-04-15,PORT04,V444_0,2,DTP,0,0,V55555555555_28,1700128,PLANT03,PORT09,101098,116.18011221518988,2.01
1447348350.7,2023-05-03,PORT04,V444_1,1,DTD,5,0,V55555555555555_8,1689545,PLANT03,PORT09,248,0.6797114104784421,1.0
1447346495.7,2023-11-28,PORT04,V444_0,2,DTP,3,0,V555555_6,1672661,PLANT03,PORT09,402,2.507960346484814,2.0
1447326450.7,2023-09-23,PORT04,V444_1,1,DTD,5,0,V55555555555555_8,1688633,PLANT03,PORT09,425,9.278430745644487,1.0
1447304747.7,2023-05-18,PORT04,V444_0,2,DTP,3,0,V555555_6,1697086,PLANT03,PORT09,338,0.31833885751420926,2.0
1447300085.7,2023-05-15,PORT04,V444_1,2,DTD,5,0,V55555555555555_8,1666961,PLANT12,PORT09,361,30.0,2.0
1447291623.7,2023-11-08,PORT04,V444_0,2,DTP,3,0,V555555_6,1680561,PLANT03,PORT09,3531,42.64,2.0
1447258883.7,2023-09-25,PORT04,V444_0,2,DTP,0,0,V5555_33,1689544,PLANT03,PORT09,313,0.6435729464146502,2.0
1447255583.7,2023-10-25,PORT04,V44_3,0,CRF,0,0,V5555555_30,1699540,PLANT03,PORT09,3461,5.743498400449389,0.0
1447234021.7,2023-07-16,PORT04,V444_1,1,DTD,0,0,V5555555_22,1699799,PLANT03,PORT09,5248,4.191591788535211,1.0
1447219837.7,2023-07-24,PORT04,V444_1,1,DTD,5,0,V55555555555555_8,1688629,PLANT03,PORT09,325,4.484132766957024,1.0
1447215486.7,2023-08-20,PORT04,V444_0,2,DTP,3,0,V55555555_5,1699946,PLANT03,PORT09,403,2.3958092155191997,2.0
1447196794.7,2023-04-27,PORT04,V444_0,2,DTP,3,0,V555555_6,1660578,PLANT03,PORT09,439,18.1,2.0
1447195159.7,2023-02-22,PORT04,V444_0,2,DTP,3,0,V55555_2,1666954,PLANT03,PORT09,282,0.4254720523807233,2.0
1447191812.7,2023-07-18,PORT04,V444_0,2,DTP,3,0,V55555_2,1658532,PLANT03,PORT09,274,0.8192729619272964,2.0
1447189559.7,2023-01-14,PORT04,V444_0,2,DTD,0,0,V555_41,1692333,PLANT03,PORT09,11266,2.9914119688762284,2.0
1447182457.7,2023-07-27,PORT04,V44_3,4,CRF,0,0,V555555555555555_29,1699311,PLANT03,PORT09,2971,20.58,3.56
1447182264.7,2023-04-05,PORT04,V444_0,2,DTP,0,0,V5555_33,1688629,PLANT03,PORT09,265,0.3587306213565619,2.0
1447172040.7,2023-04-14,PORT04,V44_3,4,CRF,0,0,V555555555555_31,1684560,PLANT03,PORT09,3296,1.3371930688561289,4.0
1447169613.7,2023-05-24,PORT04,V444_0,2,DTP,0,0,V555555555_14,1689147,PLANT03,PORT09,485,0.9414411769024095,2.0
1447167557.7,2023-05-22,PORT04,V444_0,2,DTP,3,0,V555555_6,1671939,PLANT03,PORT09,854,68.42961403356348,2.0
1447164388.7,2023-12-22,PORT04,V444_0,2,DTP,5,0,V55555555_7,1672117,PLANT03,PORT09,356,13.56,2.0
1447163975.7,2023-08-06,PORT04,V444_0,2,DTP,0,0,V5555_33,1689548,PLANT03,PORT09,304,0.14895957526204334,2.0
1447159984.7,2023-11-06,PORT04,V444_0,2,DTP,3,0,V555555_6,1677889,PLANT03,PORT09,302,0.28915097831182607,2.0
1447423386.7,2023-07-05,PORT04,V444_0,2,DTP,5,0,V55555555_7,1699670,PLANT09,PORT09,9264,26.239000440005693,2.0
1447418513.7,2023-08-28,PORT04,V444_0,2,DTP,3,0,V55555_2,1668099,PLANT03,PORT09,1106,96.04,2.0
1447410310.7,2023-07-21,PORT04,V444_1,1,DTD,0,0,V5555555555555_16,1682805,PLANT03,PORT09,271,0.1718299495991315,1.0
1447367671.7,2023-11-04,PORT04,V444_0,2,DTP,0,0,V555555555_14,1691700,PLANT08,PORT09,4172,23.85986929883893,2.0
1447364608.7,2023-05-11,PORT04,V444_0,2,DTP,0,0,V555555555_14,1700118,PLANT03,PORT09,361,3.5334596530568723,2.0
1447360911.7,2023-12-11,PORT04,V444_1,1,DTD,0,0,V555555555555555555_45,1688575,PLANT03,PORT09,1395,101.99920679112343,1.0
1447358789.7,2023-05-27,PORT09,V444_0,0,DTP,3,0,V555555_6,1686435,PLANT16,PORT09,304,527.5344724360865,0.0
1447356136.7,2023-10-25,PORT04,V444_0,2,DTP,3,0,V55555555_5,1646393,PLANT13,PORT09,303,7.929411764705883,2.0
1447344846.7,2023-06-20,PORT04,V444_0,2,DTP,0,0,V55555_26,1660897,PLANT03,PORT09,336,0.3970995554303845,2.0
1447313765.7,2023-12-19,PORT04,V444_0,2,DTP,0,0,V55555_26,1683560,PLANT03,PORT09,4452,45.073897370073794,2.0
1447285391.7,2023-02-06,PORT04,V444_1,2,DTD,5,0,V55555555555555_8,1685321,PLANT12,PORT09,239,1.4,2.0
1447269654.7,2023-10-09,PORT04,V444_1,1,DTD,0,0,V555555555555555555_45,1682832,PLANT03,PORT09,385,13.354837775492621,1.0
1447267051.7,2023-02-06,PORT04,V444_0,2,DTP,0,0,V5555555_30,1660579,PLANT03,PORT09,1796,146.58599898746445,2.0
1447267028.7,2023-06-29,PORT04,V444_0,2,DTP,3,0,V555555_6,1685211,PLANT03,PORT09,846,11.22,2.0
1447254396.7,2023-06-05,PORT04,V44_3,0,CRF,3,0,V55555555_32,1699591,PLANT03,PORT09,1216,2.811282608074667,0.0
1447243310.7,2023-09-02,PORT04,V444_1,1,DTD,3,0,V5555555_19,1699772,PLANT03,PORT09,475,2.656147245225759,1.0
1447242306.7,2023-04-10,PORT04,V444_0,2,DTP,0,0,V55555555555_28,1674598,PLANT03,PORT09,3779,1.6278126990700472,2.0
1447230877.7,2023-01-06,PORT04,V444_1,1,DTD,0,0,V5555555_22,1683636,PLANT03,PORT09,351,1.8808778793363117,1.0
1447225332.7,2023-04-05,PORT04,V444_0,2,DTP,3,0,V55555_2,1666954,PLANT03,PORT09,1295,11.98,2.0
1447224451.7,2023-07-04,PORT04,V444_0,2,DTP,3,0,V5555555_22,1683200,PLANT03,PORT09,290,0.7445954585537917,2.0
1447200007.7,2023-03-17,PORT04,V444_0,2,DTP,0,3,V555555555_27,1699952,PLANT03,PORT09,794,18.587549744074483,2.0
1447195002.7,2023-06-24,PORT04,V444_1,1,DTD,0,0,V55555555555555_8,1650904,PLANT03,PORT09,1388,17.78,1.0
1447194804.7,2023-07-11,PORT04,V444_0,2,DTP,5,0,V55555555_7,1682805,PLANT03,PORT09,270,0.687319798396526,2.0
1447193639.7,2023-04-09,PORT04,V444_0,2,DTP,0,0,V555555555_14,1657064,PLANT03,PORT09,305,0.031032487550813535,2.0
1447193206.7,2023-07-21,PORT04,V444_1,1,DTD,5,0,V55555555555555_8,1693747,PLANT03,PORT09,470,23.239999999999995,1.0
1447188340.7,2023-06-07,PORT04,V444_0,2,DTP,3,0,V55555555_5,1666992,PLANT12,PORT09,333,0.6270101051985135,2.0
1447172428.7,2023-09-03,PORT04,V444_0,2,DTP,3,0,V55555_2,1660563,PLANT03,PORT09,369,0.6196036257489628,2.0
1447172416.7,2023-10-13,PORT04,V444_0,2,DTP,3,0,V55555_2,1668606,PLANT03,PORT09,358,3.7599999999999993,2.0
1447171062.7,2023-06-08,PORT04,V444_1,1,DTD,5,0,V55555555555555_8,1689548,PLANT03,PORT09,1800,106.7196814465325,1.0
1447155338.7,2023-04-29,PORT04,V444_0,2,DTP,3,0,V55555_4,1662274,PLANT03,PORT09,334,7.8,2.0
1447145171.7,2023-01-18,PORT04,V444_1,1,DTD,0,0,V5555555_22,1675655,PLANT03,PORT09,585,3.063786274351304,1.0
1447396993.7,2023-07-24,PORT04,V444_0,2,DTP,0,0,V5555_33,1689543,PLANT03,PORT09,259,0.4901147131376556,2.0
1447381545.7,2023-08-26,PORT04,V444_1,1,DTD,3,0,V5555555_19,1697084,PLANT03,PORT09,697,1.7482612871219505,1.0
1447371585.7,2023-05-10,PORT04,V444_0,2,DTP,3,0,V5555555_12,1700003,PLANT03,PORT09,287,0.05421026657417784,2.0
1447355491.7,2023-02-06,PORT04,V444_1,1,DTD,1,0,V555555555555555555_17,1689145,PLANT03,PORT09,1363,3.42,1.0
1447355456.7,2023-07-16,PORT04,V444_0,2,DTP,0,0,V5555_33,1688290,PLANT03,PORT09,339,0.8955336103398408,2.0
1447351801.7,2023-03-18,PORT04,V444_0,2,DTP,0,0,V5555_33,1688571,PLANT03,PORT09,254,0.616628945457987,2.0
1447344591.7,2023-07-30,PORT04,V444_1,1,DTD,0,0,V55555555555555_8,1700138,PLANT03,PORT09,49744,43.955556001889384,1.0
1447313119.7,2023-03-14,PORT04,V444_0,2,DTP,5,0,V55555555_7,1699570,PLANT03,PORT09,5333,5.875703099512195,2.0
1447306557.7,2023-06-04,PORT04,V444_1,1,DTD,0,0,V5555555_22,1656350,PLANT03,PORT09,386,8.623414559044711,1.0
1447305820.7,2023-05-14,PORT04,V444_0,2,DTP,3,0,V55555555_5,1683282,PLANT03,PORT09,346,2.661283024171137,2.0
1447297176.7,2023-02-20,PORT04,V444_0,2,DTP,3,0,V55555_4,1672110,PLANT03,PORT09,261,0.975776213647425,2.0
1447255605.7,2023-12-25,PORT04,V444_0,2,DTP,3,0,V555555_6,1677891,PLANT03,PORT09,9331,24.5,2.0
1447251857.7,2023-08-26,PORT04,V444_1,1,DTD,5,0,V55555555555555_8,1688587,PLANT03,PORT09,507,19.241525788062603,1.0
1447231157.7,2023-08-25,PORT04,V444_1,1,DTD,3,0,V5555555_19,1692109,PLANT03,PORT09,1252,7.062680076268674,1.0
1447226235.7,2023-01-04,PORT04,V444_0,2,DTP,5,0,V55555555_7,1668547,PLANT03,PORT09,295,0.47798585217459993,2.0
1447221588.7,2023-08-04,PORT04,V444_0,2,DTP,3,0,V55555555_5,1646393,PLANT13,PORT09,344,19.5,2.0
1447219412.7,2023-10-01,PORT04,V444_0,2,DTP,3,0,V555555_6,1690001,PLANT03,PORT09,312,0.04746074147236031,2.0
1447208256.7,2023-10-15,PORT04,V444_0,2,DTP,3,0,V55555555_5,1699948,PLANT03,PORT09,415,3.299262790136219,2.0
1447202686.7,2023-05-06,PORT04,V444_0,2,DTP,0,0,V5555_33,1689544,PLANT03,PORT09,319,2.4670296279228263,2.0
1447189644.7,2023-05-13,PORT04,V444_1,1,DTD,5,0,V55555555555555_8,1690616,PLANT03,PORT09,288,0.47135044828415773,1.0
1447165420.7,2023-02-27,PORT04,V444_0,2,DTP,3,0,V555555_6,1668347,PLANT03,PORT09,847,48.92,2.0
1447162729.7,2023-04-08,PORT04,V444_0,2,DTP,3,1,V555_15,1691700,PLANT08,PORT09,715,2.9824836623548663,2.0
1447150977.7,2023-01-16,PORT04,V444_1,1,DTD,0,0,V5555555_22,1682826,PLANT03,PORT09,699,32.994515477211394,1.0
1447149313.7,2023-11-29,PORT04,V444_0,2,DTP,5,0,V55555555_7,1689548,PLANT03,PORT09,312,3.57502980628904,2.0
1447407042.7,2023-11-18,PORT04,V444_1,1,DTD,3,0,V5555555_19,1692109,PLANT03,PORT09,305,0.075942796519018,1.0
1447391527.7,2023-02-05,PORT04,V444_0,2,DTP,0,0,V55555555_5,1655982,PLANT03,PORT09,499,1.5660030115442531,2.0
1447390542.7,2023-06-11,PORT04,V444_0,2,DTP,3,0,V555555_6,1663337,PLANT03,PORT09,2289,136.46,2.0
1447364483.7,2023-02-09,PORT04,V444_0,2,DTP,0,0,V555555555_14,1700121,PLANT03,PORT09,306,2.7297909224637675,2.0
1447357777.7,2023-03-16,PORT04,V444_0,2,DTP,0,0,V555555555_14,1668550,PLANT03,PORT09,2255,34.15719357435451,2.0
1447343708.7,2023-03-12,PORT04,V444_0,2,DTP,3,0,V55555555_0,1689601,PLANT03,PORT09,376,3.3685714285714288,2.0
1447325915.7,2023-04-08,PORT04,V44_3,4,CRF,0,0,V555555555555555_29,1699625,PLANT03,PORT09,15926,56.97842501458021,2.76
1447320770.7,2023-03-27,PORT04,V44_3,0,CRF,0,0,V555555555555555_29,1699417,PLANT03,PORT09,4314,9.435399376802557,3.6
1447312456.7,2023-06-06,PORT04,V444_0,2,DTP,3,0,V55555_2,1664051,PLANT03,PORT09,10275,123.93348966105309,2.0
1447283733.7,2023-11-20,PORT04,V444_0,2,DTP,3,0,V555555_6,1649002,PLANT03,PORT09,635,3.1400000000000006,2.0
1447254091.7,2023-10-05,PORT04,V444_1,1,DTD,5,0,V55555555555555_8,1688288,PLANT03,PORT09,282,2.1320431603350354,1.0
1447237020.7,2023-04-04,PORT04,V444_1,1,DTD,5,0,V55555555555555_8,1690621,PLANT03,PORT09,275,1.1446161911793797,1.0
1447221648.7,2023-08-10,PORT04,V444_1,1,DTD,0,0,V55555555555555_8,1660668,PLANT03,PORT09,302,0.7384975391185972,1.0
1447209214.7,2023-01-28,PORT04,V444_0,2,DTP,3,0,V55555555_5,1693700,PLANT03,PORT09,400,0.26071357714966564,2.0
1447191630.7,2023-09-01,PORT04,V444_0,2,DTP,5,0,V55555555_7,1689548,PLANT03,PORT09,342,7.745897913626254,2.0
1447189593.7,2023-12-30,PORT04,V44_3,4,CRF,0,0,V555555555555555_29,1699584,PLANT03,PORT09,1964,5.94,2.92
1447189574.7,2023-01-14,PORT04,V444_1,1,DTD,5,0,V55555555555555_8,1688610,PLANT03,PORT09,329,0.7432791146130358,1.0
1447188655.7,2023-04-22,PORT04,V444_1,1,DTD,5,0,V55555555555555_8,1690619,PLANT03,PORT09,454,9.645250553020693,1.0
1447184186.7,2023-12-05,PORT04,V444_0,2,DTP,3,0,V555555_6,1699770,PLANT03,PORT09,1090,5.294488759591137,2.0
1447182462.7,2023-05-31,PORT04,V44_3,4,CRF,0,0,V555555555555555_29,1699537,PLANT03,PORT09,1142,2.1439751705945946,3.72
1447179939.7,2023-11-12,PORT04,V444_1,1,DTD,0,0,V555555555555555555_45,1683432,PLANT03,PORT09,298,4.643197858402732,1.0
1447175364.7,2023-05-28,PORT04,V444_1,1,DTD,5,0,V55555555555555_8,1689541,PLANT03,PORT09,457,26.500000000000004,1.0
1447173857.7,2023-01-09,PORT04,V444_0,2,DTP,5,0,V55555555_7,1687346,PLANT03,PORT09,321,1.3775108958837765,2.0
1447167112.7,2023-08-08,PORT04,V444_0,2,DTP,0,0,V55_13,1668545,PLANT03,PORT09,309,0.38036892066096334,2.0
1447164218.7,2023-07-07,PORT04,V444_0,2,DTP,5,0,V55555555_7,1669701,PLANT03,PORT09,883,6.11,2.0
1447161696.7,2023-05-15,PORT04,V444_1,1,DTD,5,0,V55555555555555_8,1690617,PLANT03,PORT09,248,1.141115981112546,1.0
1447152324.7,2023-05-28,PORT04,V444_0,2,DTP,0,0,V555555555_27,1622685,PLANT03,PORT09,384,0.6629337539432176,2.0
1447146529.7,2023-09-22,PORT04,V444_0,2,DTP,3,0,V55555_4,1675662,PLANT03,PORT09,1094,7.631145458395087,2.0
1447145991.7,2023-06-19,PORT04,V444_1,1,DTD,0,0,V5555555_22,1692946,PLANT03,PORT09,971,3.441058415401349,1.0
1447137234.7,2023-06-15,PORT04,V444_0,2,DTP,3,0,V55555555_5,1697080,PLANT03,PORT09,881,3.780648135530698,2.0
1447137221.7,2023-05-27,PORT04,V444_0,2,DTP,0,0,V55_13,1684703,PLANT03,PORT09,1116,12.54,2.0
1447417829.7,2023-09-26,PORT04,V444_1,1,DTD,0,0,V55555555555555_8,1688589,PLANT03,PORT09,326,3.654040883320759,1.0
1447414258.7,2023-09-01,PORT04,V444_0,2,DTP,0,0,V55555555555_28,1666524,PLANT03,PORT09,47823,28.21758622411695,2.0
1447379192.7,2023-05-14,PORT04,V444_0,2,DTP,0,0,V55555555555_28,1685028,PLANT03,PORT09,2779,2.1273859260164025,2.0
1447373182.7,2023-02-02,PORT04,V444_0,2,DTP,0,0,V555555555555555_29,1689544,PLANT03,PORT09,297,5.363107886788752,2.0
1447355454.7,2023-05-23,PORT04,V444_0,2,DTP,0,0,V5555_33,1688589,PLANT03,PORT09,264,0.18270204416603794,2.0
1447336038.7,2023-09-21,PORT04,V444_0,2,DTP,3,0,V555555_6,1656350,PLANT03,PORT09,479,12.698430603355227,2.0
1447317265.7,2023-06-14,PORT04,V444_1,1,DTD,0,0,V555555555555555555_45,1682805,PLANT03,PORT09,465,11.887246219934863,1.0
1447288443.7,2023-08-22,PORT04,V444_1,1,DTD,5,0,V55555555555555_8,1688571,PLANT03,PORT09,439,15.799094690991689,1.0
1447281249.7,2023-04-13,PORT04,V444_0,2,DTP,3,0,V55555_2,1689033,PLANT03,PORT09,688,8.04,2.0
1447281075.7,2023-05-28,PORT04,V444_0,2,DTP,0,0,V555555_24,1660897,PLANT03,PORT09,1274,7.94199110860769,2.0
1447258776.7,2023-10-22,PORT04,V444_0,2,DTP,0,0,V555555555_14,1622685,PLANT03,PORT09,1752,9.58,2.0
1447251218.7,2023-04-06,PORT04,V444_0,2,DTP,3,0,V555555_6,1697085,PLANT03,PORT09,1300,4.486591580678415,2.0
1447237194.7,2023-11-09,PORT04,V444_0,2,DTP,3,0,V555555555_3,1689548,PLANT03,PORT09,1285,71.47978763102167,2.0
1447237185.7,2023-01-17,PORT04,V44_3,0,CRF,0,0,V5555555_12,1699372,PLANT03,PORT09,1982,1.5795265532380953,0.0
1447236957.7,2023-11-17,PORT04,V444_0,2,DTP,5,0,V55555555_7,1646909,PLANT03,PORT09,257,0.1319590058082608,2.0
1447210909.7,2023-06-09,PORT04,V444_0,2,DTP,0,0,V555555555_27,1668547,PLANT03,PORT09,339,0.23899292608729997,2.0
1447206391.7,2023-06-05,PORT04,V444_0,2,DTP,3,0,V555555_6,1699946,PLANT03,PORT09,373,3.1385100723301513,2.0
1447195166.7,2023-02-24,PORT04,V444_0,2,DTP,3,0,V55555_2,1668127,PLANT03,PORT09,421,18.6,2.0
1447183470.7,2023-02-07,PORT04,V444_0,2,DTP,5,0,V55555555_7,1682802,PLANT03,PORT09,317,0.07648617338236052,2.0
1447175905.7,2023-07-18,PORT04,V444_1,1,DTD,5,0,V55555555555555_8,1690628,PLANT03,PORT09,336,0.6924017705672101,1.0
1447172345.7,2023-12-17,PORT04,V444_1,1,DTD,5,0,V55555555555555_8,1688571,PLANT03,PORT09,384,8.8089849351141,1.0
1447163435.7,2023-07-11,PORT04,V444_0,2,DTP,3,0,V555555_6,1668547,PLANT03,PORT09,2251,15.24,2.0
1447157928.7,2023-02-01,PORT04,V444_0,2,DTP,0,0,V55_13,1672714,PLANT03,PORT09,717,16.856571077424356,2.0
1447150973.7,2023-05-07,PORT04,V444_1,1,DTD,0,0,V5555555_22,1686401,PLANT03,PORT09,424,4.32,1.0
1447423200.7,2023-03-22,PORT04,V444_0,2,DTP,5,0,V55555555_7,1680562,PLANT03,PORT09,421,1.4852529702024069,2.0
1447418031.7,2023-03-26,PORT04,V444_0,2,DTP,3,0,V55555_2,1674853,PLANT03,PORT09,676,28.74,2.0
1447409255.7,2023-11-14,PORT04,V444_1,1,DTD,3,0,V5555555_19,1692108,PLANT03,PORT09,329,0.017759532910288058,1.0
1447408826.7,2023-02-21,PORT04,V444_0,2,DTP,5,0,V55555555_7,1689546,PLANT03,PORT09,518,21.765494685257003,2.0
1447406043.7,2023-10-08,PORT04,V444_1,1,DTD,0,0,V5555555_22,1683203,PLANT03,PORT09,352,2.1468285114538648,1.0
1447403229.7,2023-02-24,PORT04,V444_0,2,DTP,0,0,V55555555_5,1683197,PLANT03,PORT09,393,2.6079522323246027,2.0
1447400905.7,2023-07-01,PORT04,V444_0,2,DTP,0,0,V5555_36,1671832,PLANT03,PORT09,2326,3.8329659584649085,2.0
1447398905.7,2023-06-13,PORT04,V444_1,1,DTD,0,0,V55555555555555_8,1690621,PLANT03,PORT09,332,1.1446161911793797,1.0
1447379325.7,2023-10-19,PORT04,V44_3,0,CRF,0,0,V555555555555555_29,1699792,PLANT03,PORT09,7821,5.58135246855321,1.0
1447371905.7,2023-10-24,PORT04,V444_0,2,DTP,0,0,V555555555_27,1676853,PLANT03,PORT09,2284,5.322875275613983,2.0
1447367903.7,2023-01-10,PORT04,V444_0,2,DTP,0,0,V55555_26,1660563,PLANT03,PORT09,474,2.478414502995851,2.0
1447364853.7,2023-10-02,PORT04,V444_1,1,DTD,5,0,V55555555555555_8,1690619,PLANT03,PORT09,327,1.6075417588367822,1.0
1447360907.7,2023-01-08,PORT04,V444_1,1,DTD,0,0,V555555555555555555_45,1682832,PLANT03,PORT09,340,8.903225183661748,1.0
1447355126.7,2023-12-10,PORT04,V444_0,2,DTP,3,0,V555555_6,1660885,PLANT03,PORT09,551,2.471085047941628,2.0
1447348985.7,2023-02-17,PORT04,V444_0,2,DTP,0,0,V555555555_27,1677878,PLANT03,PORT09,3133,9.42,2.0
1447323795.7,2023-01-11,PORT04,V444_0,2,DTP,0,0,V5555555_30,1666295,PLANT03,PORT09,1117,9.614505134963194,2.0
1447321395.7,2023-01-30,PORT04,V444_0,2,DTP,3,1,V555_15,1677878,PLANT03,PORT09,403,0.6172094661219876,2.0
1447320840.7,2023-04-02,PORT04,V44_3,0,CRF,0,0,V555555555555555_29,1699417,PLANT03,PORT09,10274,22.58849844200639,1.12
1447318098.7,2023-06-04,PORT04,V444_1,1,DTD,5,0,V55555555555555_8,1689547,PLANT03,PORT09,879,43.191763123882964,1.0
1447314023.7,2023-01-22,PORT04,V444_0,2,DTP,3,0,V55555555_0,1654622,PLANT03,PORT09,532,2.3189471601029092,2.0
1447257265.7,2023-03-03,PORT09,V44_3,1,CRF,3,0,V55555_53,1699336,PLANT16,PORT09,801,78.34,1.0
1447230379.7,2023-03-09,PORT04,V444_0,2,DTP,0,0,V555555555_27,1635536,PLANT03,PORT09,374,1.6225983313468415,2.0
1447226229.7,2023-08-20,PORT04,V444_0,2,DTP,5,0,V55555555_7,1655818,PLANT03,PORT09,725,1.2877245070775916,2.0
1447219821.7,2023-04-22,PORT04,V444_1,1,DTD,0,0,V555555555555555555_45,1682805,PLANT03,PORT09,377,8.591497479956574,1.0
1447207597.7,2023-06-30,PORT04,V444_0,2,DTP,3,0,V55555_4,1636782,PLANT03,PORT09,250,0.048099667128751196,2.0
1447207540.7,2023-04-30,PORT04,V444_0,2,DTP,0,0,V5555_33,1688633,PLANT03,PORT09,303,0.09278430745644486,2.0
1447196444.7,2023-04-12,PORT04,V444_0,2,DTP,0,0,V555555555_14,1672986,PLANT08,PORT09,2490,15.210539604926234,2.0
1447182263.7,2023-03-25,PORT04,V444_0,2,DTP,0,0,V5555_33,1688633,PLANT03,PORT09,245,0.6494901521951141,2.0
1447168926.7,2023-02-09,PORT04,V444_0,2,DTP,3,0,V55555555_0,1651299,PLANT03,PORT09,4327,11.62,2.0
1447168423.7,2023-07-21,PORT04,V444_0,2,DTP,0,0,V555555555555555_29,1689782,PLANT03,PORT09,317,5.732336955316281,2.0
1447167559.7,2023-06-20,PORT04,V444_0,2,DTP,3,0,V555555_6,1671942,PLANT03,PORT09,1333,120.26,2.0
1447152773.7,2023-11-06,PORT04,V444_0,2,DTP,0,0,V555555555_27,1677878,PLANT03,PORT09,1142,3.0600204254120227,2.0
1447152397.7,2023-02-12,PORT04,V444_0,2,DTP,0,0,V555555555_27,1662552,PLANT03,PORT09,3284,7.119999999999999,2.0
1447146075.7,2023-04-06,PORT04,V444_1,1,DTD,0,0,V5555555_22,1660585,PLANT03,PORT09,277,2.932220904070361,1.0
1447145249.7,2023-08-18,PORT04,V444_1,1,DTD,0,0,V5555555_22,1682826,PLANT03,PORT09,383,7.920210939211644,1.0
1447399901.7,2023-07-24,PORT04,V44_3,0,CRF,3,0,V55555555_32,1699329,PLANT03,PORT09,1479,6.313326388533155,0.0
1447362772.7,2023-02-25,PORT04,V444_1,1,DTD,5,0,V55555555555555_8,1690621,PLANT03,PORT09,340,1.7169242867690695,1.0
1447352427.7,2023-06-07,PORT04,V444_0,2,DTP,0,0,V55555555_5,1652883,PLANT13,PORT09,1190,349.2104108152503,2.0
1447339194.7,2023-08-17,PORT04,V444_0,2,DTP,3,0,V55555_4,1646393,PLANT13,PORT09,1192,181.34117647058824,2.0
1447338892.7,2023-01-04,PORT04,V444_0,2,DTP,3,0,V555555_6,1689784,PLANT03,PORT09,311,2.8807929515418498,2.0
1447329259.7,2023-05-24,PORT04,V44_3,0,CRF,3,0,V55555555_32,1699539,PLANT03,PORT09,1136,2.905743511346457,0.0
1447313956.7,2023-07-13,PORT04,V444_0,2,DTP,3,0,V5555555_22,1676566,PLANT03,PORT09,1756,16.11334186282931,2.0
1447286633.7,2023-02-10,PORT04,V444_0,2,DTP,3,0,V555555_6,1687661,PLANT03,PORT09,432,2.4800000000000004,2.0
1447258794.7,2023-12-26,PORT04,V444_0,2,DTP,3,0,V55555_2,1669584,PLANT03,PORT09,801,6.889390020909951,2.0
1447238190.7,2023-06-09,PORT04,V444_1,1,DTD,0,0,V5555555_22,1656353,PLANT03,PORT09,792,18.017580038005946,1.0
1447221836.7,2023-09-01,PORT04,V444_0,2,DTP,0,0,V5555_33,1688589,PLANT03,PORT09,243,0.3654040883320759,2.0
1447215482.7,2023-08-25,PORT04,V444_0,2,DTP,3,0,V55555555_5,1699946,PLANT03,PORT09,421,2.3958092155191997,2.0
1447212883.7,2023-12-12,PORT04,V444_1,1,DTD,3,0,V5555555_19,1697080,PLANT03,PORT09,2251,11.79230374562083,1.0
1447205313.7,2023-05-10,PORT04,V444_1,1,DTD,3,0,V5555555_19,1689146,PLANT03,PORT09,6274,9.054185567010302,1.0
1447191386.7,2023-07-08,PORT04,V444_1,1,DTD,5,0,V55555555555555_8,1688294,PLANT03,PORT09,372,5.722329559174632,1.0
1447183257.7,2023-04-12,PORT04,V444_0,2,DTP,0,0,V5555_33,1674635,PLANT12,PORT09,330,3.860521708203332,2.0
1447174669.7,2023-03-25,PORT04,V444_0,2,DTP,3,0,V55555_2,1666954,PLANT03,PORT09,1327,10.98,2.0
1447141982.7,2023-06-24,PORT04,V444_0,2,DTP,0,0,V555555_24,1679638,PLANT03,PORT09,3237,7.220000000000001,2.0
1447405800.7,2023-10-01,PORT04,V444_1,1,DTD,0,0,V5555555_22,1692984,PLANT03,PORT09,1139,11.80760288752479,1.0
1447385491.7,2023-08-17,PORT04,V444_0,2,DTP,0,0,V5555_33,1689548,PLANT03,PORT09,363,2.3833532041926935,2.0
1447333789.7,2023-08-15,PORT04,V444_0,2,DTP,3,0,V555555_6,1654766,PLANT03,PORT09,689,6.396880733944955,2.0
1447293117.7,2023-06-02,PORT04,V444_0,2,DTP,3,0,V55555_2,1649008,PLANT03,PORT09,397,1.297699115044248,2.0
1447288501.7,2023-11-13,PORT04,V444_0,2,DTP,0,0,V555555555555555_29,1688589,PLANT03,PORT09,313,4.567551104150948,2.0
1447269824.7,2023-09-16,PORT04,V444_1,1,DTD,5,0,V55555555555555_8,1690621,PLANT03,PORT09,306,1.1446161911793797,1.0
1447269501.7,2023-02-19,PORT04,V444_0,2,DTP,0,0,V555555555_27,1676853,PLANT03,PORT09,1399,2.905787991650313,2.0
1447241519.7,2023-08-15,PORT04,V444_0,2,DTP,3,0,V55555_2,1696758,PLANT03,PORT09,270,0.29986232830138576,2.0
1447196443.7,2023-11-11,PORT04,V444_0,2,DTP,0,0,V555555555_14,1672344,PLANT08,PORT09,5680,41.63893872616503,2.0
1447189708.7,2023-10-04,PORT04,V444_1,1,DTD,5,0,V55555555555555_8,1688575,PLANT03,PORT09,516,18.086818572369292,1.0
1447189707.7,2023-05-05,PORT04,V444_1,1,DTD,5,0,V55555555555555_8,1688575,PLANT03,PORT09,477,17.086818572369292,1.0
1447188080.7,2023-07-09,PORT04,V444_0,2,DTP,5,0,V55555555_7,1668547,PLANT03,PORT09,313,0.47798585217459993,2.0
1447184581.7,2023-08-23,PORT04,V444_0,2,DTP,3,0,V555555555_3,1685076,PLANT13,PORT09,334,1.6,2.0
1447156568.7,2023-02-09,PORT04,V444_0,2,DTP,3,0,V555555_6,1675615,PLANT03,PORT09,1333,8.84,2.0
1447152772.7,2023-10-04,PORT04,V444_0,2,DTP,0,0,V555555555_14,1670203,PLANT03,PORT09,1290,82.22,2.0
1447149229.7,2023-11-22,PORT04,V444_0,2,DTP,5,0,V55555555_7,1687353,PLANT12,PORT09,377,22.944927536231887,2.0
1447144799.7,2023-04-17,PORT04,V444_1,1,DTD,3,0,V5555555_19,1689146,PLANT03,PORT09,12255,16.94,1.0
1447405917.7,2023-09-11,PORT04,V444_1,1,DTD,0,0,V5555555_22,1660585,PLANT03,PORT09,598,33.2,1.0
1447402055.7,2023-08-05,PORT04,V444_0,2,DTP,0,0,V555555555_14,1668550,PLANT03,PORT09,2300,35.15719357435451,2.0
1447375216.7,2023-08-23,PORT04,V444_0,2,DTP,3,0,V555555_6,1654623,PLANT03,PORT09,383,0.9790243902439023,2.0
1447373531.7,2023-12-03,PORT04,V444_1,1,DTD,5,0,V55555555555555_8,1688633,PLANT03,PORT09,348,9.278430745644487,1.0
1447373511.7,2023-08-15,PORT04,V44_3,2,CRF,3,0,V55555_2,1660579,PLANT03,PORT09,372,4.5195332995821484,2.0
1447373491.7,2023-11-21,PORT04,V44_3,2,CRF,3,0,V55555_2,1700094,PLANT03,PORT09,247,0.44111833550065027,2.0
1447370719.7,2023-01-11,PORT04,V444_0,2,DTP,3,0,V555555_6,1668547,PLANT03,PORT09,10272,69.46,2.0
1447351503.7,2023-03-21,PORT04,V444_0,2,DTP,0,0,V555555555555555_29,1680245,PLANT12,PORT09,307,6.585507246376811,2.0
1447350450.7,2023-09-20,PORT04,V444_1,1,DTD,5,0,V55555555555555_8,1683424,PLANT03,PORT09,267,2.46,1.0
1447350147.7,2023-12-30,PORT04,V444_0,2,DTD,0,0,V555555_40,1663347,PLANT03,PORT09,1113,59.56664168246548,2.0
1447346538.7,2023-11-23,PORT04,V444_0,2,DTP,3,0,V555555_6,1660578,PLANT03,PORT09,808,66.61086686022398,2.0
1447329826.7,2023-09-15,PORT04,V444_1,1,DTD,5,0,V55555555555555_8,1689547,PLANT03,PORT09,830,33.99313593656914,1.0
1447323907.7,2023-07-05,PORT04,V444_0,2,DTP,3,0,V555555_6,1687661,PLANT03,PORT09,329,0.09920000000000002,2.0
1447320863.7,2023-06-20,PORT04,V444_1,1,DTD,5,0,V55555555555555_8,1688575,PLANT03,PORT09,373,9.043409286184646,1.0
1447320491.7,2023-10-28,PORT04,V444_1,1,DTD,0,0,V5555555_22,1683634,PLANT03,PORT09,682,8.176213897581693,1.0
1447304637.7,2023-12-29,PORT04,V444_0,2,DTP,3,0,V55555555_5,1700139,PLANT03,PORT09,99082,135.07463939039854,2.0
1447292289.7,2023-05-18,PORT04,V444_0,2,DTP,0,0,V5555_33,1682709,PLANT03,PORT09,785,40.41861356904824,2.0
1447282162.7,2023-12-01,PORT04,V444_0,2,DTP,3,0,V555555555_3,1672117,PLANT03,PORT09,322,0.3248000000000001,2.0
1447275925.7,2023-03-23,PORT04,V444_0,2,DTP,3,0,V55555_2,1689033,PLANT03,PORT09,664,14.099999999999998,2.0
1447268280.7,2023-10-10,PORT04,V444_1,1,DTD,5,0,V55555555555555_8,1688629,PLANT03,PORT09,416,8.968265533914048,1.0
1447251754.7,2023-10-20,PORT04,V444_1,2,DTD,5,0,V55555555555555_8,1666961,PLANT12,PORT09,350,26.6,2.0
1447237319.7,2023-04-03,PORT04,V444_0,2,DTP,0,0,V55_13,1682784,PLANT03,PORT09,450,18.000479463005465,2.0
1447232391.7,2023-10-20,PORT04,V444_0,2,DTP,0,0,V5555_33,1689543,PLANT03,PORT09,299,1.7154014959817945,2.0
1447188605.7,2023-07-07,PORT04,V444_0,2,DTP,0,3,V555555555_27,1660885,PLANT03,PORT09,686,3.1771093473535217,2.0
1447167295.7,2023-08-22,PORT04,V444_0,2,DTP,3,0,V55555_2,1666954,PLANT03,PORT09,273,0.06862452457753601,2.0
1447162912.7,2023-12-02,PORT04,V444_0,2,DTP,5,0,V55555555_7,1668545,PLANT03,PORT09,245,0.10565803351693426,2.0
1447411618.7,2023-07-05,PORT04,V444_1,1,DTD,0,0,V55555555555555_8,1690628,PLANT03,PORT09,370,1.3155633640776991,1.0
1447390924.7,2023-11-16,PORT04,V444_1,1,DTD,5,0,V55555555555555_8,1693747,PLANT03,PORT09,469,34.52,1.0
1447390880.7,2023-02-12,PORT04,V444_0,2,DTP,3,0,V55555_2,1620552,PLANT03,PORT09,513,3.38,2.0
1447382543.7,2023-03-08,PORT04,V444_0,2,DTP,0,0,V55555555_5,1688575,PLANT03,PORT09,1312,82.43409286184647,2.0
1447382484.7,2023-07-27,PORT04,V444_0,2,DTP,0,0,V55555555_5,1652883,PLANT13,PORT09,372,43.20990827821212,2.0
1447364434.7,2023-11-20,PORT04,V444_0,2,DTP,0,0,V555555555_27,1658528,PLANT03,PORT09,379,1.5765027820851951,2.0
1447355238.7,2023-09-02,PORT04,V444_0,2,DTP,3,0,V555555555_3,1672117,PLANT03,PORT09,253,0.8120000000000003,2.0
1447325913.7,2023-03-25,PORT04,V44_3,4,CRF,0,0,V555555555555555_29,1699625,PLANT03,PORT09,844,2.114554808253085,3.52
1447323832.7,2023-12-03,PORT04,V444_0,2,DTP,0,0,V555555555_14,1697230,PLANT03,PORT09,467,12.22,2.0
1447313158.7,2023-01-25,PORT04,V444_0,2,DTP,3,0,V55555_2,1655818,PLANT03,PORT09,3775,10.84,2.0
1447272972.7,2023-01-01,PORT04,V44_3,4,CRF,0,0,V555555555555_31,1684560,PLANT03,PORT09,6267,2.6743861377122577,4.0
1447267039.7,2023-05-09,PORT04,V444_0,2,DTP,0,0,V55555555_5,1689546,PLANT03,PORT09,1559,90.46369251127398,2.16
1447227171.7,2023-03-25,PORT04,V444_0,2,DTP,0,0,V555555555_14,1694720,PLANT03,PORT09,1331,12.8,2.0
1447209653.7,2023-12-27,PORT04,V444_1,1,DTD,1,0,V555555555555555555_17,1683191,PLANT03,PORT09,824,9.74,1.0
1447204143.7,2023-10-23,PORT04,V444_0,2,DTP,3,0,V55555_4,1675670,PLANT03,PORT09,403,1.1478531183213523,2.0
1447196175.7,2023-11-10,PORT04,V444_0,2,DTP,3,0,V55555_2,1699954,PLANT03,PORT09,277,0.4657332229185637,2.0
1447179682.7,2023-11-16,PORT04,V444_0,2,DTP,0,0,V5555555_30,1688589,PLANT03,PORT09,584,24.837755520754744,2.0
1447163002.7,2023-11-21,PORT04,V444_0,2,DTP,0,0,V555555555_27,1692114,PLANT03,PORT09,722,4.149271223379028,2.0
1447152973.7,2023-04-11,PORT04,V444_0,2,DTP,0,0,V555555555_27,1657064,PLANT03,PORT09,293,0.023274365663110152,2.0
1447152367.7,2023-03-01,PORT04,V444_0,2,DTP,0,0,V555555555_27,1677891,PLANT03,PORT09,2885,6.8999999999999995,2.0
1447145081.7,2023-05-29,PORT04,V444_1,1,DTD,0,0,V5555555_22,1692984,PLANT03,PORT09,1586,19.211404331287184,1.0
1447395192.7,2023-10-24,PORT04,V444_0,2,DTP,3,0,V5555555_12,1695062,PLANT03,PORT09,273,0.13580628854612414,2.0
1447392482.7,2023-10-22,PORT04,V444_1,1,DTD,0,0,V5555555_22,1651366,PLANT03,PORT09,479,6.7483491769417565,1.0
1447377833.7,2023-04-30,PORT04,V444_0,2,DTP,3,0,V55555555_5,1652883,PLANT13,PORT09,324,0.39038745901176813,2.0
1447374504.7,2023-10-08,PORT04,V444_0,2,DTP,0,0,V55555_26,1701462,PLANT03,PORT09,1064,22.39422120924968,2.0
1447373512.7,2023-04-02,PORT04,V44_3,2,CRF,3,0,V55555_2,1682982,PLANT03,PORT09,320,2.18,2.0
1447367891.7,2023-04-14,PORT04,V444_0,2,DTP,3,0,V55555_4,1650586,PLANT03,PORT09,6076,68.26,2.0
1447364734.7,2023-12-12,PORT04,V44_3,0,CRF,3,0,V55555555_32,1699794,PLANT03,PORT09,5094,9.487105114638474,0.0
1447352018.7,2023-03-02,PORT04,V44_3,0,CRF,0,0,V5555555_30,1699552,PLANT03,PORT09,754,1.209029018919222,0.0
1447297433.7,2023-11-17,PORT04,V444_1,1,DTD,1,0,V555555555555555555_17,1651299,PLANT03,PORT09,1321,3.0422921926939717,1.0
1447283835.7,2023-02-09,PORT04,V444_0,2,DTP,3,0,V55555_2,1672034,PLANT03,PORT09,306,1.114933596901662,2.0
1447281000.7,2023-03-26,PORT04,V444_0,2,DTP,0,0,V555555_24,1679638,PLANT03,PORT09,1086,2.874412737431976,2.0
1447273037.7,2023-03-19,PORT04,V44_3,4,CRF,0,0,V555555555555_31,1684560,PLANT03,PORT09,15331,6.685965344280644,4.0
1447267011.7,2023-08-23,PORT04,V444_0,2,DTP,3,0,V555555_6,1683197,PLANT03,PORT09,1281,18.5,2.0
1447243152.7,2023-02-19,PORT04,V444_1,1,DTD,5,0,V55555555555555_8,1658532,PLANT03,PORT09,1086,7.620000000000001,1.0
1447220644.7,2023-04-15,PORT04,V444_0,2,DTP,5,0,V55555555_7,1660580,PLANT03,PORT09,397,11.48,2.0
1447205700.7,2023-05-08,PORT04,V444_1,1,DTD,0,0,V5555555_22,1672651,PLANT03,PORT09,377,2.2109081638881527,1.0
1447195162.7,2023-05-01,PORT04,V444_0,2,DTP,3,0,V55555_2,1666954,PLANT03,PORT09,329,0.5489961966202881,2.0
1447169056.7,2023-08-04,PORT04,V444_1,1,DTD,5,0,V55555555555555_8,1688633,PLANT03,PORT09,573,26.83529223693346,1.0
1447163357.7,2023-07-19,PORT04,V444_0,2,DTP,3,0,V555555_6,1696074,PLANT03,PORT09,2249,16.75829684323468,2.0
1447155297.7,2023-12-25,PORT04,V444_1,1,DTD,5,0,V55555555555555_8,1690619,PLANT03,PORT09,327,1.6075417588367822,1.0
1447152395.7,2023-10-01,PORT04,V444_0,2,DTP,0,0,V555555555_27,1677891,PLANT03,PORT09,864,1.9842761421319794,2.0
1447145111.7,2023-04-15,PORT04,V444_1,1,DTD,0,0,V5555555_22,1672661,PLANT03,PORT09,361,1.4838765383368482,1.0
1447141512.7,2023-11-05,PORT04,V444_0,2,DTP,0,0,V55_13,1668545,PLANT03,PORT09,614,3.328228055783429,2.0
1447396734.7,2023-02-21,PORT04,V444_0,2,DTP,0,0,V55555_26,1664069,PLANT03,PORT09,1444,7.297526004582438,2.0
1447383126.7,2023-09-08,PORT04,V444_1,1,DTD,0,0,V555555555555555555_45,1688589,PLANT03,PORT09,356,3.836742927486797,1.0
1447371621.7,2023-07-06,PORT04,V444_1,1,DTD,5,0,V55555555555555_8,1688575,PLANT03,PORT09,402,9.043409286184646,1.0
1447369370.7,2023-04-01,PORT04,V444_1,1,DTD,5,0,V55555555555555_8,1689547,PLANT03,PORT09,694,30.79450874925531,1.0
1447362578.7,2023-04-15,PORT04,V44_3,0,CRF,0,0,V5555555_30,1698997,PLANT03,PORT09,14248,0.5163908597435897,0.0
1447361681.7,2023-07-08,PORT04,V444_1,1,DTD,0,0,V5555555_22,1644308,PLANT03,PORT09,474,10.101523239107422,1.0
1447336326.7,2023-12-15,PORT04,V444_0,2,DTP,0,0,V555555555_14,1689147,PLANT03,PORT09,758,1.882882353804819,2.0
1447327862.7,2023-12-25,PORT04,V444_0,2,DTP,3,0,V555555_6,1617826,PLANT12,PORT09,289,3.3,2.0
1447317899.7,2023-02-17,PORT04,V444_0,2,DTP,3,0,V55555_4,1651299,PLANT03,PORT09,1269,3.0422921926939717,2.0
1447316597.7,2023-06-24,PORT09,V44_3,1,CRF,3,0,V55555_53,1697317,PLANT16,PORT09,935,134.88,1.0
1447297325.7,2023-03-14,PORT04,V444_1,1,DTD,5,0,V55555555555555_8,1689546,PLANT03,PORT09,480,15.325088328602954,1.0
1447282656.7,2023-02-01,PORT04,V444_0,2,DTP,0,0,V555555555555555_29,1688589,PLANT03,PORT09,376,4.567551104150948,2.0
1447273217.7,2023-01-19,PORT04,V444_0,2,DTP,3,0,V55555_4,1650685,PLANT03,PORT09,3840,28.36,2.0
1447265687.7,2023-09-19,PORT04,V444_0,2,DTP,0,0,V555555555_14,1689145,PLANT03,PORT09,2275,6.24,2.0
1447260681.7,2023-02-24,PORT04,V444_0,2,DTP,3,0,V55555_2,1664051,PLANT03,PORT09,30313,349.80046898315925,2.0
1447251124.7,2023-10-30,PORT04,V444_0,2,DTP,5,0,V55555555_7,1688589,PLANT03,PORT09,258,1.8270204416603795,2.0
1447250466.7,2023-04-23,PORT04,V444_0,2,DTP,0,0,V5555_33,1688587,PLANT03,PORT09,296,0.3648305157612521,2.0
1447232622.7,2023-01-12,PORT04,V444_0,2,DTP,0,0,V55_13,1684703,PLANT03,PORT09,1057,11.301922065647307,2.0
1447230378.7,2023-05-18,PORT04,V444_0,2,DTP,0,0,V555555555_27,1675615,PLANT03,PORT09,485,1.8133008094682066,2.0
1447229945.7,2023-02-01,PORT04,V444_0,2,DTP,5,0,V55555555_7,1668545,PLANT03,PORT09,335,0.9509223016524084,2.0
1447223356.7,2023-05-04,PORT04,V444_0,2,DTP,3,0,V555555555_3,1655985,PLANT13,PORT09,261,0.3481851890378755,2.0
1447214780.7,2023-07-01,PORT04,V444_1,2,DTD,0,0,V55555_10,1681688,PLANT12,PORT09,694,108.95729864544973,2.0
1447204436.7,2023-12-15,PORT04,V444_0,2,DTP,0,0,V555555555_27,1662552,PLANT03,PORT09,733,2.0640430259280813,2.0
1447179937.7,2023-12-12,PORT04,V444_1,1,DTD,0,0,V555555555555555555_45,1690630,PLANT03,PORT09,309,0.4361361731525621,1.0
1447179597.7,2023-07-25,PORT04,V444_0,2,DTP,3,0,V55555_4,1689541,PLANT03,PORT09,591,35.4,2.0
1447174177.7,2023-03-17,PORT04,V444_0,2,DTP,3,0,V555555555_3,1617826,PLANT12,PORT09,264,3.6975757575757577,2.0
1447172438.7,2023-05-17,PORT04,V444_0,2,DTP,3,0,V55555_2,1668545,PLANT03,PORT09,311,0.5282901675846713,2.0
1447172418.7,2023-09-14,PORT04,V444_0,2,DTP,3,0,V55555_2,1651302,PLANT03,PORT09,479,1.3279208797697248,2.0
1447167297.7,2023-12-01,PORT04,V444_0,2,DTP,3,0,V55555_2,1666954,PLANT03,PORT09,966,8.26,2.0
1447164215.7,2023-11-20,PORT04,V444_0,2,DTP,5,0,V55555555_7,1687346,PLANT03,PORT09,485,4.758674003962137,2.0
1447163430.7,2023-08-21,PORT04,V444_0,2,DTP,3,0,V555555_6,1682805,PLANT03,PORT09,1257,92.91497479956575,2.0
1447159958.7,2023-07-23,PORT04,V444_0,2,DTP,0,0,V555555555_14,1662552,PLANT03,PORT09,4318,15.82,2.0
1447157752.7,2023-04-18,PORT04,V444_0,2,DTP,3,0,V55555555_0,1663347,PLANT03,PORT09,351,4.92103963670032,2.0
1447145986.7,2023-05-19,PORT04,V444_1,1,DTD,0,0,V5555555_22,1676566,PLANT03,PORT09,2002,18.62173679700723,1.0
1447141511.7,2023-06-27,PORT04,V444_0,2,DTP,0,0,V55_13,1668545,PLANT03,PORT09,547,2.599187624516583,2.0
1447383140.7,2023-10-20,PORT04,V444_1,1,DTD,0,0,V555555555555555555_45,1682835,PLANT03,PORT09,339,3.2901757907350984,1.0
1447382056.7,2023-04-24,PORT04,V444_1,1,DTD,0,0,V5555555_22,1676566,PLANT03,PORT09,436,1.7737185936237176,1.0
1447350302.7,2023-07-15,PORT04,V444_0,2,DTP,0,0,V555555555_27,1662552,PLANT03,PORT09,1193,2.86,2.0
1447338331.7,2023-02-05,PORT04,V44_3,0,CRF,0,0,V5555555_30,1699465,PLANT03,PORT09,3836,4.943945192277992,0.0
1447317935.7,2023-10-28,PORT04,V444_0,2,DTP,0,0,V5555555_30,1674120,PLANT03,PORT09,441,15.0050947093403,2.0
1447304514.7,2023-06-24,PORT04,V444_1,1,DTD,5,0,V55555555555555_8,1688285,PLANT03,PORT09,251,1.368056281463108,1.0
1447300267.7,2023-03-22,PORT04,V444_0,2,DTP,3,0,V55555_2,1668545,PLANT03,PORT09,661,3.8000000000000003,2.0
1447293693.7,2023-11-30,PORT04,V44_3,0,CRF,3,0,V55555555_32,1699567,PLANT03,PORT09,2814,2.054532045599119,0.0
1447288523.7,2023-05-16,PORT04,V444_0,2,DTP,0,0,V555555555555555_29,1682757,PLANT03,PORT09,325,4.176227925934496,2.0
1447238314.7,2023-03-25,PORT04,V444_0,2,DTP,3,0,V55555_4,1675662,PLANT03,PORT09,278,0.03717975862799068,2.0
1447238285.7,2023-10-15,PORT04,V444_0,2,DTP,0,0,V55555555555_28,1694456,PLANT03,PORT09,15316,11.294316860221896,2.0
1447232390.7,2023-08-11,PORT04,V444_0,2,DTP,0,0,V5555_33,1689549,PLANT03,PORT09,294,0.09584354390522834,2.0
1447231020.7,2023-06-25,PORT04,V444_0,2,DTP,0,0,V555555555_27,1677878,PLANT03,PORT09,862,2.1565150021129686,2.0
1447230933.7,2023-05-04,PORT04,V444_0,2,DTP,0,0,V55555555555_28,1667934,PLANT03,PORT09,4302,0.8190994870552318,2.0
1447230851.7,2023-07-15,PORT04,V444_0,2,DTP,0,0,V55555555555_28,1700142,PLANT03,PORT09,31489,32.63980460955102,2.0
1447227078.7,2023-01-10,PORT04,V444_0,2,DTP,0,0,V55555_26,1667817,PLANT03,PORT09,1367,17.36,2.0
1447204819.7,2023-10-08,PORT04,V444_0,2,DTP,3,0,V555555_6,1651299,PLANT03,PORT09,50318,132.46,2.0
1447194888.7,2023-08-16,PORT04,V444_0,2,DTP,3,0,V555555_6,1692109,PLANT03,PORT09,1332,7.5942796519018,2.0
1447189410.7,2023-12-12,PORT04,V444_0,2,DTP,3,0,V5555555_12,1668612,PLANT03,PORT09,474,5.72,2.0
1447174668.7,2023-04-27,PORT04,V444_0,2,DTP,0,0,V55555555555_28,1678000,PLANT03,PORT09,17768,9.773450562527472,2.0
1447162863.7,2023-11-04,PORT04,V444_0,2,DTP,0,3,V555555555_27,1654766,PLANT03,PORT09,664,6.396880733944955,2.0
1447162409.7,2023-08-13,PORT04,V444_0,2,DTP,3,0,V555555_6,1656246,PLANT03,PORT09,10253,40.68,2.0
1447146028.7,2023-05-18,PORT04,V444_1,1,DTD,0,0,V5555555_22,1683636,PLANT03,PORT09,1001,20.744976610326965,1.0
1447144655.7,2023-12-01,PORT04,V444_0,2,DTP,0,0,V55555555_5,1641237,PLANT03,PORT09,941,16.38,2.0
1447144476.7,2023-10-11,PORT04,V444_1,1,DTD,0,0,V555555555555555555_45,1682757,PLANT03,PORT09,263,1.0022947022242792,1.0
1447423138.7,2023-09-25,PORT04,V444_0,2,DTP,5,0,V55555555_7,1655818,PLANT03,PORT09,1556,4.059551508562107,2.0
1447411640.7,2023-01-19,PORT04,V444_1,1,DTD,0,0,V55555555555555_8,1689548,PLANT03,PORT09,1260,71.47978763102167,1.0
1447407450.7,2023-09-08,PORT04,V444_0,2,DTP,0,0,V5555_33,1682754,PLANT03,PORT09,279,0.06346012269938651,2.0
1447405783.7,2023-08-22,PORT04,V444_1,1,DTD,0,0,V5555555_22,1692984,PLANT03,PORT09,1183,13.80760288752479,1.0
1447400908.7,2023-02-15,PORT04,V444_0,2,DTP,0,0,V5555_36,1682682,PLANT03,PORT09,7278,14.08027418913615,2.0
1447397658.7,2023-11-12,PORT04,V444_0,2,DTP,0,0,V555555555_27,1677692,PLANT03,PORT09,4691,302.76,2.0
1447394123.7,2023-02-18,PORT04,V444_0,2,DTP,0,0,V555555555_14,1657475,PLANT03,PORT09,3908,86.12,2.0
1447369447.7,2023-11-13,PORT04,V444_1,1,DTD,1,0,V555555555555555555_17,1687644,PLANT03,PORT09,317,0.012720776327298532,1.0
1447366454.7,2023-02-26,PORT04,V444_1,1,DTD,5,0,V55555555555555_8,1693747,PLANT03,PORT09,368,7.7082740972419685,1.0
1447339091.7,2023-05-21,PORT04,V444_1,1,DTD,0,0,V555555555555555555_45,1690630,PLANT03,PORT09,2002,74.14314943593556,1.0
1447261868.7,2023-11-27,PORT04,V44_3,0,CRF,0,0,V5555555_30,1699242,PLANT03,PORT09,841,1.77923094,0.0
1447251337.7,2023-02-10,PORT04,V444_1,1,DTD,5,0,V55555555555555_8,1689550,PLANT03,PORT09,326,3.680084353310096,1.0
1447241520.7,2023-12-14,PORT04,V44_3,2,CRF,3,0,V55555_2,1684170,PLANT03,PORT09,291,2.318463252260198,2.0
1447219817.7,2023-10-02,PORT04,V444_1,1,DTD,0,0,V555555555555555555_45,1683426,PLANT03,PORT09,327,1.8064187171916073,1.0
1447206024.7,2023-04-20,PORT04,V444_0,2,DTP,0,0,V5555_33,1661119,PLANT12,PORT09,265,1.0288469915932317,2.0
1447205701.7,2023-07-14,PORT04,V444_1,1,DTD,0,0,V5555555_22,1672651,PLANT03,PORT09,375,1.4794798991432,1.0
1447205306.7,2023-02-28,PORT04,V444_0,2,DTP,5,0,V55555555_7,1660585,PLANT03,PORT09,1593,139.39994272857427,2.0
1447204363.7,2023-06-18,PORT04,V444_0,2,DTP,0,0,V555555555_27,1662552,PLANT03,PORT09,2286,6.38,2.0
1447199510.7,2023-12-24,PORT04,V444_0,2,DTP,0,0,V5555_25,1699948,PLANT03,PORT09,387,4.882908929401604,2.0
1447184535.7,2023-08-13,PORT04,V444_0,2,DTP,3,0,V555555_6,1660897,PLANT03,PORT09,690,2.8591167990987683,2.0
1447183339.7,2023-02-11,PORT04,V444_0,2,DTP,5,0,V55555555_7,1660580,PLANT03,PORT09,431,20.24358353510896,2.0
1447182720.7,2023-02-15,PORT04,V444_0,2,DTP,3,0,V555555_6,1676853,PLANT03,PORT09,649,1.0830664332514803,2.0
1447172395.7,2023-04-14,PORT04,V444_0,2,DTP,3,0,V55555_2,1669702,PLANT03,PORT09,338,0.8874606289308178,2.0
1447170621.7,2023-12-23,PORT04,V444_0,2,DTP,0,0,V55555555_5,1678494,PLANT03,PORT09,637,1.6642482582041591,2.0
1447158138.7,2023-03-10,PORT04,V444_0,2,DTP,3,0,V55555_2,1682805,PLANT03,PORT09,356,4.295748739978287,2.0
1447155055.7,2023-02-21,PORT09,V44_3,1,CRF,3,0,V55555_53,1697884,PLANT16,PORT09,739,73.9,1.0
1447145174.7,2023-02-22,PORT04,V444_1,1,DTD,0,0,V5555555_22,1660585,PLANT03,PORT09,781,46.32,1.0
1447145131.7,2023-11-24,PORT04,V444_1,1,DTD,0,0,V5555555_22,1676565,PLANT03,PORT09,375,1.3186475263969635,1.0
1447421272.7,2023-05-10,PORT04,V444_0,2,DTP,5,0,V55555555_7,1699268,PLANT03,PORT09,931,1.3266798494467595,2.0
1447405823.7,2023-05-20,PORT04,V444_1,1,DTD,0,0,V5555555_22,1683634,PLANT03,PORT09,991,14.82031427132603,1.0
1447391769.7,2023-10-21,PORT04,V444_0,2,DTP,0,0,V555555555_27,1655982,PLANT03,PORT09,426,1.17450225865819,2.0
1447387290.7,2023-11-07,PORT04,V444_0,2,DTP,0,0,V55555555_5,1666958,PLANT12,PORT09,340,14.39778597785978,2.0
1447357762.7,2023-04-23,PORT04,V444_0,2,DTP,0,0,V555555555_14,1687346,PLANT03,PORT09,784,11.435688605180125,2.0
1447330379.7,2023-01-28,PORT04,V444_1,1,DTD,5,0,V55555555555555_8,1688571,PLANT03,PORT09,1036,71.06738701335576,1.0
1447317245.7,2023-08-25,PORT04,V444_1,1,DTD,3,0,V5555555_19,1680210,PLANT03,PORT09,3310,5.939471417386936,1.0
1447283679.7,2023-07-23,PORT04,V444_0,2,DTP,3,0,V55555_4,1674853,PLANT03,PORT09,538,21.92,2.0
1447281353.7,2023-04-26,PORT04,V444_0,2,DTP,3,0,V55555_4,1660885,PLANT03,PORT09,628,3.1771093473535217,2.0
1447265704.7,2023-03-29,PORT04,V444_0,2,DTP,0,0,V5555555_30,1668550,PLANT03,PORT09,248,0.12862877429741804,2.0
1447260625.7,2023-12-19,PORT09,V44_3,1,CRF,3,0,V55555_53,1697317,PLANT16,PORT09,2078,345.12,1.0
1447230844.7,2023-02-25,PORT04,V444_1,1,DTD,0,0,V5555555_22,1683636,PLANT03,PORT09,356,0.9404389396681558,1.0
1447224477.7,2023-09-11,PORT04,V444_0,2,DTP,5,0,V55555555_7,1660585,PLANT03,PORT09,436,20.22221313151973,2.0
1447215442.7,2023-01-07,PORT04,V444_0,2,DTP,3,0,V555555_6,1699946,PLANT03,PORT09,1234,21.958092155191995,2.0
1447208246.7,2023-11-30,PORT04,V444_0,2,DTP,3,0,V55555555_5,1699952,PLANT03,PORT09,10272,378.800590160208,2.0
1447205777.7,2023-06-30,PORT04,V444_0,2,DTP,3,0,V555555_6,1677884,PLANT03,PORT09,356,0.5305496611677734,2.0
1447202691.7,2023-03-25,PORT04,V444_0,2,DTP,0,0,V5555_33,1689547,PLANT03,PORT09,302,0.7198627187313827,2.0
1447200355.7,2023-05-24,PORT04,V444_0,2,DTP,5,0,V55555555_7,1672085,PLANT03,PORT09,290,1.13345385089726,2.0
1447193509.7,2023-04-07,PORT04,V444_0,2,DTP,0,0,V555555555_14,1660885,PLANT03,PORT09,529,2.206325935662168,2.0
1447191823.7,2023-02-13,PORT04,V444_0,2,DTP,3,0,V55555555_5,1699951,PLANT03,PORT09,418,3.783197875720278,2.0
1447177495.7,2023-04-14,PORT04,V444_0,2,DTP,0,0,V555555555_14,1677878,PLANT03,PORT09,8326,22.58,2.0
1447172439.7,2023-12-19,PORT04,V444_0,2,DTP,3,0,V55555_2,1677889,PLANT03,PORT09,449,0.8674529349354783,2.0
1447168475.7,2023-01-15,PORT04,V444_1,1,DTD,5,0,V55555555555555_8,1688633,PLANT03,PORT09,366,4.639215372822243,1.0
1447167162.7,2023-03-13,PORT04,V444_0,2,DTP,0,0,V555555555_27,1655754,PLANT03,PORT09,2306,5.0,2.0
1447164179.7,2023-03-04,PORT04,V444_0,2,DTP,5,0,V55555555_7,1669701,PLANT03,PORT09,913,6.11,2.0
1447153542.7,2023-08-28,PORT04,V444_0,2,DTP,0,0,V555555555_14,1689147,PLANT03,PORT09,2049,4.1,2.0
1447151133.7,2023-10-14,PORT04,V444_1,1,DTD,0,0,V5555555_22,1692949,PLANT03,PORT09,1665,6.487784686427584,1.0
1447418186.7,2023-07-28,PORT04,V444_0,2,DTP,3,0,V55555555_7,1652644,PLANT03,PORT09,329,0.6542521008403361,2.0
1447411084.7,2023-02-02,PORT04,V444_0,2,DTP,3,0,V55555555_0,1660673,PLANT03,PORT09,298,0.3842818610684604,2.0
1447346617.7,2023-01-09,PORT04,V444_0,2,DTP,0,0,V55555_26,1671942,PLANT03,PORT09,412,9.756745965010968,2.0
1447334921.7,2023-08-12,PORT04,V444_0,2,DTP,0,0,V555555_24,1651299,PLANT03,PORT09,707,1.3386085647853476,2.0
1447327241.7,2023-05-06,PORT04,V444_0,2,DTP,0,0,V555555555555555_29,1688589,PLANT03,PORT09,357,4.567551104150948,2.0
1447315628.7,2023-01-01,PORT04,V444_0,2,DTP,0,0,V555555555_14,1689469,PLANT03,PORT09,4322,68.7,2.0
1447285685.7,2023-02-22,PORT04,V444_0,2,DTP,3,0,V55555_2,1672085,PLANT03,PORT09,279,2.83363462724315,2.0
1447274827.7,2023-02-15,PORT04,V444_0,2,DTP,0,0,V5555_33,1689546,PLANT03,PORT09,316,0.4597526498580886,2.0
1447246307.7,2023-03-12,PORT04,V444_0,2,DTP,3,0,V555555_6,1696073,PLANT03,PORT09,294,0.23356656695946348,2.0
1447237018.7,2023-06-17,PORT04,V444_1,1,DTD,5,0,V55555555555555_8,1689546,PLANT03,PORT09,343,7.662544164301477,1.0
1447203521.7,2023-04-11,PORT04,V44_3,4,CRF,0,0,V555555555555_31,1684560,PLANT03,PORT09,12333,5.3487722754245155,4.0
1447185552.7,2023-02-27,PORT04,V444_0,2,DTP,0,0,V5555_33,1661119,PLANT12,PORT09,336,1.0288469915932317,2.0
1447148724.7,2023-09-03,PORT04,V444_1,1,DTD,5,0,V55555555555555_8,1689549,PLANT03,PORT09,295,3.8337417562091334,1.0
1447137231.7,2023-01-01,PORT04,V444_0,2,DTP,3,0,V55555555_5,1697080,PLANT03,PORT09,876,3.780648135530698,2.0
1447423388.7,2023-07-17,PORT04,V444_0,2,DTP,5,0,V55555555_7,1699670,PLANT09,PORT09,5727,16.143400264003418,2.0
1447421465.7,2023-04-13,PORT04,V444_1,1,DTD,0,0,V55555555555555_8,1690628,PLANT03,PORT09,318,0.34620088528360504,1.0
1447421276.7,2023-02-03,PORT04,V444_0,2,DTP,5,0,V55555555_7,1682784,PLANT03,PORT09,337,7.42738230269643,2.0
1447411645.7,2023-10-10,PORT04,V444_1,1,DTD,0,0,V55555555555555_8,1689551,PLANT03,PORT09,354,7.463581199611766,1.0
1447377054.7,2023-12-15,PORT04,V444_0,2,DTP,0,0,V5555_33,1689546,PLANT03,PORT09,270,0.15325088328602954,2.0
1447362562.7,2023-07-29,PORT04,V444_0,2,DTP,3,0,V55555555_5,1677229,PLANT12,PORT09,343,23.0,2.0
1447361746.7,2023-01-13,PORT04,V444_0,2,DTP,0,0,V5555555_30,1660579,PLANT03,PORT09,1735,133.58599898746445,2.0
1447357343.7,2023-08-29,PORT04,V444_0,3,DTD,0,0,V555555555555555555_42,1671426,PLANT03,PORT09,12287,7.676558079757033,3.0
1447339822.7,2023-12-07,PORT04,V444_0,2,DTP,0,0,V555555555_27,1672722,PLANT03,PORT09,302,1.2264986770820208,2.0
1447321836.7,2023-11-08,PORT04,V444_0,2,DTP,3,0,V555555_6,1677878,PLANT03,PORT09,1280,3.718129313987877,2.0
1447320484.7,2023-02-19,PORT04,V444_1,1,DTD,0,0,V5555555_22,1692984,PLANT03,PORT09,729,6.403801443762395,1.0
1447308843.7,2023-10-10,PORT04,V444_0,2,DTP,0,0,V555555555555555_29,1682757,PLANT03,PORT09,338,4.176227925934496,2.0
1447308838.7,2023-10-10,PORT04,V44_3,0,CRF,0,0,V5555555_12,1699665,PLANT03,PORT09,1228,0.358449758,0.0
1447280066.7,2023-08-15,PORT04,V444_0,2,DTP,0,0,V5555_33,1689546,PLANT03,PORT09,263,0.15325088328602954,2.0
1447258887.7,2023-04-17,PORT04,V444_0,2,DTP,0,0,V5555_33,1689549,PLANT03,PORT09,305,0.09584354390522834,2.0
1447258756.7,2023-03-22,PORT04,V444_0,2,DTP,3,0,V5555555_22,1683200,PLANT03,PORT09,844,11.32,2.0
1447241612.7,2023-01-26,PORT04,V444_0,2,DTP,0,0,V55555555_5,1677891,PLANT03,PORT09,997,2.3149888324873094,2.0
1447219266.7,2023-11-10,PORT09,V44_3,1,CRF,3,0,V55555_53,1696799,PLANT16,PORT09,3914,644.24,1.0
1447216048.7,2023-09-06,PORT04,V444_0,2,DTP,3,0,V5555555_12,1690294,PLANT03,PORT09,346,1.097780963012255,2.0
1447169090.7,2023-02-16,PORT04,V444_1,1,DTD,5,0,V55555555555555_8,1690617,PLANT03,PORT09,282,1.141115981112546,1.0
1447164211.7,2023-08-29,PORT04,V444_0,2,DTP,5,0,V55555555_7,1668547,PLANT03,PORT09,347,0.3186572347830666,2.0
1447163013.7,2023-06-22,PORT04,V444_0,2,DTP,0,0,V555555555_14,1696488,PLANT03,PORT09,497,3.42,2.0
1447145225.7,2023-10-29,PORT04,V444_1,1,DTD,0,0,V5555555_22,1676565,PLANT03,PORT09,1464,18.351178075691074,1.0
1447133209.7,2023-06-26,PORT04,V444_0,2,DTP,0,0,V55555_26,1683560,PLANT03,PORT09,71330,670.5889311442453,2.03
1447418015.7,2023-09-26,PORT04,V444_1,1,DTD,0,0,V55555555555555_8,1690614,PLANT03,PORT09,337,0.5034384139791255,1.0
1447403234.7,2023-10-13,PORT04,V444_0,2,DTP,0,0,V55555555_5,1655818,PLANT03,PORT09,2246,6.1,2.0
1447403232.7,2023-08-08,PORT04,V444_0,2,DTP,0,0,V55555555_5,1677891,PLANT03,PORT09,1251,3.307126903553299,2.0
1447373395.7,2023-12-01,PORT04,V444_0,2,DTP,3,0,V55555_2,1664051,PLANT03,PORT09,20234,252.86697932210618,2.0
1447368703.7,2023-10-03,PORT09,V444_0,0,DTP,3,0,V555555_6,1692722,PLANT16,PORT09,421,26.88711151174886,0.0
1447352425.7,2023-05-09,PORT09,V44_3,1,CRF,3,0,V55555_53,1702652,PLANT16,PORT09,2063,265.1,1.0
1447332314.7,2023-10-18,PORT04,V444_0,2,DTP,3,0,V555555_6,1687661,PLANT03,PORT09,523,4.84,2.0
1447329535.7,2023-07-20,PORT04,V444_0,2,DTP,0,0,V555555555_14,1681890,PLANT08,PORT09,1034,3.194417112319999,2.0
1447298056.7,2023-10-30,PORT04,V444_1,1,DTD,3,0,V5555555_19,1654766,PLANT03,PORT09,2048,31.900000000000002,1.0
1447297169.7,2023-09-20,PORT04,V444_0,2,DTP,3,0,V55555_2,1668127,PLANT03,PORT09,436,17.06,2.0
1447238143.7,2023-07-10,PORT04,V444_0,3,DTD,0,0,V555555555555555555_42,1671426,PLANT03,PORT09,9279,5.757418559817775,3.0
1447207409.7,2023-01-24,PORT04,V444_0,2,DTP,3,0,V55555_2,1666441,PLANT03,PORT09,1239,9.72,2.0
1447196785.7,2023-11-24,PORT04,V44_3,0,CRF,3,0,V55555555_32,1699841,PLANT03,PORT09,3604,5.746398802053778,0.0
1447192328.7,2023-03-30,PORT04,V444_0,2,DTP,0,0,V5555555_30,1668547,PLANT03,PORT09,365,0.3983215434788333,2.0
1447174704.7,2023-09-16,PORT04,V444_0,2,DTP,3,0,V55555_2,1658528,PLANT03,PORT09,246,0.14331843473501774,2.0
1447156745.7,2023-06-20,PORT04,V444_1,1,DTD,5,0,V55555555555555_8,1689546,PLANT03,PORT09,668,28.650176657205908,1.0
1447394542.7,2023-12-14,PORT04,V444_1,1,DTD,0,0,V55555555555555_8,1688571,PLANT03,PORT09,627,26.4269548053423,1.0
1447373513.7,2023-05-11,PORT04,V44_3,2,CRF,3,0,V55555_2,1672034,PLANT03,PORT09,325,3.3448007907049866,2.0
1447373505.7,2023-03-07,PORT04,V44_3,2,CRF,3,0,V55555_2,1620510,PLANT03,PORT09,419,2.352886836027714,2.0
1447365952.7,2023-10-02,PORT04,V444_0,2,DTP,0,0,V555555555555555_29,1689544,PLANT03,PORT09,346,9.726215773577504,2.0
1447339219.7,2023-12-25,PORT04,V444_0,2,DTP,0,0,V555555555555555_29,1688589,PLANT03,PORT09,410,9.135102208301896,2.0
1447338568.7,2023-04-17,PORT04,V444_0,2,DTP,3,0,V55555_4,1675746,PLANT03,PORT09,318,1.0068746021642268,2.0
1447323880.7,2023-10-17,PORT04,V444_0,2,DTP,3,0,V555555_6,1675615,PLANT03,PORT09,5316,40.7,2.0
1447317063.7,2023-07-28,PORT04,V444_1,1,DTD,5,0,V55555555555555_8,1690628,PLANT03,PORT09,263,0.6924017705672101,1.0
1447317047.7,2023-07-08,PORT04,V444_0,2,DTP,0,0,V55555555_5,1656246,PLANT03,PORT09,1311,4.096305732484077,2.0
1447317043.7,2023-12-18,PORT04,V444_0,2,DTP,3,0,V55555_4,1644200,PLANT03,PORT09,457,6.12,2.0
1447308576.7,2023-11-25,PORT04,V444_0,2,DTP,0,0,V55555_26,1676853,PLANT03,PORT09,2325,4.44,2.0
1447283775.7,2023-01-17,PORT04,V444_0,2,DTP,0,0,V55555_26,1666954,PLANT03,PORT09,591,4.11747147465216,2.0
1447265406.7,2023-09-14,PORT04,V444_0,2,DTP,0,0,V55555555555_28,1667927,PLANT03,PORT09,3806,1.8936849476068045,2.0
1447225590.7,2023-09-03,PORT04,V444_0,2,DTP,3,0,V55555_4,1660153,PLANT03,PORT09,412,10.86,2.0
1447225217.7,2023-04-17,PORT04,V444_0,2,DTP,0,0,V55555555_5,1689460,PLANT12,PORT09,761,138.4,2.0
1447215351.7,2023-12-21,PORT04,V444_0,2,DTP,0,0,V555555_24,1689551,PLANT03,PORT09,261,0.22390743598835297,2.0
1447207538.7,2023-01-15,PORT04,V444_0,2,DTP,0,0,V5555_33,1689547,PLANT03,PORT09,341,1.0078078062239357,2.0
1447175851.7,2023-05-02,PORT04,V444_0,2,DTP,0,0,V5555_38,1671426,PLANT03,PORT09,3325,1.9191395199392582,2.0
1447172442.7,2023-09-27,PORT04,V444_0,2,DTP,3,0,V55555_2,1672713,PLANT03,PORT09,319,0.8601719197707737,2.0
1447163354.7,2023-03-06,PORT04,V444_0,2,DTP,3,0,V555555_6,1662274,PLANT03,PORT09,800,32.84,2.0
1447149098.7,2023-07-24,PORT04,V444_0,2,DTP,5,0,V55555555_7,1683409,PLANT03,PORT09,334,0.18764892407159026,2.0
1447400333.7,2023-11-30,PORT04,V444_0,2,DTP,0,0,V55555555555_28,1685028,PLANT03,PORT09,15254,12.764315556098415,2.0
1447359736.7,2023-03-03,PORT04,V444_0,2,DTP,3,0,V555555_6,1658528,PLANT03,PORT09,464,2.866368694700355,2.0
1447351800.7,2023-04-10,PORT04,V444_0,2,DTP,0,0,V5555_33,1688292,PLANT03,PORT09,278,1.9728336225597687,2.0
1447348303.7,2023-10-07,PORT04,V444_1,1,DTD,5,0,V55555555555555_8,1689547,PLANT03,PORT09,773,35.99313593656914,1.0
1447341038.7,2023-10-24,PORT04,V444_0,2,DTP,0,0,V5555_33,1683403,PLANT03,PORT09,287,0.25733029789182765,2.0
1447329896.7,2023-03-12,PORT04,V444_1,1,DTD,0,0,V5555555_22,1660677,PLANT03,PORT09,648,24.498081667102348,1.0
1447327175.7,2023-12-04,PORT04,V44_3,0,CRF,0,0,V555555555555555_29,1699378,PLANT03,PORT09,3324,5.338981994958335,0.12
1447323935.7,2023-01-01,PORT04,V444_0,2,DTP,3,0,V555555_6,1651302,PLANT03,PORT09,486,1.659901099712156,2.0
1447299385.7,2023-10-31,PORT04,V444_0,2,DTP,3,0,V55555555_5,1700143,PLANT03,PORT09,44371,40.35909839685283,2.01
1447285150.7,2023-12-17,PORT04,V444_0,2,DTP,3,0,V55555555_5,1700142,PLANT03,PORT09,73102,84.49287742228572,2.01
1447283677.7,2023-08-14,PORT04,V444_0,2,DTP,3,0,V55555_4,1675654,PLANT03,PORT09,1320,8.98,2.0
1447266900.7,2023-09-05,PORT04,V444_0,2,DTP,3,0,V555555_6,1662552,PLANT03,PORT09,704,1.7888372891376705,2.0
1447266858.7,2023-01-17,PORT04,V444_0,2,DTP,3,0,V5555555_22,1683199,PLANT03,PORT09,1931,33.819413541380534,2.0
1447240988.7,2023-04-05,PORT09,V44_3,1,CRF,3,0,V55555_53,1697884,PLANT16,PORT09,574,59.5,1.0
1447224455.7,2023-07-04,PORT04,V444_0,2,DTP,5,0,V55555555_7,1699540,PLANT03,PORT09,33891,54.30673320471859,2.0
1447224381.7,2023-05-17,PORT04,V444_0,2,DTP,0,0,V55555555555_28,1687384,PLANT03,PORT09,3777,2.1230192065167777,2.0
1447196686.7,2023-09-24,PORT04,V444_0,2,DTP,3,0,V55555_2,1680210,PLANT03,PORT09,315,0.1267087235709213,2.0
1447168263.7,2023-02-03,PORT04,V444_0,2,DTP,3,0,V55555555_5,1689788,PLANT03,PORT09,351,1.276195801405549,2.0
1447162330.7,2023-10-10,PORT04,V444_0,2,DTP,3,0,V555555555_3,1655985,PLANT12,PORT09,297,1.0445555671136264,2.0
1447162301.7,2023-11-11,PORT04,V444_0,2,DTP,3,0,V555555_6,1621719,PLANT12,PORT09,319,4.7,2.0
1447340132.7,2023-12-23,PORT04,V444_1,1,DTD,0,0,V5555555_22,1699799,PLANT03,PORT09,5318,4.191591788535211,1.0
1447339208.7,2023-11-05,PORT04,V444_0,2,DTP,3,0,V55555_4,1655818,PLANT03,PORT09,2283,6.06,2.0
1447332235.7,2023-09-27,PORT04,V444_0,2,DTP,3,0,V555555_6,1668545,PLANT03,PORT09,353,1.0565803351693426,2.0
1447323784.7,2023-04-21,PORT04,V444_0,2,DTP,0,0,V55555_26,1677891,PLANT03,PORT09,1447,3.968552284263959,2.0
1447310422.7,2023-02-27,PORT04,V44_3,0,CRF,3,0,V55555555_32,1699241,PLANT03,PORT09,3834,36.66,0.0
1447309539.7,2023-08-03,PORT04,V444_0,2,DTP,0,0,V55555555555_28,1674598,PLANT03,PORT09,17803,8.139063495350236,2.0
1447299628.7,2023-01-19,PORT04,V44_3,0,CRF,3,0,V55555555_32,1699842,PLANT03,PORT09,1960,3.5321306322580646,0.0
1447296082.7,2023-10-01,PORT04,V444_0,2,DTP,3,0,V55555555_5,1652883,PLANT13,PORT09,330,12.711623770353045,2.0
1447269486.7,2023-05-30,PORT04,V444_0,2,DTP,3,0,V555555_6,1672664,PLANT03,PORT09,606,9.586423490237628,2.0
1447246707.7,2023-06-07,PORT04,V444_1,1,DTD,5,0,V55555555555555_8,1688575,PLANT03,PORT09,737,46.21704643092323,1.0
1447231072.7,2023-04-15,PORT04,V44_3,0,CRF,3,0,V55555555_32,1699022,PLANT03,PORT09,1267,4.08,0.0
1447228658.7,2023-05-07,PORT04,V444_1,1,DTD,0,0,V5555555_22,1682784,PLANT03,PORT09,294,1.5728574288063029,1.0
1447227077.7,2023-02-23,PORT04,V444_0,2,DTP,3,0,V55555_4,1683203,PLANT03,PORT09,390,2.941155060691795,2.0
1447223074.7,2023-05-17,PORT04,V444_0,2,DTP,3,0,V555555555_3,1650400,PLANT12,PORT09,366,27.90476190476191,2.0
1447209099.7,2023-05-26,PORT04,V444_0,2,DTP,0,0,V55555_26,1683560,PLANT03,PORT09,30329,300.1044044240304,2.0
1447207800.7,2023-07-03,PORT04,V44_3,4,CRF,0,0,V555555555555_31,1684560,PLANT03,PORT09,6253,2.6743861377122577,4.0
1447200631.7,2023-02-03,PORT04,V444_0,2,DTP,5,0,V55555555_7,1688589,PLANT03,PORT09,363,3.2886367949886828,2.0
1447194891.7,2023-02-11,PORT04,V444_0,2,DTP,3,0,V555555555_3,1672720,PLANT03,PORT09,283,3.637515842839036,2.0
1447191735.7,2023-08-16,PORT04,V444_1,1,DTD,1,0,V555555555555555555_17,1677891,PLANT03,PORT09,1267,3.307126903553299,1.0
1447183917.7,2023-05-01,PORT04,V444_1,1,DTD,3,0,V5555_20,1699946,PLANT03,PORT09,296,0.7187427646557598,1.0
1447183283.7,2023-04-14,PORT04,V444_0,2,DTP,5,0,V55555555_7,1687354,PLANT12,PORT09,326,27.19545454545455,2.0
1447182385.7,2023-06-04,PORT04,V44_3,0,CRF,3,0,V55555555_32,1699283,PLANT03,PORT09,1139,3.921011412758065,0.0
1447180089.7,2023-08-02,PORT04,V444_0,2,DTP,5,0,V55555555_7,1668547,PLANT03,PORT09,396,0.6373144695661332,2.0
1447178730.7,2023-08-29,PORT09,V44_3,1,CRF,3,0,V55555_53,1697317,PLANT16,PORT09,1136,184.56,1.0
1447173874.7,2023-03-28,PORT04,V444_0,2,DTP,0,0,V5555_33,1688290,PLANT03,PORT09,315,0.09950373448220454,2.0
1447172299.7,2023-11-12,PORT04,V444_0,2,DTP,0,0,V5555555_30,1693618,PLANT03,PORT09,692,4.248135164071964,2.0
1447156516.7,2023-12-13,PORT04,V444_0,2,DTP,0,0,V5555555_30,1677889,PLANT03,PORT09,276,0.23132078264946088,2.0
1447148656.7,2023-06-10,PORT04,V444_1,1,DTD,5,0,V55555555555555_8,1688288,PLANT03,PORT09,285,2.1320431603350354,1.0
1447373230.7,2023-10-26,PORT04,V44_3,0,CRF,3,0,V55555555_32,1699548,PLANT03,PORT09,6304,9.078408791787199,0.0
1447371642.7,2023-07-29,PORT04,V444_1,1,DTD,5,0,V55555555555555_8,1690628,PLANT03,PORT09,247,0.415441062340326,1.0
1447320560.7,2023-09-26,PORT04,V444_1,1,DTD,0,0,V5555555_22,1686401,PLANT03,PORT09,534,5.98,1.0
1447316291.7,2023-02-21,PORT04,V444_1,1,DTD,5,0,V55555555555555_8,1693747,PLANT03,PORT09,385,16.34,1.0
1447301481.7,2023-07-11,PORT04,V444_0,2,DTP,0,0,V555555555555555_29,1689547,PLANT03,PORT09,653,28.79450874925531,2.0
1447292366.7,2023-05-12,PORT04,V444_1,1,DTD,5,0,V55555555555555_8,1689546,PLANT03,PORT09,514,14.325088328602954,1.0
1447288722.7,2023-06-22,PORT04,V444_0,2,DTP,0,0,V55555_26,1683560,PLANT03,PORT09,23028,241.60475339828147,2.01
1447274826.7,2023-12-12,PORT04,V444_0,2,DTP,0,0,V5555_33,1688288,PLANT03,PORT09,333,0.8528172641340142,2.0
1447267008.7,2023-05-18,PORT04,V444_0,2,DTP,3,0,V555555_6,1689546,PLANT03,PORT09,1300,70.62544164301477,2.0
1447266832.7,2023-02-19,PORT04,V444_0,2,DTP,0,0,V55_13,1668545,PLANT03,PORT09,323,0.8241326614320873,2.0
1447262387.7,2023-04-09,PORT04,V444_0,2,DTP,0,0,V5555_33,1689546,PLANT03,PORT09,297,0.3065017665720591,2.0
1447254628.7,2023-10-14,PORT04,V444_1,1,DTD,5,0,V55555555555555_8,1658528,PLANT03,PORT09,472,2.278763112286782,1.0
1447252644.7,2023-03-12,PORT04,V444_0,2,DTP,0,0,V555555555_14,1668496,PLANT03,PORT09,1721,24.78,2.0
1447225179.7,2023-02-13,PORT04,V444_0,2,DTP,0,0,V55555555555_28,1700140,PLANT03,PORT09,22718,15.722900675299902,2.0
1447215297.7,2023-08-22,PORT04,V444_0,2,DTP,3,0,V55555555_5,1666958,PLANT12,PORT09,420,52.8,2.0
1447189614.7,2023-10-21,PORT04,V444_0,2,DTP,3,0,V5555555_12,1662552,PLANT03,PORT09,264,0.027520573679041087,2.0
1447171723.7,2023-09-19,PORT04,V444_0,2,DTD,0,0,V555_41,1692333,PLANT03,PORT09,16736,4.487117953314343,2.0
1447171024.7,2023-07-08,PORT04,V444_0,2,DTP,5,0,V55555555_7,1687354,PLANT12,PORT09,318,6.1,2.0
1447163432.7,2023-11-23,PORT04,V444_0,2,DTP,3,0,V555555_6,1688575,PLANT03,PORT09,740,42.21704643092323,2.0
1447158701.7,2023-09-07,PORT04,V444_1,1,DTD,0,0,V555555555555555555_45,1668545,PLANT03,PORT09,528,2.113160670338685,1.0
1447157047.7,2023-03-06,PORT09,V444_0,0,DTP,3,0,V555555_6,1692708,PLANT16,PORT09,377,4.791903967763159,0.0
1447145843.7,2023-10-02,PORT04,V444_0,2,DTP,0,0,V55555555555_28,1687384,PLANT03,PORT09,7290,4.246038413033555,2.0
1447377050.7,2023-03-04,PORT04,V444_0,2,DTP,0,0,V5555_33,1688633,PLANT03,PORT09,283,1.0206273820208935,2.0
1447361724.7,2023-12-01,PORT04,V444_0,2,DTP,3,0,V555555_6,1699954,PLANT03,PORT09,267,0.04657332229185637,2.0
1447323781.7,2023-04-13,PORT04,V444_0,2,DTP,3,0,V55555_2,1663347,PLANT03,PORT09,543,17.56,2.0
1447320706.7,2023-10-16,PORT04,V44_3,0,CRF,3,0,V55555555_32,1699575,PLANT03,PORT09,15835,37.94636363636364,0.0
1447310382.7,2023-01-02,PORT04,V44_3,4,CRF,0,0,V555555555555_31,1684560,PLANT03,PORT09,12251,5.3487722754245155,4.0
1447281065.7,2023-06-12,PORT04,V444_0,2,DTP,5,0,V55555555_7,1660578,PLANT03,PORT09,366,6.380091248444629,2.0
1447269649.7,2023-10-28,PORT04,V444_1,1,DTD,0,0,V555555555555555555_45,1688571,PLANT03,PORT09,296,0.704718794809128,1.0
1447251210.7,2023-03-12,PORT04,V444_0,2,DTP,3,0,V555555_6,1685212,PLANT03,PORT09,637,7.5,2.0
1447245204.7,2023-09-04,PORT04,V444_1,1,DTD,0,0,V5555555_22,1682784,PLANT03,PORT09,423,11.097382969911138,1.0
1447240888.7,2023-11-13,PORT04,V44_3,4,CRF,0,0,V555555555555555_29,1699540,PLANT03,PORT09,5123,8.615247600674085,3.4
1447238131.7,2023-07-04,PORT04,V444_0,2,DTP,3,0,V55555555_0,1650586,PLANT03,PORT09,1288,12.350588235294119,2.0
1447233393.7,2023-03-23,PORT04,V444_0,2,DTP,3,0,V555555_6,1651126,PLANT03,PORT09,374,4.24,2.0
1447227121.7,2023-03-20,PORT04,V44_3,2,CRF,3,0,V55555_2,1687661,PLANT03,PORT09,460,3.2240000000000006,2.0
1447226778.7,2023-10-04,PORT04,V444_1,2,DTD,0,0,V555555_11,1686762,PLANT12,PORT09,707,63.7,2.0
1447226243.7,2023-11-07,PORT04,V444_1,1,DTD,0,0,V5555555_22,1683636,PLANT03,PORT09,236,0.055319937627538576,1.0
1447225200.7,2023-08-18,PORT04,V444_1,1,DTD,5,0,V55555555555555_8,1688629,PLANT03,PORT09,480,13.349224854262477,1.0
1447224351.7,2023-10-23,PORT04,V444_0,2,DTP,5,0,V55555555_7,1660580,PLANT03,PORT09,457,13.32,2.0
1447224341.7,2023-06-01,PORT04,V444_0,2,DTP,5,0,V55555555_7,1660580,PLANT03,PORT09,281,2.1381759483454403,2.0
1447205011.7,2023-08-05,PORT04,V444_0,2,DTP,0,0,V55555555555_28,1674598,PLANT03,PORT09,21311,9.766876194420282,2.0
1447170840.7,2023-10-11,PORT04,V444_0,2,DTP,0,0,V5555_33,1688633,PLANT03,PORT09,263,1.6701175342160075,2.0
1447163573.7,2023-03-01,PORT04,V444_0,2,DTP,0,3,V555555555_27,1660885,PLANT03,PORT09,671,3.1771093473535217,2.0
1447162158.7,2023-05-24,PORT04,V444_0,2,DTP,0,0,V555555_24,1658528,PLANT03,PORT09,250,0.14331843473501774,2.0
1447149771.7,2023-04-04,PORT04,V444_0,2,DTP,0,0,V5555_33,1689547,PLANT03,PORT09,252,1.079794078097074,2.0
1447421267.7,2023-07-19,PORT04,V444_0,2,DTP,5,0,V55555555_7,1699561,PLANT03,PORT09,10326,8.716372159062498,2.0
1447413938.7,2023-07-23,PORT04,V444_0,2,DTP,0,0,V5555_33,1689548,PLANT03,PORT09,360,5.213585134171517,2.0
1447400341.7,2023-12-19,PORT04,V444_0,2,DTP,0,0,V55555555555_28,1674598,PLANT03,PORT09,3788,1.6278126990700472,2.0
1447399903.7,2023-10-29,PORT04,V44_3,0,CRF,3,0,V55555555_32,1699674,PLANT03,PORT09,4808,15.064031955000003,0.0
1447396792.7,2023-04-01,PORT04,V444_0,2,DTP,0,0,V55555555555_28,1684560,PLANT03,PORT09,15279,6.685965344280644,2.0
1447391112.7,2023-10-27,PORT04,V444_0,2,DTP,0,0,V5555_33,1688292,PLANT03,PORT09,315,0.2192037358399743,2.0
1447351798.7,2023-05-23,PORT04,V444_0,2,DTP,0,0,V5555_33,1688575,PLANT03,PORT09,304,0.09043409286184646,2.0
1447349660.7,2023-05-24,PORT04,V444_0,2,DTP,3,0,V55555555_5,1689788,PLANT03,PORT09,303,0.6380979007027745,2.0
1447337841.7,2023-06-08,PORT04,V444_0,2,DTP,3,0,V555555_6,1677878,PLANT03,PORT09,1264,3.718129313987877,2.0
1447327214.7,2023-05-19,PORT04,V444_0,2,DTP,3,0,V555555_6,1668547,PLANT03,PORT09,1274,7.966430869576666,2.0
1447286376.7,2023-12-01,PORT04,V44_3,4,CRF,0,0,V555555555555_31,1684560,PLANT03,PORT09,12279,5.3487722754245155,4.0
1447284971.7,2023-09-10,PORT04,V444_0,2,DTP,3,0,V555555_6,1677884,PLANT03,PORT09,335,0.04421247176398111,2.0
1447283722.7,2023-08-18,PORT04,V444_0,2,DTP,0,0,V55555_26,1666295,PLANT03,PORT09,805,4.88,2.0
1447265691.7,2023-01-07,PORT04,V444_0,2,DTP,0,0,V555555555_27,1669702,PLANT03,PORT09,433,2.0169559748427677,2.0
1447258825.7,2023-04-21,PORT04,V444_0,2,DTP,3,0,V55555_2,1682745,PLANT03,PORT09,522,23.94946838529252,2.0
1447239997.7,2023-09-11,PORT04,V444_1,1,DTD,5,0,V55555555555555_8,1689545,PLANT03,PORT09,332,1.1328523507974035,1.0
1447220646.7,2023-09-17,PORT04,V444_0,2,DTP,5,0,V55555555_7,1660580,PLANT03,PORT09,417,12.62,2.0
1447211847.7,2023-09-30,PORT04,V444_1,1,DTD,5,0,V55555555555555_8,1690619,PLANT03,PORT09,283,0.4822625276510346,1.0
1447199670.7,2023-10-01,PORT04,V444_1,1,DTD,0,0,V5555555_22,1676565,PLANT03,PORT09,359,0.48664372997983174,1.0
1447196174.7,2023-04-27,PORT04,V444_0,2,DTP,3,0,V55555_2,1699954,PLANT03,PORT09,327,2.3286661145928185,2.0
1447191716.7,2023-10-17,PORT04,V444_1,1,DTD,5,0,V55555555555555_8,1676565,PLANT03,PORT09,553,4.772248190769963,1.0
1447189491.7,2023-07-13,PORT04,V444_1,1,DTD,0,0,V5555555_22,1682742,PLANT03,PORT09,327,5.145044740813214,1.0
1447186298.7,2023-01-15,PORT04,V44_3,2,CRF,3,0,V55555_2,1696758,PLANT03,PORT09,304,0.11994493132055431,2.0
1447179936.7,2023-07-15,PORT04,V444_1,1,DTD,0,0,V555555555555555555_45,1690627,PLANT03,PORT09,268,0.38418385491678075,1.0
1447162932.7,2023-02-17,PORT04,V444_0,2,DTP,5,0,V55555555_7,1668545,PLANT03,PORT09,387,0.7396062346185398,2.0
1447156542.7,2023-09-12,PORT04,V444_0,2,DTP,0,0,V5555555_30,1674120,PLANT03,PORT09,687,32.04,2.0
1447152836.7,2023-12-20,PORT04,V444_1,1,DTD,1,0,V555555555555555555_17,1696073,PLANT03,PORT09,556,1.4403271629166914,1.0
1447149446.7,2023-10-19,PORT04,V444_0,2,DTP,3,0,V55555555_0,1688824,PLANT03,PORT09,499,3.2400000000000007,2.0
1447146787.7,2023-09-13,PORT04,V444_0,2,DTP,5,0,V55555555_7,1680915,PLANT03,PORT09,344,1.3634167016842365,2.0
1447421569.7,2023-07-18,PORT04,V444_1,1,DTD,5,0,V55555555555555_8,1693747,PLANT03,PORT09,501,28.04,1.0
1447412852.7,2023-05-09,PORT04,V44_3,0,CRF,0,0,V555555555555555_29,1699314,PLANT03,PORT09,1233,6.44,0.0
1447381329.7,2023-05-11,PORT04,V444_1,1,DTD,0,0,V55555555555555_8,1689548,PLANT03,PORT09,1241,80.47978763102167,1.0
1447371335.7,2023-03-06,PORT04,V444_1,1,DTD,0,0,V5555555_22,1683636,PLANT03,PORT09,337,1.0510788149232329,1.0
1447356694.7,2023-01-04,PORT04,V444_0,2,DTP,0,0,V55555_26,1666954,PLANT03,PORT09,589,4.11747147465216,2.0
1447356667.7,2023-06-11,PORT04,V444_0,2,DTP,0,0,V55555_26,1656839,PLANT03,PORT09,432,1.6357541899441344,2.0
1447343156.7,2023-01-18,PORT04,V444_1,1,DTD,5,0,V55555555555555_8,1690614,PLANT03,PORT09,263,0.5034384139791255,1.0
1447335400.7,2023-09-02,PORT04,V44_3,0,CRF,3,0,V55555555_32,1699844,PLANT03,PORT09,1402,74.72,0.0
1447318100.7,2023-12-29,PORT04,V444_1,1,DTD,5,0,V55555555555555_8,1690616,PLANT03,PORT09,278,1.885401793136631,1.0
1447310441.7,2023-08-14,PORT04,V444_0,2,DTP,3,0,V5555555_22,1683199,PLANT03,PORT09,1191,17.60808836675785,2.0
1447300856.7,2023-04-29,PORT04,V444_0,2,DTP,0,0,V5555_33,1689547,PLANT03,PORT09,321,0.5039039031119679,2.0
1447285545.7,2023-09-25,PORT04,V444_0,2,DTP,3,0,V55555_2,1687346,PLANT03,PORT09,281,0.918340597255851,2.0
1447274420.7,2023-03-22,PORT04,V444_0,2,DTP,3,0,V55555_2,1669702,PLANT03,PORT09,432,3.549842515723271,2.0
1447271616.7,2023-06-22,PORT04,V444_0,2,DTP,0,0,V555555555_14,1695139,PLANT03,PORT09,264,0.183039728836612,2.0
1447258793.7,2023-12-22,PORT04,V444_0,2,DTP,3,0,V55555_2,1651299,PLANT03,PORT09,6254,16.86,2.0
1447255606.7,2023-10-08,PORT04,V444_0,2,DTP,3,0,V555555_6,1677891,PLANT03,PORT09,10324,23.419999999999998,2.0
1447250807.7,2023-11-09,PORT04,V444_0,2,DTP,0,0,V55_13,1668545,PLANT03,PORT09,363,1.3101596156099848,2.0
1447242880.7,2023-06-07,PORT04,V444_1,1,DTD,3,0,V5555555_19,1692108,PLANT03,PORT09,499,1.4207626328230445,1.0
1447237016.7,2023-05-31,PORT04,V444_1,1,DTD,5,0,V55555555555555_8,1688587,PLANT03,PORT09,319,0.9120762894031302,1.0
1447233203.7,2023-01-16,PORT04,V444_0,3,DTP,0,0,V55555555_5,1684862,PLANT03,PORT09,454079,448.5,3.0
1447226254.7,2023-09-18,PORT04,V444_1,1,DTD,0,0,V5555555_22,1660585,PLANT03,PORT09,636,39.70331683370831,1.0
1447183508.7,2023-12-27,PORT04,V444_0,2,DTP,3,0,V55555_2,1677878,PLANT03,PORT09,3243,9.9,2.0
1447182265.7,2023-12-14,PORT04,V444_0,2,DTP,0,0,V5555_33,1682805,PLANT03,PORT09,286,0.8591497479956576,2.0
1447171880.7,2023-07-23,PORT04,V444_0,2,DTP,0,0,V55555555555_28,1678674,PLANT03,PORT09,20304,9.815005713752987,2.0
1447167622.7,2023-01-12,PORT04,V444_0,2,DTP,0,0,V555555555555555_29,1682853,PLANT03,PORT09,332,5.165537635680365,2.0
1447162790.7,2023-06-12,PORT04,V444_0,2,DTP,5,0,V55555555_7,1692998,PLANT03,PORT09,945,34.72,2.0
1447151667.7,2023-02-18,PORT04,V444_0,2,DTP,0,0,V5555_33,1688629,PLANT03,PORT09,316,3.407940902887338,2.0
1447409567.7,2023-08-28,PORT04,V444_0,2,DTP,3,0,V55555_2,1689033,PLANT03,PORT09,283,1.88,2.0
1447406637.7,2023-09-09,PORT04,V444_0,2,DTP,0,3,V555555555_27,1689541,PLANT03,PORT09,512,30.9,2.0
1447394090.7,2023-03-21,PORT04,V444_0,2,DTP,0,0,V555555555_14,1691700,PLANT08,PORT09,4148,25.85986929883893,2.0
1447391528.7,2023-09-07,PORT04,V444_0,2,DTP,0,0,V55555555_5,1651299,PLANT03,PORT09,2110,5.476125946849149,2.0
1447390968.7,2023-01-26,PORT04,V444_1,1,DTD,5,0,V55555555555555_8,1700362,PLANT03,PORT09,301,1.0364724223305095,1.0
1447373936.7,2023-10-09,PORT04,V444_0,2,DTP,0,0,V55555_4,1689541,PLANT03,PORT09,338,15.023219960278043,2.0
1447369707.7,2023-01-04,PORT04,V444_0,2,DTP,3,0,V555555555_3,1688629,PLANT03,PORT09,1612,113.58745194088263,2.0
1447367955.7,2023-11-20,PORT04,V444_0,2,DTP,0,0,V55555_26,1666954,PLANT03,PORT09,532,3.4312262288768007,2.0
1447367881.7,2023-01-21,PORT04,V444_0,2,DTP,0,0,V55555_26,1655818,PLANT03,PORT09,2775,7.02,2.0
1447355528.7,2023-10-11,PORT04,V444_0,2,DTP,3,0,V555555_6,1697084,PLANT03,PORT09,2330,7.770050164986447,2.0
1447355336.7,2023-11-14,PORT04,V44_3,0,CRF,3,0,V55555555_32,1699548,PLANT03,PORT09,1253,1.5130681319645332,0.0
1447340541.7,2023-12-06,PORT04,V444_1,1,DTD,5,0,V55555555555555_8,1676563,PLANT03,PORT09,599,4.9,1.0
1447329457.7,2023-11-05,PORT04,V444_0,2,DTP,3,0,V55555555_5,1688288,PLANT03,PORT09,559,29.98064740502553,2.0
1447323878.7,2023-04-07,PORT04,V444_0,2,DTP,0,0,V55555_26,1693230,PLANT03,PORT09,1818,8.96509635653628,2.0
1447306588.7,2023-12-02,PORT04,V444_1,1,DTD,0,0,V5555555_22,1699553,PLANT03,PORT09,2348,8.704294509690282,1.0
1447301405.7,2023-08-10,PORT04,V444_0,2,DTP,0,0,V55555555555_28,1684560,PLANT03,PORT09,3245,1.3371930688561289,2.0
1447296431.7,2023-09-30,PORT04,V444_1,1,DTD,0,0,V555555555555555555_45,1689548,PLANT03,PORT09,541,22.3439362893065,1.0
1447283678.7,2023-08-11,PORT04,V444_0,2,DTP,3,0,V55555_4,1656246,PLANT03,PORT09,3323,12.38,2.0
1447283605.7,2023-04-03,PORT04,V444_0,2,DTP,3,0,V55555_2,1689032,PLANT03,PORT09,587,7.66,2.0
1447269473.7,2023-12-18,PORT04,V44_3,0,CRF,3,0,V55555555_32,1699241,PLANT03,PORT09,2060,19.909999999999997,0.0
1447265524.7,2023-04-15,PORT04,V444_0,2,DTP,3,0,V55555555_5,1700142,PLANT03,PORT09,52324,56.06634101591837,2.0
1447241508.7,2023-09-06,PORT04,V44_3,2,CRF,3,0,V55555_2,1672034,PLANT03,PORT09,278,1.7838937550426595,2.0
1447239934.7,2023-07-26,PORT04,V444_0,2,DTP,0,0,V555555_24,1688629,PLANT03,PORT09,330,3.407940902887338,2.0
1447237192.7,2023-12-28,PORT04,V444_0,2,DTP,3,0,V555555555_3,1688629,PLANT03,PORT09,434,17.936531067828096,2.0
1447227197.7,2023-02-16,PORT04,V444_0,2,DTP,3,0,V55555555_0,1651299,PLANT03,PORT09,792,1.5211460963469858,2.0
1447220217.7,2023-04-14,PORT04,V444_0,2,DTP,0,0,V55555555_5,1672000,PLANT03,PORT09,706,47.14,2.0
1447212849.7,2023-02-25,PORT04,V444_1,1,DTD,5,0,V55555555555555_8,1689547,PLANT03,PORT09,359,7.198627187313828,1.0
1447208216.7,2023-03-05,PORT04,V444_1,1,DTD,3,0,V5555555_19,1697085,PLANT03,PORT09,766,2.0638321271120708,1.0
1447206416.7,2023-06-25,PORT04,V444_0,2,DTP,0,0,V5555_33,1688633,PLANT03,PORT09,244,0.37113722982577946,2.0
1447202424.7,2023-09-29,PORT09,V44_3,1,CRF,3,0,V55555_53,1696798,PLANT16,PORT09,352,19.08,1.0
1447188629.7,2023-10-12,PORT04,V444_0,2,DTP,0,0,V55555_26,1655982,PLANT03,PORT09,482,1.17450225865819,2.0
1447411610.7,2023-04-22,PORT04,V444_0,2,DTP,0,0,V55555555_5,1672712,PLANT03,PORT09,428,11.48,2.0
1447389219.7,2023-09-04,PORT04,V444_0,2,DTP,0,0,V55555555_5,1671942,PLANT03,PORT09,387,12.94,2.0
1447381489.7,2023-03-04,PORT04,V444_1,1,DTD,5,0,V55555555555555_8,1690619,PLANT03,PORT09,320,0.9645250553020692,1.0
1447381073.7,2023-03-01,PORT04,V444_0,2,DTP,3,0,V555555_6,1689469,PLANT03,PORT09,1324,19.4,2.0
1447380780.7,2023-08-14,PORT04,V444_0,3,DTD,0,0,V555555555555555555_42,1671426,PLANT03,PORT09,15325,9.595697599696292,3.0
1447350614.7,2023-04-13,PORT04,V444_0,2,DTP,0,0,V555555555_14,1691700,PLANT08,PORT09,4117,21.85986929883893,2.0
1447346414.7,2023-01-18,PORT04,V444_0,2,DTP,0,0,V55555555555_28,1676592,PLANT03,PORT09,91267,44.13999999999999,2.0
1447338073.7,2023-08-10,PORT04,V444_1,1,DTD,5,0,V55555555555555_8,1689546,PLANT03,PORT09,337,5.363780915011034,1.0
1447329756.7,2023-08-11,PORT04,V444_0,2,DTP,3,0,V555555_6,1692109,PLANT03,PORT09,718,3.197191733450658,2.0
1447323622.7,2023-01-24,PORT04,V444_0,2,DTP,0,0,V5555_33,1674635,PLANT12,PORT09,346,7.721043416406664,2.0
1447286310.7,2023-09-14,PORT04,V444_0,3,DTD,0,0,V555555555555555555_42,1671426,PLANT03,PORT09,30284,19.191395199392584,3.0
1447275638.7,2023-04-05,PORT04,V444_0,2,DTP,3,0,V5555555_22,1683200,PLANT03,PORT09,1172,18.06,2.0
1447227095.7,2023-09-23,PORT04,V444_0,2,DTP,0,0,V5555555_30,1666295,PLANT03,PORT09,618,3.68,2.0
1447211822.7,2023-06-22,PORT04,V444_0,2,DTP,0,0,V555555555_27,1699948,PLANT03,PORT09,731,13.879675183514347,2.0
1447208919.7,2023-10-07,PORT04,V444_1,1,DTD,5,0,V55555555555555_8,1676566,PLANT03,PORT09,325,0.08396301034905172,1.0
1447206316.7,2023-06-26,PORT04,V444_0,2,DTP,3,0,V555555_6,1662552,PLANT03,PORT09,784,2.504372204792739,2.0
1447199736.7,2023-07-04,PORT04,V444_0,2,DTP,0,0,V55555555555_28,1695687,PLANT03,PORT09,16271,17.85681826587234,2.0
1447191652.7,2023-03-08,PORT04,V444_1,1,DTD,5,0,V55555555555555_8,1688589,PLANT03,PORT09,369,11.962122649962277,1.0
1447187234.7,2023-06-27,PORT04,V444_0,2,DTP,0,0,V555555555_27,1635536,PLANT03,PORT09,333,1.1063170441001193,2.0
1447167332.7,2023-10-08,PORT04,V444_0,2,DTP,0,0,V55555555555_28,1678000,PLANT03,PORT09,17749,9.773450562527472,2.0
1447152994.7,2023-05-12,PORT04,V444_0,2,DTP,3,0,V55555555_5,1696074,PLANT03,PORT09,1299,8.87914842161734,2.0
1447410716.7,2023-01-05,PORT04,V44_3,2,CRF,3,0,V55555_2,1666954,PLANT03,PORT09,356,0.5078214818737665,2.0
1447408594.7,2023-01-16,PORT04,V444_0,2,DTP,5,0,V55555555_7,1689547,PLANT03,PORT09,860,47.27155720198004,2.0
1447396709.7,2023-06-29,PORT04,V444_0,2,DTP,0,0,V55_13,1658532,PLANT03,PORT09,262,0.38915465691546575,2.0
1447387681.7,2023-08-10,PORT04,V44_3,0,CRF,0,0,V555555555555555_29,1699372,PLANT03,PORT09,1930,1.5795265532380953,1.72
1447373445.7,2023-09-19,PORT04,V444_0,2,DTP,3,0,V55555_2,1663347,PLANT03,PORT09,547,17.655826462678007,2.0
1447370098.7,2023-11-06,PORT04,V444_0,2,DTP,0,0,V55555555_5,1655818,PLANT03,PORT09,2240,6.04,2.0
1447359791.7,2023-05-18,PORT04,V444_1,1,DTD,3,0,V5555555_19,1697085,PLANT03,PORT09,531,1.166513810976388,1.0
1447357556.7,2023-01-05,PORT04,V444_0,2,DTP,3,0,V55555_4,1651302,PLANT03,PORT09,410,0.6639604398848624,2.0
1447325523.7,2023-08-05,PORT04,V444_0,2,DTP,3,0,V555555555_3,1682769,PLANT03,PORT09,326,4.602678908652896,2.0
1447322795.7,2023-09-15,PORT04,V444_0,2,DTP,0,0,V5555_33,1688292,PLANT03,PORT09,335,0.6576112075199229,2.0
1447317261.7,2023-07-08,PORT04,V444_1,1,DTD,0,0,V555555555555555555_45,1689547,PLANT03,PORT09,725,28.79450874925531,1.0
1447306583.7,2023-07-30,PORT04,V444_1,1,DTD,0,0,V5555555_22,1676565,PLANT03,PORT09,663,5.3,1.0
1447280534.7,2023-09-03,PORT04,V444_1,1,DTD,5,0,V55555555555555_8,1688571,PLANT03,PORT09,433,8.8089849351141,1.0
1447269674.7,2023-03-11,PORT04,V444_1,1,DTD,0,0,V555555555555555555_45,1689549,PLANT03,PORT09,316,0.19168708781045668,1.0
1447266925.7,2023-05-19,PORT04,V444_0,2,DTP,0,0,V555555555_27,1649002,PLANT03,PORT09,345,1.4287732517070875,2.0
1447254104.7,2023-04-11,PORT04,V44_3,0,CRF,3,0,V55555555_32,1699697,PLANT03,PORT09,2797,1.653936871924925,0.0
1447241521.7,2023-05-24,PORT04,V44_3,2,CRF,3,0,V55555_2,1684170,PLANT03,PORT09,282,0.07245197663313119,2.0
1447222830.7,2023-04-26,PORT04,V444_0,2,DTP,0,0,V5555_33,1688290,PLANT03,PORT09,299,0.49751867241102266,2.0
1447218785.7,2023-03-07,PORT04,V444_0,2,DTP,0,0,V555555555_27,1675615,PLANT03,PORT09,644,2.7420646387080194,2.0
1447195161.7,2023-09-13,PORT04,V444_0,2,DTP,3,0,V55555_2,1666954,PLANT03,PORT09,302,0.27449809831014405,2.0
1447188611.7,2023-06-19,PORT04,V44_3,2,CRF,3,0,V55555_2,1651302,PLANT03,PORT09,346,0.13279208797697248,2.0
1447184069.7,2023-05-23,PORT04,V444_0,2,DTP,0,0,V5555_33,1688629,PLANT03,PORT09,332,0.08968265533914048,2.0
1447165456.7,2023-10-10,PORT04,V444_0,2,DTP,0,0,V55555_26,1676853,PLANT03,PORT09,1757,3.9624381704322453,2.0
1447164231.7,2023-09-07,PORT04,V444_0,2,DTP,5,0,V55555555_7,1682739,PLANT03,PORT09,309,3.5804887920298887,2.0
1447163628.7,2023-09-09,PORT04,V444_0,2,DTP,0,3,V555555555_27,1655723,PLANT03,PORT09,353,5.302120825016615,2.0
1447162798.7,2023-04-26,PORT04,V444_0,2,DTP,5,0,V55555555_7,1660580,PLANT03,PORT09,395,9.690879741727201,2.0
1447144418.7,2023-03-15,PORT04,V444_0,2,DTP,0,0,V55555555_5,1677891,PLANT03,PORT09,1873,5.2914030456852785,2.04
1447423194.7,2023-09-25,PORT04,V444_0,2,DTP,5,0,V55555555_7,1660585,PLANT03,PORT09,700,40.3099832276539,2.0
1447423193.7,2023-02-09,PORT04,V444_0,2,DTP,5,0,V55555555_7,1656246,PLANT03,PORT09,1287,4.096305732484077,2.0
1447407040.7,2023-11-01,PORT04,V444_1,1,DTD,3,0,V5555555_19,1697084,PLANT03,PORT09,467,0.7770050164986447,1.0
1447394305.7,2023-07-09,PORT04,V444_0,2,DTP,0,0,V5555_33,1688288,PLANT03,PORT09,294,1.0660215801675177,2.0
1447392328.7,2023-09-04,PORT04,V44_3,0,CRF,0,0,V555555555555555_29,1699795,PLANT03,PORT09,6652,14.331346388291161,1.36
1447381350.7,2023-04-08,PORT04,V444_0,2,DTP,0,0,V555555555555555_29,1688575,PLANT03,PORT09,397,9.043409286184646,2.0
1447366432.7,2023-03-29,PORT04,V444_0,2,DTP,0,0,V5555_33,1689549,PLANT03,PORT09,271,2.779462773251622,2.0
1447332238.7,2023-01-09,PORT04,V444_0,2,DTP,3,0,V55555_4,1650568,PLANT03,PORT09,1216,5.0,2.0
1447323693.7,2023-10-28,PORT04,V444_0,2,DTP,0,0,V55555555555_28,1666524,PLANT03,PORT09,12792,6.89936479582025,2.0
1447290013.7,2023-09-09,PORT04,V44_3,4,CRF,0,0,V555555555555_31,1684560,PLANT03,PORT09,18264,8.023158413136773,4.0
1447283778.7,2023-05-09,PORT04,V444_0,2,DTP,3,0,V555555_6,1675615,PLANT03,PORT09,442,1.760228590654503,2.0
1447283762.7,2023-09-03,PORT04,V444_0,2,DTP,0,0,V55555_26,1660563,PLANT03,PORT09,405,1.8588108772468883,2.0
1447281300.7,2023-09-14,PORT04,V444_0,2,DTP,5,0,V55555555_7,1655818,PLANT03,PORT09,782,1.6096556338469894,2.0
1447278424.7,2023-02-22,PORT04,V444_1,1,DTD,0,0,V55555555555555_8,1650904,PLANT03,PORT09,1040,13.38,1.0
1447260494.7,2023-12-20,PORT04,V444_0,2,DTP,3,0,V55555555_5,1683282,PLANT03,PORT09,490,4.64,2.0
1447252593.7,2023-04-13,PORT04,V444_1,1,DTD,5,0,V55555555555555_8,1690616,PLANT03,PORT09,332,0.9427008965683155,1.0
1447250467.7,2023-09-27,PORT04,V444_0,2,DTP,0,0,V5555_33,1689546,PLANT03,PORT09,339,0.6130035331441182,2.0
1447249983.7,2023-12-11,PORT04,V444_0,2,DTP,0,0,V555555555_14,1670215,PLANT03,PORT09,4311,39.4737895176088,2.0
1447231112.7,2023-04-19,PORT04,V444_1,1,DTD,3,0,V5555555_19,1695349,PLANT03,PORT09,498,1.8079799278622115,1.0
1447219952.7,2023-12-06,PORT04,V444_1,1,DTD,3,0,V5555555_19,1699772,PLANT03,PORT09,538,2.7837351041667344,1.0
1447207598.7,2023-09-04,PORT04,V444_0,2,DTP,3,0,V55555_4,1660153,PLANT03,PORT09,332,7.16,2.0
1447204417.7,2023-08-30,PORT04,V444_0,2,DTP,0,0,V555555555_27,1699948,PLANT03,PORT09,517,9.270928440282775,2.0
1447191655.7,2023-07-24,PORT04,V444_0,2,DTP,0,0,V5555_25,1696074,PLANT03,PORT09,399,0.8879148421617342,2.0
1447180514.7,2023-08-26,PORT04,V444_0,2,DTP,3,0,V55555555_5,1677229,PLANT12,PORT09,310,4.3,2.0
1447168910.7,2023-05-26,PORT04,V444_0,2,DTP,0,0,V555555555_27,1676853,PLANT03,PORT09,1320,2.80012297377212,2.0
1447167254.7,2023-08-08,PORT04,V444_0,2,DTP,0,0,V5555_33,1689546,PLANT03,PORT09,236,0.07662544164301477,2.0
1447165542.7,2023-09-22,PORT04,V444_0,2,DTP,0,0,V5555_33,1689547,PLANT03,PORT09,289,0.791848990604521,2.0
1447163441.7,2023-10-27,PORT04,V444_0,2,DTP,3,0,V555555_6,1687346,PLANT03,PORT09,1242,18.18,2.0
1447150976.7,2023-11-17,PORT04,V444_1,1,DTD,0,0,V5555555_22,1686401,PLANT03,PORT09,590,7.58,1.0
1447420897.7,2023-07-11,PORT04,V444_0,2,DTP,5,0,V55555555_7,1660578,PLANT03,PORT09,331,6.380091248444629,2.0
1447406585.7,2023-03-10,PORT04,V444_0,2,DTP,0,0,V555555555_14,1696758,PLANT03,PORT09,345,5.397521909424944,2.0
1447385486.7,2023-03-24,PORT04,V444_0,2,DTP,0,0,V5555_33,1688571,PLANT03,PORT09,270,0.704718794809128,2.0
1447373479.7,2023-04-25,PORT04,V44_3,2,CRF,3,0,V55555_2,1696748,PLANT03,PORT09,337,0.3585053173751017,2.0
1447367925.7,2023-06-20,PORT04,V444_0,2,DTP,3,0,V555555_6,1668545,PLANT03,PORT09,1039,7.980000000000001,2.0
1447351440.7,2023-08-10,PORT09,V44_3,1,CRF,3,0,V55555_53,1700106,PLANT16,PORT09,3332,92.8,1.0
1447348986.7,2023-04-06,PORT04,V444_0,2,DTP,0,0,V55555555_5,1672713,PLANT03,PORT09,420,9.98,2.0
1447346301.7,2023-12-16,PORT04,V444_0,2,DTP,0,0,V55555555555_28,1700142,PLANT03,PORT09,10695,10.213268203183674,2.0
1447346148.7,2023-03-01,PORT04,V444_0,2,DTP,3,0,V555555_6,1696074,PLANT03,PORT09,3271,27.637445264852026,2.0
1447345007.7,2023-06-05,PORT04,V444_0,2,DTP,0,0,V55555555_5,1658528,PLANT03,PORT09,387,1.4331843473501775,2.0
1447339821.7,2023-08-13,PORT04,V444_0,2,DTP,0,0,V555555555_27,1671942,PLANT03,PORT09,343,1.344593245626371,2.0
1447339007.7,2023-10-01,PORT04,V444_1,1,DTD,0,0,V555555555555555555_45,1700869,PLANT03,PORT09,253,1.4999341714558356,1.0
1447322572.7,2023-03-20,PORT04,V444_1,1,DTD,5,0,V55555555555555_8,1689547,PLANT03,PORT09,388,7.198627187313828,1.0
1447306561.7,2023-07-10,PORT04,V444_1,1,DTD,0,0,V5555555_22,1672676,PLANT03,PORT09,1111,22.72,1.0
1447296434.7,2023-07-12,PORT04,V444_1,1,DTD,0,0,V555555555555555555_45,1682805,PLANT03,PORT09,417,12.887246219934863,1.0
1447275865.7,2023-10-11,PORT04,V444_0,2,DTP,3,0,V55555_2,1689032,PLANT03,PORT09,706,8.74,2.0
1447231085.7,2023-05-07,PORT04,V444_1,1,DTD,3,0,V5555555_19,1697085,PLANT03,PORT09,413,0.7402876108119385,1.0
1447230417.7,2023-06-08,PORT04,V444_0,2,DTP,3,0,V55555555_0,1683203,PLANT03,PORT09,244,0.2146828511453865,2.0
1447228695.7,2023-02-26,PORT04,V444_1,1,DTD,0,0,V5555555_22,1683203,PLANT03,PORT09,1932,30.619999999999997,1.0
1447182467.7,2023-12-20,PORT04,V44_3,4,CRF,0,0,V555555555555555_29,1699311,PLANT03,PORT09,5666,41.199999999999996,3.24
1447154436.7,2023-03-10,PORT04,V444_0,2,DTP,0,0,V555555555_14,1689469,PLANT03,PORT09,1246,19.416436242042316,2.0
1447144414.7,2023-01-09,PORT04,V444_0,2,DTP,0,0,V55555555_5,1671942,PLANT03,PORT09,407,13.04,2.0
1447411617.7,2023-04-14,PORT04,V444_1,1,DTD,0,0,V55555555555555_8,1690619,PLANT03,PORT09,325,0.6430167035347129,1.0
1447401807.7,2023-03-02,PORT04,V444_0,2,DTP,0,0,V555555555_14,1696756,PLANT03,PORT09,479,9.32,2.0
1447400349.7,2023-09-12,PORT04,V444_0,2,DTP,3,0,V5555555_22,1676566,PLANT03,PORT09,520,2.256505903130765,2.0
1447396669.7,2023-12-05,PORT04,V444_0,2,DTP,3,0,V55555555_5,1674380,PLANT13,PORT09,358,6.988703703703704,2.0
1447340933.7,2023-02-24,PORT04,V444_0,2,DTP,0,0,V5555_33,1689548,PLANT03,PORT09,272,0.2979191505240867,2.0
1447327256.7,2023-11-07,PORT04,V444_0,2,DTP,0,0,V555555555555555_29,1688575,PLANT03,PORT09,379,4.521704643092323,2.0
1447318854.7,2023-06-14,PORT04,V444_0,2,DTP,0,0,V55555555555_28,1678000,PLANT03,PORT09,15324,8.377243339309262,2.0
1447316596.7,2023-04-27,PORT09,V44_3,1,CRF,3,0,V55555_53,1697317,PLANT16,PORT09,2233,404.8,1.0
1447308849.7,2023-09-26,PORT04,V444_0,2,DTP,0,0,V555555555555555_29,1688575,PLANT03,PORT09,339,4.521704643092323,2.0
1447306580.7,2023-11-04,PORT04,V444_1,1,DTD,0,0,V5555555_22,1660673,PLANT03,PORT09,731,21.441193525176086,1.0
1447306482.7,2023-11-21,PORT04,V444_1,1,DTD,0,0,V5555555_22,1676565,PLANT03,PORT09,618,5.494364693320681,1.0
1447306312.7,2023-04-11,PORT04,V444_0,2,DTP,5,0,V55555555_7,1687353,PLANT12,PORT09,371,20.6,2.0
1447299452.7,2023-05-04,PORT04,V444_0,2,DTP,0,0,V55555555555_28,1700138,PLANT03,PORT09,21311,18.34478133413489,2.0
1447296447.7,2023-08-13,PORT09,V44_3,1,CRF,3,0,V55555_53,1700035,PLANT16,PORT09,1287,15.4,1.0
1447296067.7,2023-04-22,PORT04,V444_0,2,DTP,0,0,V5555555555_1,1683999,PLANT13,PORT09,303,1.0232401029719957,2.0
1447258889.7,2023-07-27,PORT04,V444_0,2,DTP,0,0,V5555_33,1683405,PLANT03,PORT09,262,1.1461578947368423,2.0
1447250738.7,2023-07-11,PORT04,V444_1,1,DTD,0,0,V55555555555555_8,1650904,PLANT03,PORT09,1361,17.6,1.0
1447242978.7,2023-09-22,PORT04,V44_3,4,CRF,0,0,V555555555555555_29,1699416,PLANT03,PORT09,4500,12.791974839660886,3.8
1447241516.7,2023-11-11,PORT04,V44_3,2,CRF,3,0,V55555_2,1682763,PLANT03,PORT09,301,3.7958691335487544,2.0
1447233548.7,2023-09-27,PORT04,V444_0,2,DTP,5,0,V55555555_7,1692940,PLANT03,PORT09,351,3.6400000000000006,2.0
1447206005.7,2023-06-15,PORT04,V444_0,2,DTP,0,0,V555555555_14,1691700,PLANT08,PORT09,4080,21.85986929883893,2.0
1447200718.7,2023-05-18,PORT04,V444_1,1,DTD,0,0,V5555555_22,1676565,PLANT03,PORT09,557,4.7094554514177265,1.0
1447200005.7,2023-04-02,PORT04,V444_0,2,DTP,0,3,V555555555_27,1699948,PLANT03,PORT09,2062,58.73709882738383,2.0
1447181113.7,2023-04-18,PORT04,V444_0,2,DTP,0,0,V5555_36,1700570,PLANT03,PORT09,1309,28.746466396239345,2.0
1447179539.7,2023-09-06,PORT04,V444_0,2,DTP,3,0,V55555_4,1689541,PLANT03,PORT09,431,16.04,2.0
1447175365.7,2023-11-15,PORT04,V444_1,1,DTD,5,0,V55555555555555_8,1688575,PLANT03,PORT09,388,9.043409286184646,1.0
1447166586.7,2023-07-14,PORT04,V444_0,2,DTP,0,0,V555555555_14,1651299,PLANT03,PORT09,10288,28.94,2.0
1447159047.7,2023-11-05,PORT04,V444_0,2,DTP,5,0,V55555555_7,1693001,PLANT03,PORT09,17387,751.9,2.0
1447151921.7,2023-10-19,PORT04,V444_0,2,DTP,5,0,V55555555_7,1660585,PLANT03,PORT09,1625,132.96,2.0
1447150729.7,2023-08-10,PORT04,V444_0,2,DTP,0,0,V555555555_27,1685211,PLANT03,PORT09,791,9.28,2.0
1447141577.7,2023-11-21,PORT04,V444_0,2,DTP,0,0,V55_13,1694720,PLANT03,PORT09,387,1.046508294590006,2.0
1447423208.7,2023-01-19,PORT04,V444_0,2,DTP,5,0,V55555555_7,1660585,PLANT03,PORT09,922,64.56,2.0
1447405751.7,2023-09-21,PORT04,V444_1,1,DTD,0,0,V5555555_22,1687491,PLANT03,PORT09,369,1.8537714417108822,1.0
1447389170.7,2023-11-15,PORT04,V444_0,2,DTP,0,0,V55555_26,1662274,PLANT03,PORT09,299,0.8306306306306305,2.0
1447357561.7,2023-03-14,PORT04,V444_0,2,DTP,3,0,V55555_4,1655373,PLANT03,PORT09,309,2.0974068394891647,2.0
1447337715.7,2023-03-03,PORT04,V444_0,2,DTP,0,0,V555555555_14,1696746,PLANT03,PORT09,899,28.516590306502327,2.0
1447327811.7,2023-11-02,PORT04,V444_0,3,DTD,0,0,V555555555555555555_42,1671426,PLANT03,PORT09,24292,15.353116159514066,3.0
1447321398.7,2023-11-30,PORT04,V444_0,2,DTP,3,0,V5555555_12,1677889,PLANT03,PORT09,315,0.11566039132473044,2.0
1447318093.7,2023-12-25,PORT04,V444_1,1,DTD,5,0,V55555555555555_8,1689544,PLANT03,PORT09,344,8.580972618862004,1.0
1447312525.7,2023-11-18,PORT04,V444_0,2,DTP,3,0,V555555555_3,1688587,PLANT03,PORT09,335,9.120762894031301,2.0
1447306818.7,2023-12-10,PORT04,V444_0,2,DTP,0,0,V555555555_27,1668608,PLANT03,PORT09,513,5.78,2.0
1447295174.7,2023-03-14,PORT04,V444_0,2,DTP,3,0,V555555_6,1676853,PLANT03,PORT09,298,0.10566501787819321,2.0
1447295149.7,2023-08-13,PORT04,V444_0,2,DTP,0,3,V555555555_27,1684560,PLANT03,PORT09,3292,1.3371930688561289,2.0
1447237855.7,2023-04-05,PORT04,V444_0,2,DTP,0,0,V55555555555_28,1666524,PLANT03,PORT09,35321,19.3182214282967,2.0
1447232842.7,2023-07-28,PORT04,V444_0,2,DTP,3,0,V55555_2,1658528,PLANT03,PORT09,312,0.7452558606220923,2.0
1447211850.7,2023-10-17,PORT04,V444_1,1,DTD,5,0,V55555555555555_8,1689549,PLANT03,PORT09,339,1.9168708781045667,1.0
1447209560.7,2023-01-10,PORT04,V444_0,2,DTP,0,0,V555555555_27,1677878,PLANT03,PORT09,1493,4.313030004225937,2.0
1447200757.7,2023-03-01,PORT04,V444_0,2,DTP,0,0,V555555555555555_29,1688575,PLANT03,PORT09,367,4.521704643092323,2.0
1447164242.7,2023-07-28,PORT04,V444_1,1,DTD,5,0,V55555555555555_8,1688633,PLANT03,PORT09,419,9.278430745644487,1.0
1447163352.7,2023-12-13,PORT04,V444_0,2,DTP,3,0,V555555_6,1663337,PLANT03,PORT09,1257,69.1,2.0
1447405942.7,2023-03-15,PORT04,V444_1,1,DTD,0,0,V5555555_22,1656353,PLANT03,PORT09,689,16.369811453129806,1.0
1447396718.7,2023-11-22,PORT04,V444_0,2,DTP,0,0,V55_13,1658532,PLANT03,PORT09,456,3.18,2.0
1447381351.7,2023-01-28,PORT04,V444_0,2,DTP,0,0,V555555555555555_29,1688575,PLANT03,PORT09,404,9.043409286184646,2.0
1447364746.7,2023-04-29,PORT04,V44_3,0,CRF,3,0,V55555555_32,1699329,PLANT03,PORT09,1440,6.313326388533155,0.0
1447350384.7,2023-08-17,PORT04,V444_0,2,DTP,3,0,V55555_4,1676853,PLANT03,PORT09,1745,3.5200000000000005,2.0
1447348196.7,2023-01-17,PORT04,V444_1,1,DTD,5,0,V55555555555555_8,1689547,PLANT03,PORT09,798,33.99313593656914,1.0
1447335392.7,2023-03-17,PORT04,V444_1,1,DTD,0,0,V5555555_22,1672661,PLANT03,PORT09,388,1.2330805036883667,1.0
1447306530.7,2023-12-17,PORT04,V444_0,2,DTP,0,0,V5555_33,1677891,PLANT03,PORT09,1874,5.245103269035533,2.0
1447291958.7,2023-08-17,PORT04,V444_0,2,DTP,0,0,V555555555_27,1687346,PLANT03,PORT09,428,2.087137721036025,2.0
1447283106.7,2023-05-05,PORT04,V444_0,2,DTP,3,0,V555555_6,1682908,PLANT03,PORT09,353,1.98,2.0
1447250084.7,2023-02-07,PORT04,V444_0,2,DTP,0,0,V5555_33,1688285,PLANT03,PORT09,235,0.09771830581879343,2.0
1447248802.7,2023-09-13,PORT04,V444_1,2,DTD,5,0,V55555555555555_8,1666961,PLANT12,PORT09,439,36.4,2.0
1447241499.7,2023-02-03,PORT04,V444_1,1,DTD,5,0,V55555555555555_8,1690616,PLANT03,PORT09,272,0.47135044828415773,1.0
1447220693.7,2023-11-17,PORT04,V444_0,2,DTP,0,0,V55555555_5,1672706,PLANT03,PORT09,383,4.709351753453772,2.0
1447219956.7,2023-04-26,PORT04,V444_1,1,DTD,3,0,V5555555_19,1695349,PLANT03,PORT09,490,1.5458228383221908,1.0
1447185916.7,2023-10-16,PORT04,V444_0,2,DTP,0,0,V555555555_27,1690006,PLANT03,PORT09,785,6.0849559056646285,2.0
1447185830.7,2023-06-30,PORT04,V444_0,2,DTP,0,0,V55555_26,1680210,PLANT03,PORT09,420,0.29697357086934684,2.0
1447183407.7,2023-05-11,PORT04,V444_0,2,DTP,3,0,V55555_2,1667817,PLANT03,PORT09,2755,39.98,2.0
1447174213.7,2023-02-01,PORT04,V444_0,2,DTP,3,0,V55555_2,1700097,PLANT03,PORT09,338,1.7872193436960275,2.0
1447174091.7,2023-07-26,PORT04,V444_0,2,DTP,3,0,V55555_2,1668099,PLANT03,PORT09,986,67.52,2.0
1447171213.7,2023-03-02,PORT04,V444_0,2,DTP,3,0,V555555_6,1689548,PLANT03,PORT09,1294,71.47978763102167,2.0
1447169195.7,2023-08-02,PORT04,V444_1,1,DTD,5,0,V55555555555555_8,1688629,PLANT03,PORT09,392,8.968265533914048,1.0
1447165545.7,2023-05-10,PORT04,V444_0,2,DTP,3,0,V555555_6,1692277,PLANT03,PORT09,1013,1.8612964989283098,2.0
1447162899.7,2023-10-30,PORT04,V444_0,2,DTP,5,0,V55555555_7,1669701,PLANT03,PORT09,835,6.11,2.0
1447162464.7,2023-11-02,PORT04,V444_1,1,DTD,5,0,V55555555555555_8,1688294,PLANT03,PORT09,345,3.4333977355047796,1.0
1447148125.7,2023-03-01,PORT04,V444_1,2,DTD,3,0,V55555555_9,1677229,PLANT12,PORT09,281,0.4419913419913421,2.0
1447405785.7,2023-01-13,PORT04,V444_1,1,DTD,0,0,V5555555_22,1683634,PLANT03,PORT09,482,4.310391723784202,1.0
1447384428.7,2023-07-04,PORT04,V444_0,2,DTP,0,0,V5555_33,1688285,PLANT03,PORT09,314,2.540675951288629,2.0
1447382054.7,2023-04-27,PORT04,V444_0,2,DTP,0,0,V55555555555_28,1674598,PLANT03,PORT09,35329,15.278126990700471,2.0
1447379409.7,2023-10-08,PORT04,V444_1,1,DTD,5,0,V55555555555555_8,1693747,PLANT03,PORT09,369,13.859999999999998,1.0
1447375422.7,2023-08-31,PORT04,V444_0,2,DTP,3,1,V555_15,1689469,PLANT03,PORT09,738,9.18,2.0
1447339788.7,2023-06-29,PORT04,V444_1,1,DTD,5,0,V55555555555555_8,1688571,PLANT03,PORT09,469,15.327633787098534,1.0
1447327238.7,2023-03-29,PORT04,V444_0,2,DTP,0,0,V555555555555555_29,1688589,PLANT03,PORT09,289,4.567551104150948,2.0
1447326512.7,2023-03-08,PORT04,V444_0,2,DTP,3,0,V555555_6,1696073,PLANT03,PORT09,762,2.789822883126925,2.0
1447325998.7,2023-08-07,PORT04,V444_1,2,DTD,5,0,V55555555555555_8,1685329,PLANT12,PORT09,313,2.25,2.0
1447322566.7,2023-05-11,PORT04,V444_1,1,DTD,5,0,V55555555555555_8,1676566,PLANT03,PORT09,261,0.031486128880894394,1.0
1447310293.7,2023-01-16,PORT04,V444_0,2,DTP,3,0,V55555555_0,1693019,PLANT03,PORT09,471,11.895,2.0
1447309538.7,2023-12-14,PORT04,V444_0,2,DTP,0,0,V55555555555_28,1674598,PLANT03,PORT09,14303,6.511250796280189,2.0
1447306545.7,2023-05-16,PORT04,V44_3,4,CRF,0,0,V555555555555555_29,1699795,PLANT03,PORT09,1847,3.5828365970727902,3.92
1447300222.7,2023-01-08,PORT04,V444_0,2,DTP,5,0,V55555555_7,1669409,PLANT03,PORT09,1543,9.06,2.0
1447296424.7,2023-08-31,PORT04,V444_1,1,DTD,0,0,V555555555555555555_45,1688288,PLANT03,PORT09,323,0.4264086320670071,1.0
1447296254.7,2023-03-13,PORT04,V444_0,2,DTP,0,0,V555555555_27,1685212,PLANT03,PORT09,731,8.28,2.0
1447284625.7,2023-04-08,PORT04,V444_0,2,DTP,0,0,V5555_33,1689547,PLANT03,PORT09,256,0.21595881561941482,2.0
1447283548.7,2023-07-11,PORT04,V444_0,2,DTP,3,0,V55555_2,1620552,PLANT03,PORT09,414,1.9076923076923074,2.0
1447265702.7,2023-01-20,PORT04,V444_0,2,DTP,0,0,V555555555_14,1696747,PLANT03,PORT09,897,28.419629262921905,2.0
1447247245.7,2023-07-12,PORT04,V444_0,2,DTP,3,0,V55555_2,1689546,PLANT03,PORT09,828,38.312720821507384,2.0
1447227123.7,2023-07-23,PORT04,V44_3,2,CRF,3,0,V55555_2,1687346,PLANT03,PORT09,406,1.66971017682882,2.0
1447221953.7,2023-12-19,PORT04,V444_0,2,DTP,0,0,V5555_33,1683635,PLANT03,PORT09,548,6.280511053981826,2.0
1447214234.7,2023-01-07,PORT04,V444_0,2,DTP,0,0,V555555555555555_29,1682760,PLANT03,PORT09,305,4.2701211340017595,2.0
1447211161.7,2023-06-11,PORT04,V444_0,2,DTP,3,0,V555555_6,1695348,PLANT03,PORT09,2296,7.037787799905876,2.0
1447205749.7,2023-01-16,PORT04,V444_0,2,DTP,3,0,V5555555_12,1670215,PLANT03,PORT09,271,0.187368947588044,2.0
1447186294.7,2023-10-18,PORT04,V44_3,2,CRF,3,0,V55555_2,1696758,PLANT03,PORT09,244,0.059972465660277155,2.0
1447175872.7,2023-07-10,PORT04,V444_0,2,DTP,3,0,V55555_2,1655818,PLANT03,PORT09,340,0.3219311267693979,2.0
1447173599.7,2023-05-24,PORT04,V444_0,2,DTP,3,0,V555555_6,1663347,PLANT03,PORT09,1253,70.62,2.0
1447170837.7,2023-01-25,PORT04,V444_1,1,DTD,0,0,V5555555_22,1680915,PLANT03,PORT09,957,10.860000000000001,1.0
1447167326.7,2023-01-28,PORT04,V444_1,1,DTD,5,0,V55555555555555_8,1690616,PLANT03,PORT09,250,0.47135044828415773,1.0
1447159890.7,2023-12-17,PORT04,V444_0,2,DTP,0,0,V555555555_14,1677878,PLANT03,PORT09,8296,23.44,2.0
1447147911.7,2023-05-01,PORT04,V444_0,2,DTP,0,0,V5555_33,1689549,PLANT03,PORT09,296,0.28753063171568505,2.0
1447145220.7,2023-07-08,PORT04,V444_1,1,DTD,0,0,V5555555_22,1683633,PLANT03,PORT09,333,1.830120967741936,1.0
1447423179.7,2023-10-15,PORT04,V444_0,2,DTP,5,0,V55555555_7,1675615,PLANT03,PORT09,1074,5.86,2.0
1447418512.7,2023-06-28,PORT04,V444_0,2,DTP,3,0,V55555_2,1668099,PLANT03,PORT09,496,18.7,2.0
1447405877.7,2023-10-06,PORT04,V44_3,0,CRF,3,0,V55555555_32,1699841,PLANT03,PORT09,5338,8.619598203080669,0.0
1447377268.7,2023-11-02,PORT04,V444_0,2,DTP,3,0,V555555_6,1672713,PLANT03,PORT09,326,1.7203438395415473,2.0
1447369383.7,2023-03-25,PORT04,V444_1,1,DTD,5,0,V55555555555555_8,1688575,PLANT03,PORT09,382,9.043409286184646,1.0
1447365607.7,2023-10-30,PORT04,V444_0,2,DTP,3,0,V555555_6,1672664,PLANT03,PORT09,500,6.998089147873468,2.0
1447355494.7,2023-07-03,PORT04,V444_1,1,DTD,1,0,V555555555555555555_17,1677878,PLANT03,PORT09,3288,9.76,1.0
1447332418.7,2023-08-11,PORT04,V444_0,2,DTP,0,0,V5555_33,1682709,PLANT03,PORT09,270,0.7741806286544356,2.0
1447325844.7,2023-03-28,PORT04,V444_0,2,DTP,3,0,V55555_4,1688633,PLANT03,PORT09,306,1.2061959969337832,2.0
1447320842.7,2023-11-06,PORT04,V44_3,0,CRF,0,0,V555555555555555_29,1699797,PLANT03,PORT09,5966,8.199930522749009,1.2
1447309535.7,2023-09-14,PORT04,V444_1,1,DTD,0,0,V5555555_22,1692949,PLANT03,PORT09,3649,17.21946171606896,1.0
1447308930.7,2023-10-07,PORT04,V444_0,2,DTP,0,0,V55_37,1688587,PLANT03,PORT09,299,2.7362288682093907,2.0
1447291369.7,2023-03-20,PORT04,V444_1,2,DTD,5,0,V55555555555555_8,1680245,PLANT12,PORT09,253,11.8,2.0
1447269469.7,2023-04-02,PORT04,V44_3,4,CRF,0,0,V555555555555555_29,1699315,PLANT03,PORT09,5648,16.70850459541094,3.72
1447241504.7,2023-10-21,PORT04,V444_1,1,DTD,5,0,V55555555555555_8,1688292,PLANT03,PORT09,293,1.0960186791998714,1.0
1447201516.7,2023-03-13,PORT04,V44_3,4,CRF,0,0,V555555555555_31,1684560,PLANT03,PORT09,15263,6.685965344280644,4.0
1447158101.7,2023-12-09,PORT04,V444_0,2,DTP,3,0,V55555_2,1689031,PLANT03,PORT09,1252,18.0,2.0
1447152812.7,2023-06-06,PORT04,V444_0,2,DTP,0,0,V555555555_27,1655723,PLANT03,PORT09,483,11.60424165003323,2.0
1447145221.7,2023-07-22,PORT04,V444_1,1,DTD,0,0,V5555555_22,1680915,PLANT03,PORT09,271,0.022723611694737276,1.0
1447411087.7,2023-04-27,PORT04,V444_0,2,DTP,3,0,V55555555_0,1688824,PLANT03,PORT09,498,3.249032258064516,2.0
1447403231.7,2023-12-24,PORT04,V444_0,2,DTP,0,0,V55555555_5,1677891,PLANT03,PORT09,2250,5.9,2.0
1447383137.7,2023-12-10,PORT04,V444_1,1,DTD,0,0,V555555555555555555_45,1682736,PLANT03,PORT09,309,2.7649264705882355,1.0
1447378805.7,2023-06-03,PORT04,V44_3,0,CRF,3,0,V55555555_32,1699268,PLANT03,PORT09,3838,7.960079096680557,0.0
1447352019.7,2023-10-05,PORT04,V44_3,0,CRF,0,0,V5555555_30,1699552,PLANT03,PORT09,1097,2.418058037838444,0.0
1447348983.7,2023-05-12,PORT04,V444_0,2,DTP,0,0,V555555555_27,1677878,PLANT03,PORT09,1665,4.96,2.0
1447328138.7,2023-04-30,PORT04,V444_1,1,DTD,1,0,V555555555555555555_17,1683191,PLANT03,PORT09,358,0.7191665651273307,1.0
1447326035.7,2023-02-21,PORT04,V444_0,2,DTP,0,0,V55_13,1658532,PLANT03,PORT09,351,2.048182404818241,2.0
1447312453.7,2023-06-12,PORT04,V444_0,2,DTP,3,0,V55555_2,1664051,PLANT03,PORT09,20277,223.86697932210618,2.0
1447283671.7,2023-06-11,PORT04,V444_0,2,DTP,0,0,V55555_26,1679638,PLANT03,PORT09,411,0.5072493066056428,2.0
1447283489.7,2023-05-07,PORT04,V444_0,2,DTP,0,0,V5555_33,1661119,PLANT12,PORT09,295,1.0288469915932317,2.0
1447275606.7,2023-04-07,PORT04,V444_0,2,DTP,3,0,V555555_6,1677884,PLANT03,PORT09,1093,3.9800000000000004,2.0
1447269651.7,2023-02-27,PORT04,V444_1,1,DTD,0,0,V555555555555555555_45,1689546,PLANT03,PORT09,917,49.97526498580886,1.0
1447265383.7,2023-06-29,PORT04,V444_0,2,DTP,0,0,V55555555_5,1652883,PLANT13,PORT09,825,225.71898827595496,2.0
1447264803.7,2023-11-15,PORT04,V444_1,1,DTD,5,0,V55555555555555_8,1690627,PLANT03,PORT09,329,0.7683677098335615,1.0
1447261866.7,2023-06-11,PORT04,V44_3,0,CRF,0,0,V5555555_30,1699591,PLANT03,PORT09,4118,11.245130432298668,0.0
1447247288.7,2023-11-21,PORT04,V444_1,1,DTD,5,0,V55555555555555_8,1689550,PLANT03,PORT09,667,37.20974179457986,1.0
1447167307.7,2023-07-22,PORT04,V444_0,2,DTP,3,0,V55555_2,1666954,PLANT03,PORT09,300,0.13724904915507202,2.0
1447152186.7,2023-12-30,PORT04,V444_1,1,DTD,3,0,V5555_20,1699948,PLANT03,PORT09,343,0.9237935812381413,1.0
1447148658.7,2023-02-11,PORT04,V444_1,1,DTD,5,0,V55555555555555_8,1683388,PLANT03,PORT09,242,2.3541176470588243,1.0
1447423197.7,2023-02-18,PORT04,V444_0,2,DTP,5,0,V55555555_7,1656246,PLANT03,PORT09,2268,8.192611464968154,2.0
1447423168.7,2023-07-02,PORT04,V444_0,2,DTP,5,0,V55555555_7,1660585,PLANT03,PORT09,652,34.97331806095315,2.0
1447399912.7,2023-03-02,PORT04,V44_3,0,CRF,3,0,V55555555_32,1699540,PLANT03,PORT09,9906,16.23049520134817,0.0
1447384337.7,2023-10-04,PORT04,V444_0,2,DTP,3,0,V555555_6,1693618,PLANT03,PORT09,376,0.7688932423659662,2.0
1447373536.7,2023-12-20,PORT04,V444_0,2,DTP,3,0,V55555_4,1677891,PLANT03,PORT09,1296,3.307126903553299,2.0
1447371494.7,2023-11-14,PORT04,V444_0,2,DTP,0,0,V555555555_27,1687346,PLANT03,PORT09,329,1.0435688605180125,2.0
1447360194.7,2023-08-16,PORT04,V444_0,2,DTP,3,0,V555555_6,1676851,PLANT03,PORT09,10299,14.339034482758636,2.0
1447359741.7,2023-07-22,PORT04,V444_0,2,DTP,3,0,V555555_6,1652644,PLANT03,PORT09,289,2.726050420168067,2.0
1447348347.7,2023-03-04,PORT04,V444_1,1,DTD,5,0,V55555555555555_8,1688285,PLANT03,PORT09,380,5.667661737490019,1.0
1447346297.7,2023-12-20,PORT04,V444_1,2,DTD,5,0,V55555555555555_8,1685329,PLANT12,PORT09,288,7.199999999999999,2.0
1447321238.7,2023-03-19,PORT04,V444_1,2,DTD,5,0,V55555555555555_8,1666961,PLANT12,PORT09,428,41.4,2.0
1447320648.7,2023-04-14,PORT04,V444_1,1,DTD,0,0,V5555555_22,1668344,PLANT03,PORT09,294,5.924949698189136,1.0
1447308358.7,2023-03-20,PORT04,V444_0,2,DTP,0,0,V5555_33,1688288,PLANT03,PORT09,366,7.675355377206127,2.0
1447305232.7,2023-08-27,PORT04,V444_0,2,DTP,0,0,V55555555_5,1662552,PLANT03,PORT09,2289,6.24,2.0
1447305111.7,2023-08-16,PORT04,V444_0,2,DTP,0,0,V555555555_27,1663347,PLANT03,PORT09,330,0.529958114721573,2.0
1447305032.7,2023-04-06,PORT04,V444_0,2,DTP,3,0,V55555_4,1677891,PLANT03,PORT09,1798,4.960690355329949,2.0
1447304800.7,2023-09-13,PORT04,V44_3,2,CRF,3,0,V55555_2,1674853,PLANT03,PORT09,322,4.103086053412461,2.0
1447266658.7,2023-11-28,PORT04,V444_0,2,DTP,0,0,V55555555555_28,1700128,PLANT03,PORT09,50662,51.09005610759494,2.0
1447261160.7,2023-01-14,PORT04,V44_3,2,CRF,3,0,V55555_2,1672034,PLANT03,PORT09,261,2.006880474422992,2.0
1447245126.7,2023-10-26,PORT04,V444_1,1,DTD,0,0,V5555555_22,1660579,PLANT03,PORT09,1141,88.44199005847031,1.0
1447241510.7,2023-01-19,PORT04,V44_3,2,CRF,3,0,V55555_2,1672034,PLANT03,PORT09,326,0.22298671938033243,2.0
1447229944.7,2023-08-31,PORT04,V444_0,2,DTP,5,0,V55555555_7,1668545,PLANT03,PORT09,356,1.0565803351693426,2.0
1447225203.7,2023-04-12,PORT04,V444_1,1,DTD,5,0,V55555555555555_8,1689547,PLANT03,PORT09,338,7.198627187313828,1.0
1447223364.7,2023-04-12,PORT04,V444_0,2,DTP,3,0,V555555555_3,1672720,PLANT03,PORT09,343,8.08,2.0
1447204438.7,2023-03-15,PORT04,V444_0,2,DTP,0,0,V555555555_27,1652604,PLANT03,PORT09,820,11.7,2.0
1447187274.7,2023-03-15,PORT04,V444_0,2,DTP,0,0,V5555_25,1693453,PLANT03,PORT09,2428,9.214149675605924,2.0
1447174462.7,2023-04-29,PORT04,V444_0,2,DTP,5,0,V55555555_7,1655818,PLANT03,PORT09,339,0.3219311267693979,2.0
1447168979.7,2023-07-21,PORT04,V444_0,2,DTP,0,0,V555555555_27,1676853,PLANT03,PORT09,1408,2.9586205005894097,2.0
1447165436.7,2023-01-30,PORT04,V444_0,2,DTP,0,0,V55555_26,1667817,PLANT03,PORT09,1362,17.64,2.0
1447163019.7,2023-04-26,PORT04,V444_0,2,DTP,5,0,V55555555_7,1680562,PLANT03,PORT09,334,0.8205243681537772,2.0
1447419094.7,2023-07-09,PORT04,V444_0,2,DTP,5,0,V55555555_7,1699268,PLANT03,PORT09,878,1.3266798494467595,2.0
1447419092.7,2023-12-26,PORT04,V444_0,2,DTP,5,0,V55555555_7,1692940,PLANT03,PORT09,543,7.2,2.0
1447404686.7,2023-11-18,PORT04,V444_0,2,DTP,0,0,V5555_33,1688285,PLANT03,PORT09,260,0.3908732232751737,2.0
1447393142.7,2023-10-14,PORT04,V444_0,2,DTP,3,1,V555_15,1694720,PLANT03,PORT09,364,0.44322704241459077,2.0
1447373500.7,2023-04-11,PORT04,V44_3,2,CRF,3,0,V55555_2,1689785,PLANT03,PORT09,297,0.818904958492704,2.0
1447373471.7,2023-11-15,PORT04,V444_0,2,DTP,3,0,V55555_2,1651126,PLANT03,PORT09,303,0.4073333333333334,2.0
1447367887.7,2023-06-27,PORT04,V444_0,2,DTP,3,0,V5555555_22,1697872,PLANT03,PORT09,254,0.23138037822592294,2.0
1447355925.7,2023-02-28,PORT04,V444_0,2,DTP,0,0,V5555555555_1,1690144,PLANT13,PORT09,293,0.8824390243902439,2.0
1447353676.7,2023-03-13,PORT04,V444_0,2,DTP,0,0,V55555_26,1683560,PLANT03,PORT09,40238,393.8058725653739,2.0
1447348476.7,2023-11-14,PORT04,V444_0,2,DTP,3,0,V555555_6,1672722,PLANT03,PORT09,804,36.34,2.0
1447334185.7,2023-04-03,PORT04,V444_1,1,DTD,1,0,V555555555555555555_17,1689145,PLANT03,PORT09,369,0.35769193612939737,1.0
1447323636.7,2023-02-12,PORT04,V444_0,2,DTP,3,0,V55555555_5,1700137,PLANT03,PORT09,31493,37.31427158089532,2.0
1447317258.7,2023-08-23,PORT04,V444_1,1,DTD,0,0,V555555555555555555_45,1688589,PLANT03,PORT09,321,2.740530662490569,1.0
1447307847.7,2023-11-06,PORT04,V444_0,2,DTP,0,0,V5555555_30,1666295,PLANT03,PORT09,1257,9.64,2.0
1447283840.7,2023-05-24,PORT04,V444_0,2,DTP,3,0,V55555_2,1696758,PLANT03,PORT09,309,1.199449313205543,2.0
1447269519.7,2023-08-19,PORT04,V444_0,2,DTP,0,0,V555555555_27,1662552,PLANT03,PORT09,2736,6.6,2.0
1447243632.7,2023-10-04,PORT04,V444_0,2,DTP,0,0,V5555_36,1682679,PLANT03,PORT09,3332,6.263473335104726,2.0
1447229517.7,2023-11-22,PORT04,V444_0,2,DTP,0,0,V5555_33,1689546,PLANT03,PORT09,257,0.3065017665720591,2.0
1447224290.7,2023-02-22,PORT04,V444_0,2,DTP,5,0,V55555555_7,1692940,PLANT03,PORT09,865,19.2,2.0
1447215308.7,2023-10-19,PORT04,V444_0,2,DTP,3,0,V55555_2,1700097,PLANT03,PORT09,413,1.7872193436960275,2.0
1447213295.7,2023-11-29,PORT04,V444_0,2,DTD,0,0,V555_41,1692333,PLANT03,PORT09,22257,5.982823937752457,2.0
1447179951.7,2023-01-23,PORT04,V444_1,1,DTD,0,0,V555555555555555555_45,1682736,PLANT03,PORT09,449,11.70294117647059,1.0
1447173850.7,2023-07-02,PORT04,V444_0,2,DTP,5,0,V55555555_7,1687346,PLANT03,PORT09,408,3.005478318291876,2.0
1447167273.7,2023-06-28,PORT04,V444_0,2,DTP,3,0,V555555_6,1696074,PLANT03,PORT09,3278,26.637445264852026,2.0
1447163017.7,2023-10-20,PORT04,V444_0,2,DTP,3,1,V555_15,1687346,PLANT03,PORT09,496,5.217844302590063,2.0
1447162810.7,2023-11-17,PORT04,V444_0,2,DTP,5,0,V55555555_7,1655818,PLANT03,PORT09,1053,2.575449014155183,2.0
1447154372.7,2023-12-02,PORT04,V444_0,2,DTP,0,0,V555555_24,1677891,PLANT03,PORT09,421,0.3307126903553299,2.0
1447145183.7,2023-12-11,PORT04,V444_1,1,DTD,0,0,V5555555_22,1676565,PLANT03,PORT09,617,5.58,1.0
1447145172.7,2023-02-06,PORT04,V444_1,1,DTD,0,0,V5555555_22,1668344,PLANT03,PORT09,492,21.34,1.0
1447417877.7,2023-03-10,PORT04,V444_1,1,DTD,0,0,V55555555555555_8,1688587,PLANT03,PORT09,352,6.384534025821911,1.0
1447407687.7,2023-02-02,PORT04,V444_0,2,DTP,0,0,V555555555_14,1681890,PLANT08,PORT09,1035,3.194417112319999,2.0
1447350503.7,2023-04-09,PORT04,V444_1,1,DTD,5,0,V55555555555555_8,1688629,PLANT03,PORT09,318,4.484132766957024,1.0
1447345006.7,2023-05-04,PORT04,V444_0,2,DTP,0,0,V55555555_5,1654766,PLANT03,PORT09,991,11.79376146788991,2.0
1447340650.7,2023-04-12,PORT04,V444_1,1,DTD,0,0,V55555555555555_8,1650904,PLANT03,PORT09,2428,37.28,1.0
1447318099.7,2023-04-16,PORT04,V444_1,1,DTD,5,0,V55555555555555_8,1689547,PLANT03,PORT09,935,53.39039031119679,1.0
1447312024.7,2023-09-27,PORT04,V444_0,2,DTP,0,0,V5555_33,1688288,PLANT03,PORT09,278,0.8528172641340142,2.0
1447286562.7,2023-06-27,PORT04,V444_0,2,DTP,0,0,V555555555_27,1689147,PLANT03,PORT09,422,0.41423411783706016,2.0
1447285078.7,2023-05-17,PORT04,V444_0,2,DTP,0,0,V555555555_27,1655723,PLANT03,PORT09,382,2.6510604125083077,2.0
1447269512.7,2023-07-17,PORT04,V44_3,0,CRF,3,0,V55555555_32,1699625,PLANT03,PORT09,41038,151.7897269612098,0.0
1447262049.7,2023-08-31,PORT04,V44_3,0,CRF,0,0,V5555555_30,1629341,PLANT03,PORT09,660,5.775454545454545,0.0
1447240227.7,2023-05-17,PORT04,V444_0,2,DTP,0,0,V5555555_30,1652538,PLANT03,PORT09,340,3.26,2.0
1447209561.7,2023-06-05,PORT04,V444_1,1,DTD,3,0,V5555555_19,1695349,PLANT03,PORT09,869,4.971944801621082,1.0
1447202690.7,2023-02-05,PORT04,V444_0,2,DTP,0,0,V5555_33,1688589,PLANT03,PORT09,273,0.18270204416603794,2.0
1447196176.7,2023-08-05,PORT04,V444_0,2,DTP,3,0,V55555_2,1699952,PLANT03,PORT09,574,11.207299534302885,2.0
1447178871.7,2023-02-03,PORT04,V444_0,2,DTP,0,0,V555555555_27,1699953,PLANT03,PORT09,2319,59.82442905977172,2.0
1447174693.7,2023-01-02,PORT04,V444_0,2,DTP,0,0,V555555_24,1679638,PLANT03,PORT09,2233,4.28,2.0
1447173639.7,2023-11-08,PORT04,V444_0,2,DTP,3,0,V55555_4,1666396,PLANT03,PORT09,251,0.1483625171727076,2.0
1447385217.7,2023-12-05,PORT09,V444_0,0,DTP,0,0,V55555_4,1692724,PLANT16,PORT09,332,1.0231428837474745,0.0
1447382545.7,2023-11-29,PORT04,V444_0,2,DTP,0,0,V55555555_5,1689546,PLANT03,PORT09,355,7.662544164301477,2.0
1447365226.7,2023-02-11,PORT04,V444_0,2,DTP,3,0,V55555555_5,1700139,PLANT03,PORT09,49707,60.53731969519927,2.0
1447329754.7,2023-10-03,PORT04,V444_0,2,DTP,0,0,V55555555_5,1651299,PLANT03,PORT09,1176,2.585948363789876,2.0
1447310640.7,2023-04-19,PORT04,V444_0,2,DTP,0,0,V5555_33,1682709,PLANT03,PORT09,311,0.6774080500726312,2.0
1447304372.7,2023-07-21,PORT04,V444_0,2,DTP,0,0,V5555_33,1689547,PLANT03,PORT09,330,1.079794078097074,2.0
1447290445.7,2023-02-04,PORT04,V444_0,2,DTP,0,0,V555555555_27,1655818,PLANT03,PORT09,4332,10.74,2.0
1447286481.7,2023-06-24,PORT04,V444_0,2,DTP,0,0,V555555555_27,1689147,PLANT03,PORT09,431,0.43306294137510837,2.0
1447274825.7,2023-01-22,PORT04,V444_0,2,DTP,0,0,V5555_33,1688587,PLANT03,PORT09,500,22.889830945675126,2.0
1447231064.7,2023-05-29,PORT04,V444_1,1,DTD,1,0,V555555555555555555_17,1699771,PLANT03,PORT09,1070,5.571443905046985,1.0
1447228783.7,2023-10-17,PORT04,V444_0,2,DTP,3,0,V555555_6,1654766,PLANT03,PORT09,954,11.599999999999998,2.0
1447226271.7,2023-07-01,PORT04,V444_1,1,DTD,0,0,V5555555_22,1680915,PLANT03,PORT09,285,0.0908944467789491,1.0
1447225524.7,2023-11-13,PORT04,V444_1,1,DTD,5,0,V55555555555555_8,1688571,PLANT03,PORT09,359,2.818875179236512,1.0
1447224355.7,2023-11-07,PORT04,V444_0,2,DTP,5,0,V55555555_7,1660578,PLANT03,PORT09,387,6.380091248444629,2.0
1447215481.7,2023-02-28,PORT04,V444_0,2,DTP,3,0,V55555_2,1699948,PLANT03,PORT09,1812,49.94061747970322,2.0
1447189289.7,2023-08-13,PORT04,V444_0,2,DTP,3,0,V555555555_3,1685952,PLANT12,PORT09,321,1.6,2.0
1447182386.7,2023-02-12,PORT04,V44_3,0,CRF,3,0,V55555555_32,1699283,PLANT03,PORT09,1099,3.921011412758065,0.0
1447163356.7,2023-09-17,PORT04,V444_0,2,DTP,3,0,V555555_6,1692109,PLANT03,PORT09,2240,16.1885593038036,2.0
1447155741.7,2023-05-17,PORT04,V444_1,1,DTD,0,0,V5555555_22,1656353,PLANT03,PORT09,502,8.934983724752794,1.0
1447151666.7,2023-09-13,PORT04,V444_0,2,DTP,0,0,V5555_33,1689546,PLANT03,PORT09,337,1.302632507931251,2.0
1447149385.7,2023-06-07,PORT04,V444_0,2,DTP,3,0,V55555555_0,1677878,PLANT03,PORT09,395,0.35694041414283617,2.0
1447145121.7,2023-08-05,PORT04,V444_1,1,DTD,0,0,V5555555_22,1675655,PLANT03,PORT09,549,2.665152372484034,1.0
1447407899.7,2023-01-28,PORT04,V444_0,2,DTP,3,0,V555555_6,1675655,PLANT03,PORT09,535,2.3006870907768158,2.0
1447406128.7,2023-01-27,PORT04,V444_0,2,DTP,5,0,V55555555_7,1656246,PLANT03,PORT09,3250,12.42,2.0
1447405972.7,2023-08-12,PORT04,V444_1,1,DTD,0,0,V5555555_22,1651366,PLANT03,PORT09,483,7.986212043718055,1.0
1447399745.7,2023-01-02,PORT04,V444_0,2,DTP,0,0,V55_13,1672670,PLANT03,PORT09,712,7.649716786224428,2.0
1447386399.7,2023-10-03,PORT04,V444_1,2,DTD,5,0,V55555555555555_8,1650715,PLANT12,PORT09,354,10.876590909090911,2.0
1447373497.7,2023-08-01,PORT04,V444_0,2,DTP,3,0,V55555_2,1668099,PLANT03,PORT09,471,16.78,2.0
1447361679.7,2023-05-06,PORT04,V444_1,1,DTD,0,0,V5555555_22,1656350,PLANT03,PORT09,635,23.591960485049935,1.0
1447359743.7,2023-08-25,PORT04,V444_0,2,DTP,3,0,V555555_6,1677884,PLANT03,PORT09,421,0.8842494352796222,2.0
1447341214.7,2023-02-05,PORT04,V444_0,3,DTP,0,0,V55555555_5,1678427,PLANT03,PORT09,1682,3.454301895999063,2.71
1447340137.7,2023-07-15,PORT04,V44_3,0,CRF,0,0,V555555555555555_29,1699416,PLANT03,PORT09,5049,15.762256959612442,3.56
1447334670.7,2023-05-13,PORT04,V444_0,2,DTP,3,0,V55555_4,1653588,PLANT03,PORT09,620,39.28,2.0
1447317067.7,2023-04-14,PORT04,V444_1,1,DTD,5,0,V55555555555555_8,1689546,PLANT03,PORT09,379,4.597526498580886,1.0
1447309051.7,2023-05-02,PORT04,V444_0,2,DTP,3,0,V55555555_0,1692997,PLANT03,PORT09,495,4.607988764196971,2.0
1447306380.7,2023-03-22,PORT04,V444_1,1,DTD,0,0,V5555555_22,1672651,PLANT03,PORT09,441,2.4602587086875687,1.0
1447250645.7,2023-06-16,PORT04,V444_1,1,DTD,5,0,V55555555555555_8,1689541,PLANT03,PORT09,519,29.92,1.0
1447240030.7,2023-05-18,PORT04,V444_1,1,DTD,5,0,V55555555555555_8,1688610,PLANT03,PORT09,298,3.7163955730651783,1.0
1447226776.7,2023-12-13,PORT04,V444_0,2,DTP,0,0,V5555_33,1674635,PLANT12,PORT09,346,3.860521708203332,2.0
1447221633.7,2023-01-16,PORT04,V44_3,0,CRF,0,0,V5555555_30,1699242,PLANT03,PORT09,857,1.77923094,0.0
1447207539.7,2023-07-16,PORT04,V444_0,2,DTP,0,0,V5555_33,1689549,PLANT03,PORT09,254,0.38337417562091336,2.0
1447204142.7,2023-04-19,PORT04,V444_0,2,DTP,3,0,V55555_4,1650685,PLANT03,PORT09,4956,36.8,2.0
1447201446.7,2023-01-04,PORT04,V444_1,2,DTD,0,0,V555555_11,1686762,PLANT12,PORT09,1046,139.0,2.0
1447191648.7,2023-01-25,PORT04,V44_3,2,CRF,3,0,V55555_2,1677889,PLANT03,PORT09,289,0.05783019566236522,2.0
1447189508.7,2023-06-18,PORT04,V444_1,1,DTD,5,0,V55555555555555_8,1690634,PLANT03,PORT09,302,0.24990162427556212,1.0
1447187235.7,2023-04-13,PORT04,V444_0,2,DTP,0,0,V555555555_27,1677878,PLANT03,PORT09,323,0.2230877588392726,2.0
1447167520.7,2023-06-26,PORT04,V444_0,2,DTP,3,0,V55555_4,1655982,PLANT03,PORT09,648,2.64,2.0
1447167327.7,2023-02-05,PORT04,V444_1,1,DTD,5,0,V55555555555555_8,1690616,PLANT03,PORT09,327,0.47135044828415773,1.0
1447161480.7,2023-11-03,PORT04,V444_0,2,DTP,0,0,V555555_24,1682594,PLANT12,PORT09,251,6.574137931034483,2.0
1447146578.7,2023-03-24,PORT04,V444_0,2,DTP,5,0,V55555555_7,1669409,PLANT03,PORT09,3455,23.82,2.0
1447145122.7,2023-02-17,PORT04,V444_1,1,DTD,0,0,V5555555_22,1686401,PLANT03,PORT09,606,6.54,1.0
1447137165.7,2023-07-08,PORT04,V444_0,2,DTP,3,0,V55555555_5,1696074,PLANT03,PORT09,411,0.8879148421617342,2.0
1447423204.7,2023-07-28,PORT04,V444_0,2,DTP,5,0,V55555555_7,1660585,PLANT03,PORT09,1467,119.78,2.0
1447423165.7,2023-01-25,PORT04,V444_0,2,DTP,5,0,V55555555_7,1668545,PLANT03,PORT09,420,1.267896402203211,2.0
1447392383.7,2023-12-02,PORT04,V444_0,2,DTP,0,0,V555555555_27,1668545,PLANT03,PORT09,286,0.03169741005508028,2.0
1447386759.7,2023-07-19,PORT04,V444_1,1,DTD,0,0,V5555555_22,1692948,PLANT03,PORT09,1127,3.9103889713566864,1.0
1447375106.7,2023-06-30,PORT04,V444_0,2,DTP,3,0,V55555_4,1646393,PLANT13,PORT09,721,78.29411764705883,2.0
1447373489.7,2023-11-23,PORT04,V44_3,2,CRF,3,0,V55555_2,1660551,PLANT03,PORT09,249,1.200792864222002,2.0
1447370440.7,2023-10-12,PORT04,V444_1,2,DTD,0,0,V55555_10,1696476,PLANT12,PORT09,273,3.087360532001369,2.0
1447327258.7,2023-06-10,PORT04,V444_0,2,DTP,0,0,V555555555555555_29,1688571,PLANT03,PORT09,296,4.40449246755705,2.0
1447311687.7,2023-08-02,PORT04,V444_0,3,DTD,0,0,V555555555555555555_42,1671426,PLANT03,PORT09,24284,15.353116159514066,3.0
1447304370.7,2023-06-25,PORT04,V444_0,2,DTP,0,0,V5555_33,1689549,PLANT03,PORT09,262,0.7667483512418267,2.0
1447299185.7,2023-07-19,PORT04,V444_0,2,DTP,0,0,V5555_33,1689549,PLANT03,PORT09,251,0.09584354390522834,2.0
1447299067.7,2023-03-29,PORT04,V444_0,2,DTP,0,0,V5555_33,1688633,PLANT03,PORT09,279,0.9278430745644486,2.0
1447234281.7,2023-10-02,PORT04,V444_1,1,DTD,1,0,V555555555555555555_17,1677878,PLANT03,PORT09,6513,17.02,1.0
1447228656.7,2023-11-10,PORT04,V444_1,1,DTD,0,0,V5555555_22,1682784,PLANT03,PORT09,271,0.17476193653403366,1.0
1447212023.7,2023-09-05,PORT04,V444_0,3,DTP,0,0,V55555555_5,1684862,PLANT03,PORT09,46986,72.30428707582553,2.92
1447207452.7,2023-06-17,PORT04,V444_0,2,DTP,0,0,V555555555_27,1692113,PLANT03,PORT09,259,0.05729285379171156,2.0
1447204395.7,2023-04-20,PORT04,V444_0,2,DTP,0,0,V555555555_27,1689145,PLANT03,PORT09,8290,17.56,2.0
1447189806.7,2023-10-28,PORT04,V444_1,1,DTD,0,0,V5555555_22,1682742,PLANT03,PORT09,334,2.3152701333659462,1.0
1447189587.7,2023-12-24,PORT04,V44_3,4,CRF,0,0,V555555555555555_29,1699537,PLANT03,PORT09,4832,11.719875852972974,3.84
1447178781.7,2023-06-19,PORT04,V444_1,1,DTD,0,0,V5555555_22,1692949,PLANT03,PORT09,906,3.0314946302652697,1.0
1447164813.7,2023-06-02,PORT04,V444_0,2,DTP,3,0,V555555_6,1658528,PLANT03,PORT09,348,0.42995530420505323,2.0
1447163960.7,2023-10-09,PORT04,V444_0,2,DTP,0,0,V5555555555_1,1690144,PLANT13,PORT09,246,1.3,2.0
1447155211.7,2023-03-02,PORT04,V444_1,1,DTD,0,0,V5555555555555_16,1682790,PLANT03,PORT09,252,0.7295343216065892,1.0
1447145176.7,2023-10-23,PORT04,V444_1,1,DTD,0,0,V5555555_22,1672661,PLANT03,PORT09,285,0.020899669554040115,1.0
1447400469.7,2023-03-20,PORT04,V444_0,2,DTP,3,0,V55555_4,1669702,PLANT03,PORT09,497,5.042389937106919,2.0
1447398945.7,2023-02-05,PORT04,V444_0,2,DTP,0,0,V555555555_27,1675615,PLANT03,PORT09,361,0.8845369802283934,2.0
1447395056.7,2023-03-17,PORT04,V444_0,2,DTP,3,0,V5555555_22,1683197,PLANT03,PORT09,391,2.790508888587325,2.0
1447389178.7,2023-04-11,PORT04,V444_0,2,DTP,0,0,V55555_26,1668545,PLANT03,PORT09,395,1.2256331887964376,2.0
1447381349.7,2023-07-25,PORT04,V444_0,2,DTP,0,0,V555555555555555_29,1688575,PLANT03,PORT09,401,9.043409286184646,2.0
1447367892.7,2023-07-15,PORT04,V444_0,2,DTP,3,0,V55555_4,1629341,PLANT03,PORT09,7483,112.66,2.01
1447360725.7,2023-10-30,PORT04,V444_1,2,DTD,5,0,V55555555555555_8,1697781,PLANT12,PORT09,348,15.975000000000001,2.0
1447356004.7,2023-12-04,PORT04,V444_0,2,DTP,0,0,V555555_24,1689546,PLANT03,PORT09,482,11.493816246452216,2.0
1447350149.7,2023-11-08,PORT04,V44_3,4,CRF,0,0,V555555555555_31,1684560,PLANT03,PORT09,18328,8.023158413136773,4.0
1447340555.7,2023-02-24,PORT04,V444_1,1,DTD,0,0,V55555555555555_8,1684808,PLANT03,PORT09,5262,1.4044213761733328,1.0
1447334711.7,2023-10-02,PORT04,V444_1,1,DTD,5,0,V55555555555555_8,1689546,PLANT03,PORT09,341,6.1300353314411815,1.0
1447329586.7,2023-10-13,PORT04,V444_1,1,DTD,0,0,V55555555555555_8,1689548,PLANT03,PORT09,1285,81.47978763102167,1.0
1447323898.7,2023-07-30,PORT04,V444_0,2,DTP,3,0,V555555_6,1660578,PLANT03,PORT09,499,21.1,2.0
1447320583.7,2023-11-01,PORT04,V44_3,0,CRF,3,0,V55555555_32,1699697,PLANT03,PORT09,7779,4.961810615774775,0.0
1447320238.7,2023-12-03,PORT04,V444_0,2,DTP,0,0,V555555555_14,1668550,PLANT03,PORT09,6270,101.47158072306352,2.0
1447310037.7,2023-03-05,PORT04,V444_1,1,DTD,1,0,V555555555555555555_17,1680210,PLANT03,PORT09,1259,1.9798238057956454,1.0
1447306503.7,2023-01-12,PORT04,V444_1,1,DTD,0,0,V5555555_22,1672651,PLANT03,PORT09,439,2.4602587086875687,1.0
1447302829.7,2023-10-12,PORT04,V444_0,2,DTP,0,0,V5555_33,1682709,PLANT03,PORT09,265,0.09677257858180445,2.0
1447301451.7,2023-11-26,PORT04,V444_0,2,DTP,3,0,V55555_2,1664061,PLANT03,PORT09,30131,350.96,2.0
1447288341.7,2023-02-26,PORT04,V444_0,2,DTP,3,0,V555555_6,1697084,PLANT03,PORT09,5315,19.425125412466116,2.0
1447265636.7,2023-02-26,PORT04,V444_0,2,DTP,3,0,V555555_6,1677889,PLANT03,PORT09,1311,4.06,2.0
1447257424.7,2023-10-07,PORT09,V44_3,1,CRF,3,0,V55555_53,1697883,PLANT16,PORT09,840,83.4,1.0
1447245074.7,2023-04-23,PORT04,V444_1,1,DTD,0,0,V5555555_22,1676566,PLANT03,PORT09,740,4.743910084721422,1.0
1447241613.7,2023-06-30,PORT04,V444_0,2,DTP,0,0,V55555555_5,1655982,PLANT03,PORT09,635,2.5,2.0
1447241417.7,2023-06-21,PORT04,V444_0,2,DTP,3,0,V55555_2,1687346,PLANT03,PORT09,421,2.671536282926112,2.0
1447221951.7,2023-05-13,PORT04,V444_0,2,DTP,0,0,V5555_33,1682793,PLANT03,PORT09,301,0.40472275515347234,2.0
1447215317.7,2023-12-09,PORT04,V444_0,2,DTP,0,0,V5555_33,1683392,PLANT03,PORT09,359,7.544879996755561,2.0
1447211352.7,2023-12-24,PORT04,V444_0,2,DTP,0,0,V555555555_14,1670203,PLANT03,PORT09,1243,100.44285714285714,2.0
1447194633.7,2023-05-15,PORT04,V444_0,2,DTP,0,0,V5555_33,1689547,PLANT03,PORT09,314,0.14397254374627655,2.0
1447182785.7,2023-06-06,PORT04,V444_1,1,DTD,3,0,V5555555_19,1678493,PLANT03,PORT09,2123,17.48221756273749,1.0
1447168262.7,2023-05-31,PORT04,V444_0,2,DTP,3,0,V55555555_5,1699951,PLANT03,PORT09,351,3.783197875720278,2.0
1447167710.7,2023-12-17,PORT04,V444_1,1,DTD,0,0,V5555555_22,1676565,PLANT03,PORT09,716,7.1,1.0
1447160058.7,2023-05-06,PORT04,V444_1,1,DTD,5,0,V55555555555555_8,1688285,PLANT03,PORT09,341,3.908732232751737,1.0
1447159323.7,2023-02-28,PORT04,V444_0,2,DTP,3,0,V555555555_3,1672721,PLANT03,PORT09,301,0.2394710327455919,2.0
1447152322.7,2023-06-09,PORT04,V444_0,2,DTP,3,0,V555555_6,1657063,PLANT03,PORT09,624,3.5999999999999996,2.0
1447146832.7,2023-08-24,PORT04,V444_0,2,DTP,3,0,V55555555_0,1677889,PLANT03,PORT09,423,1.0467265414888105,2.0
1447418571.7,2023-05-01,PORT04,V444_0,2,DTP,0,0,V555555_24,1660885,PLANT03,PORT09,3243,21.72,2.0
1447406925.7,2023-07-11,PORT04,V444_0,2,DTP,3,0,V555555_6,1672085,PLANT03,PORT09,253,0.56672692544863,2.0
1447405971.7,2023-10-17,PORT04,V444_1,1,DTD,0,0,V5555555_22,1680915,PLANT03,PORT09,473,4.34020983369482,1.0
1447400259.7,2023-11-09,PORT04,V444_0,2,DTP,3,0,V55555_2,1689033,PLANT03,PORT09,288,2.26,2.0
1447392188.7,2023-04-25,PORT04,V444_1,1,DTD,0,0,V55555555555555_8,1688285,PLANT03,PORT09,285,0.7817464465503474,1.0
1447376935.7,2023-02-03,PORT04,V444_0,2,DTP,3,0,V555555_6,1663337,PLANT03,PORT09,715,33.34,2.0
1447374473.7,2023-09-04,PORT04,V444_1,1,DTD,1,0,V555555555555555555_17,1689147,PLANT03,PORT09,390,0.3765764707609638,1.0
1447360783.7,2023-10-18,PORT04,V444_0,2,DTP,0,0,V555555555555555_29,1688589,PLANT03,PORT09,311,4.567551104150948,2.0
1447357613.7,2023-04-22,PORT04,V444_0,2,DTP,0,0,V555555555_14,1669584,PLANT03,PORT09,1256,13.778780041819902,2.0
1447339211.7,2023-05-01,PORT04,V444_0,2,DTP,3,0,V55555_4,1675670,PLANT03,PORT09,518,2.2957062366427046,2.0
1447312019.7,2023-08-16,PORT04,V444_0,2,DTP,0,0,V5555_33,1688589,PLANT03,PORT09,310,0.18270204416603794,2.0
1447269517.7,2023-06-08,PORT04,V444_0,2,DTP,3,0,V5555555_22,1683636,PLANT03,PORT09,339,1.908537848150081,2.0
1447243654.7,2023-07-02,PORT04,V444_0,2,DTP,0,0,V555555555_14,1691700,PLANT08,PORT09,4114,24.85986929883893,2.0
1447235137.7,2023-01-05,PORT04,V444_1,1,DTD,0,0,V5555555_22,1683636,PLANT03,PORT09,606,8.021390955993093,1.0
1447234271.7,2023-04-30,PORT04,V444_1,1,DTD,1,0,V555555555555555555_17,1677891,PLANT03,PORT09,511,0.6614253807106598,1.0
1447231113.7,2023-08-28,PORT04,V444_1,1,DTD,3,0,V5555555_19,1697085,PLANT03,PORT09,526,1.1216478951696038,1.0
1447230394.7,2023-05-24,PORT04,V444_0,2,DTP,0,0,V5555555_30,1660885,PLANT03,PORT09,3317,21.36,2.0
1447209475.7,2023-03-04,PORT04,V444_0,2,DTP,0,0,V555555555_27,1677891,PLANT03,PORT09,1487,3.968552284263959,2.0
1447200806.7,2023-06-04,PORT04,V444_1,1,DTD,0,0,V555555555555555555_45,1689547,PLANT03,PORT09,824,32.99313593656914,1.0
1447189173.7,2023-06-19,PORT04,V444_0,2,DTP,3,0,V55555_2,1689032,PLANT03,PORT09,2600,42.12,2.0
1447182252.7,2023-02-23,PORT04,V444_1,1,DTD,0,0,V5555555_22,1683633,PLANT03,PORT09,341,2.94,1.0
1447178870.7,2023-11-16,PORT04,V444_0,2,DTP,0,0,V555555555_27,1699951,PLANT03,PORT09,1922,65.99024463074264,2.0
1447170839.7,2023-12-08,PORT04,V444_0,2,DTP,0,0,V5555_33,1689548,PLANT03,PORT09,297,0.223439362893065,2.0
1447158704.7,2023-10-20,PORT04,V444_1,1,DTD,0,0,V555555555555555555_45,1687346,PLANT03,PORT09,378,1.66971017682882,1.0
1447153996.7,2023-01-19,PORT04,V444_0,2,DTP,0,0,V555555555_14,1696262,PLANT08,PORT09,1708,6.6079650035146305,2.0
1447150985.7,2023-03-13,PORT04,V444_0,2,DTP,3,0,V55555_4,1651126,PLANT03,PORT09,321,0.2036666666666667,2.0
1447381543.7,2023-10-01,PORT04,V444_1,1,DTD,3,0,V5555555_19,1697080,PLANT03,PORT09,1596,7.999804048536744,1.0
1447377055.7,2023-01-20,PORT04,V444_0,2,DTP,0,0,V5555_33,1682736,PLANT03,PORT09,329,3.300073529411765,2.0
1447373095.7,2023-05-25,PORT04,V444_0,2,DTP,3,0,V555555_6,1695348,PLANT03,PORT09,1316,3.518893899952938,2.0
1447365239.7,2023-03-02,PORT04,V444_0,2,DTP,0,0,V555555555_27,1663347,PLANT03,PORT09,563,18.74,2.0
1447362408.7,2023-09-12,PORT04,V444_1,1,DTD,1,0,V555555555555555555_17,1676853,PLANT03,PORT09,1254,2.6416254469548304,1.0
1447360912.7,2023-10-20,PORT04,V444_1,1,DTD,0,0,V555555555555555555_45,1688629,PLANT03,PORT09,786,41.12386642685711,1.0
1447360900.7,2023-09-04,PORT04,V444_1,1,DTD,0,0,V555555555555555555_45,1688575,PLANT03,PORT09,718,34.173637144738585,1.0
1447348354.7,2023-10-20,PORT04,V444_1,1,DTD,5,0,V55555555555555_8,1689546,PLANT03,PORT09,330,5.363780915011034,1.0
1447339216.7,2023-09-06,PORT04,V444_0,2,DTP,0,0,V555555555555555_29,1682802,PLANT03,PORT09,295,3.824308669118026,2.0
1447306773.7,2023-03-19,PORT04,V44_3,2,CRF,3,0,V55555_2,1668612,PLANT03,PORT09,303,1.786919431279621,2.0
1447306130.7,2023-10-01,PORT04,V444_0,2,DTP,5,0,V55555555_7,1698977,PLANT03,PORT09,1076,2.444724275256637,2.0
1447302848.7,2023-06-19,PORT04,V444_0,2,DTP,0,0,V55555_26,1682751,PLANT03,PORT09,264,0.9943390283834436,2.0
1447283705.7,2023-07-29,PORT04,V444_0,2,DTP,3,0,V555555_6,1676564,PLANT03,PORT09,787,7.4,2.0
1447282661.7,2023-09-07,PORT04,V444_0,2,DTP,0,0,V555555555555555_29,1688571,PLANT03,PORT09,378,4.40449246755705,2.0
1447236508.7,2023-06-17,PORT04,V444_0,2,DTP,3,0,V55555_2,1658528,PLANT03,PORT09,528,3.44,2.0
1447211521.7,2023-07-19,PORT09,V44_3,1,CRF,3,0,V55555_53,1696798,PLANT16,PORT09,2087,341.44,1.0
1447207286.7,2023-03-19,PORT04,V444_1,1,DTD,1,0,V555555555555555555_17,1699770,PLANT03,PORT09,769,3.2204919462233192,1.0
1447206030.7,2023-09-28,PORT04,V444_0,2,DTP,0,0,V5555_33,1674635,PLANT12,PORT09,271,3.860521708203332,2.0
1447200214.7,2023-07-19,PORT04,V444_0,2,DTP,3,0,V55555555_0,1677889,PLANT03,PORT09,884,3.203792839695033,2.0
1447185758.7,2023-08-06,PORT04,V444_0,2,DTP,0,0,V55555_26,1651299,PLANT03,PORT09,2236,6.0,2.0
1447167736.7,2023-07-18,PORT04,V444_0,2,DTP,0,0,V55555555_5,1699993,PLANT03,PORT09,323,1.9680644220193226,2.0
1447152755.7,2023-03-27,PORT04,V444_0,2,DTP,0,0,V555555555_27,1690006,PLANT03,PORT09,538,2.4339823622658514,2.0
1447145088.7,2023-12-16,PORT04,V444_1,1,DTD,0,0,V5555555_22,1672651,PLANT03,PORT09,405,1.4794798991432,1.0
1447423153.7,2023-04-17,PORT04,V444_0,2,DTP,5,0,V55555555_7,1655818,PLANT03,PORT09,1372,3.354522340937126,2.0
1447421381.7,2023-07-25,PORT04,V444_0,2,DTP,5,0,V55555555_7,1692998,PLANT03,PORT09,795,24.06,2.0
1447421268.7,2023-05-28,PORT04,V444_0,2,DTP,5,0,V55555555_7,1699417,PLANT03,PORT09,12315,29.30619813040767,2.0
1447418570.7,2023-05-09,PORT04,V444_0,2,DTP,0,0,V555555_24,1660885,PLANT03,PORT09,1260,8.825303742648671,2.0
1447418345.7,2023-09-13,PORT04,V444_0,2,DTP,5,0,V55555555_7,1668545,PLANT03,PORT09,448,1.8384497831946562,2.0
1447406042.7,2023-01-28,PORT04,V444_1,1,DTD,0,0,V5555555_22,1683203,PLANT03,PORT09,1556,29.04,1.0
1447405664.7,2023-02-14,PORT04,V444_0,2,DTP,0,0,V555555555_14,1672676,PLANT03,PORT09,394,3.828481278923013,2.0
1447396839.7,2023-09-12,PORT04,V444_1,1,DTD,0,0,V55555555555555_8,1660668,PLANT03,PORT09,382,7.237275883362252,1.0
1447395107.7,2023-03-08,PORT04,V444_0,2,DTP,3,0,V5555555_22,1683200,PLANT03,PORT09,565,5.5,2.0
1447395047.7,2023-07-13,PORT04,V444_0,2,DTP,0,3,V555555555_27,1654766,PLANT03,PORT09,1036,13.46,2.0
1447392938.7,2023-04-17,PORT04,V444_1,1,DTD,3,0,V5555555_19,1695349,PLANT03,PORT09,320,0.7231919711448846,1.0
1447366217.7,2023-03-02,PORT04,V444_0,2,DTP,3,0,V55555555_5,1652883,PLANT13,PORT09,307,3.9038745901176815,2.0
1447360906.7,2023-08-08,PORT04,V444_1,1,DTD,0,0,V555555555555555555_45,1682805,PLANT03,PORT09,435,18.18299495991315,1.0
1447353784.7,2023-02-02,PORT04,V444_0,2,DTP,3,0,V555555_6,1655373,PLANT03,PORT09,296,0.7865275648084368,2.0
1447350250.7,2023-12-25,PORT04,V444_0,2,DTP,0,0,V5555_33,1677891,PLANT03,PORT09,3112,9.22,2.0
1447344916.7,2023-03-26,PORT04,V444_1,1,DTD,5,0,V55555555555555_8,1693747,PLANT03,PORT09,383,7.7082740972419685,1.0
1447339223.7,2023-02-13,PORT04,V444_0,2,DTP,0,0,V555555555555555_29,1688589,PLANT03,PORT09,315,4.567551104150948,2.0
1447335875.7,2023-01-15,PORT04,V444_0,2,DTP,0,0,V555555555_14,1691700,PLANT08,PORT09,4147,22.85986929883893,2.0
1447334362.7,2023-01-06,PORT04,V444_0,2,DTP,0,0,V555555555_14,1668545,PLANT03,PORT09,1994,13.58,2.0
1447329828.7,2023-04-06,PORT04,V444_1,1,DTD,5,0,V55555555555555_8,1689547,PLANT03,PORT09,435,14.397254374627655,1.0
1447326517.7,2023-04-18,PORT04,V444_0,2,DTP,0,0,V55555555_5,1675655,PLANT03,PORT09,341,1.1389540053350573,2.0
1447323919.7,2023-08-01,PORT04,V444_0,2,DTP,0,0,V55555_26,1677878,PLANT03,PORT09,577,0.9295323284969692,2.0
1447322803.7,2023-05-15,PORT04,V444_1,1,DTD,0,0,V5555555_22,1692949,PLANT03,PORT09,914,3.243892343213792,1.0
1447321878.7,2023-07-18,PORT04,V444_0,2,DTP,0,0,V5555_33,1683403,PLANT03,PORT09,255,0.38599544683774145,2.0
1447302691.7,2023-09-29,PORT04,V444_0,2,DTP,0,0,V55555555555_28,1666524,PLANT03,PORT09,42808,25.45784030578885,2.0
1447296255.7,2023-03-27,PORT04,V444_0,2,DTP,0,0,V555555555_27,1692402,PLANT03,PORT09,285,1.2085106382978725,2.0
1447293068.7,2023-03-26,PORT04,V444_0,2,DTP,0,0,V555555555_27,1699954,PLANT03,PORT09,330,0.9314664458371275,2.0
1447281375.7,2023-03-21,PORT04,V444_0,2,DTP,0,3,V555555555_27,1676942,PLANT03,PORT09,4233,6.622817869415807,2.0
1447269268.7,2023-02-24,PORT04,V44_3,4,CRF,0,0,V555555555555_31,1684560,PLANT03,PORT09,6293,2.6743861377122577,4.0
1447265729.7,2023-02-09,PORT04,V444_0,2,DTP,0,0,V55_13,1682784,PLANT03,PORT09,355,2.4466671114764713,2.0
1447260632.7,2023-02-06,PORT09,V44_3,1,CRF,3,0,V55555_53,1697883,PLANT16,PORT09,631,50.68,1.0
1447260244.7,2023-03-13,PORT04,V444_0,2,DTP,0,0,V555555_24,1701406,PLANT03,PORT09,319,5.006677426876581,2.0
1447257230.7,2023-12-27,PORT09,V44_3,1,CRF,3,0,V55555_53,1697884,PLANT16,PORT09,556,52.7,1.0
1447257020.7,2023-05-23,PORT04,V444_1,1,DTD,5,0,V55555555555555_8,1699433,PLANT03,PORT09,310,1.4578608023538004,1.0
1447251209.7,2023-11-07,PORT04,V444_0,2,DTP,3,0,V555555_6,1682739,PLANT03,PORT09,416,16.82,2.0
1447250469.7,2023-11-25,PORT04,V444_0,2,DTP,0,0,V5555_33,1688633,PLANT03,PORT09,279,0.18556861491288973,2.0
1447250442.7,2023-11-28,PORT04,V444_0,2,DTP,3,0,V555555_6,1685211,PLANT03,PORT09,521,5.386376440460948,2.0
1447243004.7,2023-05-26,PORT04,V444_1,1,DTD,5,0,V55555555555555_8,1690619,PLANT03,PORT09,277,1.6075417588367822,1.0
1447236715.7,2023-11-09,PORT04,V444_0,2,DTP,3,0,V55555_4,1683203,PLANT03,PORT09,395,2.941155060691795,2.0
1447232310.7,2023-01-01,PORT04,V444_0,2,DTP,0,0,V555555555_14,1691700,PLANT08,PORT09,4076,22.85986929883893,2.0
1447229248.7,2023-07-25,PORT04,V444_0,2,DTP,3,0,V555555_6,1695346,PLANT03,PORT09,1249,3.8319143667791464,2.0
1447227076.7,2023-05-01,PORT04,V444_0,2,DTP,3,0,V55555_4,1649002,PLANT03,PORT09,657,3.1400000000000006,2.0
1447226275.7,2023-11-13,PORT04,V444_1,1,DTD,0,0,V5555555_22,1675655,PLANT03,PORT09,354,0.34168620160051716,1.0
1447225245.7,2023-06-16,PORT04,V444_0,2,DTP,3,0,V55555_4,1667817,PLANT03,PORT09,1360,17.48,2.0
1447221838.7,2023-07-14,PORT04,V444_0,2,DTP,0,0,V5555_33,1688290,PLANT03,PORT09,319,0.8955336103398408,2.0
1447219830.7,2023-09-16,PORT04,V444_1,1,DTD,5,0,V55555555555555_8,1688575,PLANT03,PORT09,287,2.7130227858553937,1.0
1447215483.7,2023-12-17,PORT04,V444_0,2,DTP,3,0,V55555555_5,1699946,PLANT03,PORT09,410,2.3958092155191997,2.0
1447211350.7,2023-09-30,PORT04,V444_0,2,DTP,0,0,V555555555555555_29,1699952,PLANT03,PORT09,372,1.84400295080104,2.0
1447201701.7,2023-01-06,PORT04,V44_3,0,CRF,0,0,V5555555_30,1699697,PLANT03,PORT09,2813,1.653936871924925,0.0
1447189380.7,2023-02-02,PORT04,V444_1,1,DTD,0,0,V5555555_22,1682742,PLANT03,PORT09,369,12.06,1.0
1447187275.7,2023-01-23,PORT04,V444_0,2,DTP,0,0,V5555_25,1699953,PLANT03,PORT09,8477,261.5510369997652,2.0
1447183195.7,2023-10-04,PORT04,V44_3,0,CRF,3,0,V55555555_32,1699546,PLANT03,PORT09,837,1.6187279391363638,0.0
1447173485.7,2023-01-04,PORT04,V444_0,2,DTP,0,0,V555555555_27,1623991,PLANT03,PORT09,407,0.8447011775161076,2.0
1447172058.7,2023-01-02,PORT04,V444_0,2,DTP,3,0,V555555555_3,1646393,PLANT13,PORT09,2321,385.0,2.0
1447168978.7,2023-10-14,PORT04,V444_0,2,DTP,0,0,V555555555_27,1677878,PLANT03,PORT09,1506,4.56,2.0
1447168922.7,2023-04-12,PORT04,V444_1,1,DTD,0,0,V5555555_22,1682742,PLANT03,PORT09,301,2.8297746074472676,1.0
1447162259.7,2023-07-13,PORT04,V44_3,4,CRF,0,0,V555555555555_31,1684560,PLANT03,PORT09,15243,6.685965344280644,4.0
1447159329.7,2023-06-16,PORT04,V444_0,2,DTP,3,0,V555555555_3,1688629,PLANT03,PORT09,464,16.936531067828096,2.0
1447156547.7,2023-06-02,PORT04,V444_0,2,DTP,3,0,V555555_6,1672664,PLANT03,PORT09,718,11.96,2.0
1447152530.7,2023-11-18,PORT04,V444_0,2,DTP,3,0,V55555_4,1655982,PLANT03,PORT09,1236,3.5,2.0
1447149403.7,2023-05-24,PORT04,V444_0,2,DTP,0,0,V55555555_5,1689548,PLANT03,PORT09,453,10.17196814465325,2.0
1447149320.7,2023-02-28,PORT04,V444_0,2,DTP,0,0,V55555_26,1677891,PLANT03,PORT09,2322,5.98,2.0
1447146540.7,2023-10-07,PORT04,V444_0,2,DTP,3,0,V55555_4,1668608,PLANT03,PORT09,375,2.3838089198900865,2.0
1447144482.7,2023-03-18,PORT04,V444_1,1,DTD,0,0,V555555555555555555_45,1688629,PLANT03,PORT09,649,31.079409028873386,1.0
1447423199.7,2023-10-27,PORT04,V444_0,2,DTP,5,0,V55555555_7,1680915,PLANT03,PORT09,359,0.908944467789491,2.0
1447387188.7,2023-10-05,PORT04,V444_1,1,DTD,0,0,V55555555555555_8,1688589,PLANT03,PORT09,326,3.654040883320759,1.0
1447377270.7,2023-12-28,PORT04,V444_0,2,DTP,3,0,V555555_6,1685211,PLANT03,PORT09,294,0.6652496798975673,2.0
1447373478.7,2023-08-03,PORT04,V44_3,2,CRF,3,0,V55555_2,1696748,PLANT03,PORT09,301,1.4340212695004069,2.0
1447361990.7,2023-02-04,PORT04,V444_0,2,DTP,0,0,V55555_26,1675615,PLANT03,PORT09,1326,8.845369802283935,2.0
1447326662.7,2023-12-18,PORT04,V444_0,2,DTP,3,0,V555555_6,1682739,PLANT03,PORT09,372,13.346513075965133,2.0
1447320586.7,2023-05-25,PORT04,V44_3,0,CRF,3,0,V55555555_32,1699675,PLANT03,PORT09,1139,2.422461487028777,0.0
1447320567.7,2023-01-25,PORT04,V444_1,1,DTD,0,0,V5555555_22,1668344,PLANT03,PORT09,439,11.08,1.0
1447269755.7,2023-04-17,PORT04,V444_1,1,DTD,3,0,V5555_20,1693453,PLANT03,PORT09,527,0.9523682681217646,1.0
1447269653.7,2023-03-13,PORT04,V444_1,1,DTD,0,0,V555555555555555555_45,1682805,PLANT03,PORT09,638,33.3659899198263,1.0
1447239936.7,2023-08-22,PORT04,V444_0,2,DTP,0,0,V555555_24,1689550,PLANT03,PORT09,261,0.6133473922183493,2.0
1447238364.7,2023-05-16,PORT04,V444_0,2,DTP,3,0,V555555_6,1663341,PLANT03,PORT09,1263,78.76,2.0
1447233906.7,2023-08-24,PORT04,V444_1,2,DTD,5,0,V55555555555555_8,1685332,PLANT12,PORT09,325,1.85,2.0
1447221843.7,2023-05-29,PORT04,V444_0,2,DTP,0,0,V5555_33,1689546,PLANT03,PORT09,281,0.3065017665720591,2.0
1447206040.7,2023-02-08,PORT04,V444_1,2,DTD,0,0,V555555_11,1686762,PLANT12,PORT09,643,64.0,2.0
1447185800.7,2023-07-15,PORT04,V444_0,2,DTP,0,0,V55555_26,1660563,PLANT03,PORT09,425,1.2392072514979255,2.0
1447172396.7,2023-07-04,PORT04,V444_0,2,DTP,3,0,V55555_2,1660885,PLANT03,PORT09,408,1.4120485988237874,2.0
1447171065.7,2023-05-14,PORT04,V444_1,1,DTD,5,0,V55555555555555_8,1689548,PLANT03,PORT09,1827,120.7196814465325,1.0
1447169211.7,2023-12-13,PORT04,V444_1,1,DTD,5,0,V55555555555555_8,1688587,PLANT03,PORT09,279,1.8241525788062605,1.0
1447163976.7,2023-11-26,PORT04,V444_0,2,DTP,0,0,V5555_33,1688633,PLANT03,PORT09,318,0.37113722982577946,2.0
1447162475.7,2023-12-03,PORT04,V444_1,1,DTD,3,0,V5555555_19,1678493,PLANT03,PORT09,3197,28.971548100379984,1.0
1447162411.7,2023-02-27,PORT04,V444_0,2,DTP,3,0,V555555_6,1656246,PLANT03,PORT09,5235,19.14,2.0
1447155057.7,2023-08-03,PORT09,V44_3,1,CRF,3,0,V55555_53,1696798,PLANT16,PORT09,3851,704.88,1.0
1447149772.7,2023-05-11,PORT04,V444_0,2,DTP,5,0,V55555555_7,1689547,PLANT03,PORT09,1072,51.285456798570195,2.0
1447423272.7,2023-10-26,PORT04,V444_0,2,DTP,3,0,V55555_2,1672706,PLANT03,PORT09,270,0.9418703506907544,2.0
1447417691.7,2023-02-21,PORT04,V444_1,1,DTD,5,0,V55555555555555_8,1693747,PLANT03,PORT09,621,42.47999999999999,1.0
1447405820.7,2023-01-01,PORT04,V444_1,1,DTD,0,0,V5555555_22,1682784,PLANT03,PORT09,392,9.3497636045708,1.0
1447405725.7,2023-08-24,PORT04,V444_1,1,DTD,0,0,V5555555_22,1693865,PLANT03,PORT09,1139,9.916703546049376,1.0
1447378363.7,2023-11-07,PORT04,V444_0,2,DTP,3,0,V55555555_5,1666992,PLANT12,PORT09,296,2.508040420794054,2.0
1447373476.7,2023-08-19,PORT04,V44_3,2,CRF,3,0,V55555_2,1672722,PLANT03,PORT09,326,0.8432178404938893,2.0
1447373428.7,2023-10-10,PORT04,V444_0,2,DTP,3,0,V55555_2,1664061,PLANT03,PORT09,20260,250.48,2.0
1447364859.7,2023-02-08,PORT04,V444_1,1,DTD,5,0,V55555555555555_8,1690614,PLANT03,PORT09,311,0.3775788104843441,1.0
1447352441.7,2023-12-27,PORT04,V444_0,2,DTP,0,0,V55555555_5,1677887,PLANT03,PORT09,3270,9.84,2.03
1447328156.7,2023-05-05,PORT04,V444_1,1,DTD,5,0,V55555555555555_8,1690628,PLANT03,PORT09,343,0.6924017705672101,1.0
1447313973.7,2023-04-02,PORT04,V444_0,2,DTP,0,0,V555555555_27,1676942,PLANT03,PORT09,2274,3.3114089347079037,2.0
1447306415.7,2023-05-21,PORT04,V444_1,1,DTD,0,0,V5555555_22,1683636,PLANT03,PORT09,367,1.7425780352674651,1.0
1447299629.7,2023-05-02,PORT04,V44_3,0,CRF,3,0,V55555555_32,1699561,PLANT03,PORT09,15277,14.074558238593749,0.0
1447246737.7,2023-10-26,PORT04,V444_1,1,DTD,0,0,V55555555555555_8,1688290,PLANT03,PORT09,286,4.975186724110227,1.0
1447219921.7,2023-12-17,PORT04,V444_0,2,DTP,0,0,V555555555_27,1685211,PLANT03,PORT09,1071,15.320000000000002,2.0
1447209652.7,2023-06-06,PORT04,V444_1,1,DTD,1,0,V555555555555555555_17,1689146,PLANT03,PORT09,20252,31.519999999999996,1.0
1447185888.7,2023-01-08,PORT04,V444_0,2,DTP,0,0,V55555_26,1699952,PLANT03,PORT09,370,4.167446668810351,2.0
1447185791.7,2023-11-09,PORT04,V444_0,2,DTP,0,0,V55555_4,1699951,PLANT03,PORT09,354,3.783197875720278,2.0
1447163615.7,2023-02-19,PORT04,V444_0,2,DTP,0,3,V555555555_27,1655723,PLANT03,PORT09,382,5.302120825016615,2.0
1447160018.7,2023-03-07,PORT04,V444_0,2,DTP,0,0,V555555555_14,1651299,PLANT03,PORT09,10302,25.9,2.0
1447156744.7,2023-04-28,PORT04,V444_0,2,DTP,0,0,V5555555_30,1675615,PLANT03,PORT09,2257,15.079999999999998,2.0
1447155220.7,2023-02-07,PORT04,V444_0,2,DTP,0,0,V5555_33,1689544,PLANT03,PORT09,331,0.10726215773577505,2.0
1447146022.7,2023-04-28,PORT04,V444_1,1,DTD,0,0,V5555555_22,1692946,PLANT03,PORT09,976,3.441058415401349,1.0
1447423172.7,2023-09-16,PORT04,V444_0,2,DTP,5,0,V55555555_7,1675615,PLANT03,PORT09,1034,6.545573653690111,2.0
1447419027.7,2023-12-04,PORT04,V444_1,1,DTD,0,0,V5555555_22,1696752,PLANT03,PORT09,320,0.6137248840803708,1.0
1447388474.7,2023-02-23,PORT04,V444_0,2,DTP,3,0,V555555_6,1660885,PLANT03,PORT09,2093,15.2,2.0
1447387042.7,2023-04-03,PORT04,V444_1,1,DTD,0,0,V55555555555555_8,1688587,PLANT03,PORT09,329,0.9120762894031302,1.0
1447372981.7,2023-07-19,PORT04,V444_0,2,DTP,0,0,V5555_33,1683419,PLANT03,PORT09,305,1.5767118335676482,2.0
1447371399.7,2023-06-16,PORT04,V444_0,2,DTP,0,3,V555555555_27,1684560,PLANT03,PORT09,3295,1.3371930688561289,2.0
1447367896.7,2023-02-21,PORT04,V444_0,2,DTP,0,0,V5555555_30,1674120,PLANT03,PORT09,692,33.0,2.0
1447367893.7,2023-04-19,PORT04,V444_0,2,DTP,3,0,V55555_4,1683200,PLANT03,PORT09,375,3.3378417107583767,2.0
1447339825.7,2023-09-07,PORT04,V444_1,1,DTD,3,0,V5555555_19,1680210,PLANT03,PORT09,5319,9.899119028978227,1.0
1447338091.7,2023-07-13,PORT04,V444_1,1,DTD,5,0,V55555555555555_8,1689546,PLANT03,PORT09,305,5.363780915011034,1.0
1447327248.7,2023-06-17,PORT04,V444_0,2,DTP,0,0,V555555555555555_29,1688575,PLANT03,PORT09,338,4.521704643092323,2.0
1447313770.7,2023-08-02,PORT04,V444_0,2,DTP,0,0,V55555_26,1683560,PLANT03,PORT09,4458,45.073897370073794,2.0
1447309544.7,2023-08-02,PORT04,V444_1,1,DTD,0,0,V5555555_22,1651366,PLANT03,PORT09,480,7.986212043718055,1.0
1447286440.7,2023-04-14,PORT04,V444_0,2,DTP,0,0,V55555555555_28,1694456,PLANT03,PORT09,12266,8.235453488177516,2.0
1447273496.7,2023-09-23,PORT04,V444_1,1,DTD,3,0,V5555555_19,1699772,PLANT03,PORT09,1800,17.52,1.0
1447266839.7,2023-04-18,PORT04,V444_0,2,DTP,0,0,V55555_26,1660897,PLANT03,PORT09,634,2.3825973325823067,2.0
1447266592.7,2023-06-29,PORT04,V444_1,2,DTD,0,0,V555555_11,1686762,PLANT12,PORT09,874,92.0,2.0
1447265676.7,2023-01-06,PORT04,V444_0,2,DTP,0,0,V555555555_27,1635536,PLANT03,PORT09,255,0.03687723480333731,2.0
1447250169.7,2023-08-06,PORT04,V444_1,1,DTD,5,0,V55555555555555_8,1688629,PLANT03,PORT09,431,11.761918640696857,1.0
1447242469.7,2023-08-01,PORT04,V444_0,2,DTP,3,0,V5555555_12,1658528,PLANT03,PORT09,347,1.1465474778801419,2.0
1447205704.7,2023-12-05,PORT04,V444_1,1,DTD,0,0,V5555555_22,1672651,PLANT03,PORT09,445,2.3605184907678023,1.0
1447196811.7,2023-07-18,PORT04,V444_0,2,DTP,0,0,V55_13,1672670,PLANT03,PORT09,409,2.020679905795132,2.0
1447195171.7,2023-01-19,PORT04,V444_0,2,DTP,3,0,V55555_4,1651126,PLANT03,PORT09,291,1.0183333333333335,2.0
1447189242.7,2023-04-01,PORT04,V444_1,1,DTD,0,0,V5555555_22,1683634,PLANT03,PORT09,514,5.296176378102563,1.0
1447175703.7,2023-02-02,PORT04,V444_0,2,DTP,3,0,V55555_2,1700958,PLANT03,PORT09,932,7.779999999999999,2.0
1447168944.7,2023-08-31,PORT04,V444_0,2,DTP,3,0,V555555_6,1676564,PLANT03,PORT09,1287,15.76,2.0
1447155062.7,2023-06-17,PORT09,V44_3,1,CRF,3,0,V55555_53,1696799,PLANT16,PORT09,898,113.04,1.0
1447142693.7,2023-09-28,PORT04,V444_0,3,DTD,0,0,V555555555555555555_42,1671426,PLANT03,PORT09,12298,7.676558079757033,3.0
1447404674.7,2023-07-07,PORT04,V444_0,2,DTP,0,0,V5555_33,1688290,PLANT03,PORT09,366,5.373201662039045,2.0
1447401975.7,2023-06-27,PORT04,V444_0,2,DTP,0,0,V555555_24,1677878,PLANT03,PORT09,1307,3.718129313987877,2.0
1447389181.7,2023-04-29,PORT04,V444_0,2,DTP,0,0,V55555_26,1652499,PLANT03,PORT09,311,0.9823955587941517,2.0
1447373381.7,2023-11-20,PORT04,V444_0,2,DTP,3,0,V55555_2,1689032,PLANT03,PORT09,652,7.34,2.0
1447370113.7,2023-05-06,PORT04,V444_0,2,DTP,0,0,V555555555_27,1687346,PLANT03,PORT09,273,0.6261413163108075,2.0
1447356163.7,2023-07-01,PORT04,V444_0,2,DTP,0,0,V555555555555555_29,1689547,PLANT03,PORT09,886,42.191763123882964,2.0
1447339090.7,2023-02-03,PORT04,V444_1,1,DTD,0,0,V555555555555555555_45,1690627,PLANT03,PORT09,340,1.9209192745839037,1.0
1447323916.7,2023-10-11,PORT04,V444_0,2,DTP,3,0,V555555_6,1651302,PLANT03,PORT09,1131,4.02,2.0
1447323882.7,2023-04-23,PORT04,V444_0,2,DTP,3,0,V555555_6,1660885,PLANT03,PORT09,1456,9.2,2.0
1447322797.7,2023-07-25,PORT04,V444_0,2,DTP,0,0,V5555_33,1688571,PLANT03,PORT09,277,0.528539096106846,2.0
1447317883.7,2023-01-29,PORT04,V444_0,2,DTP,0,3,V555555555_27,1668608,PLANT03,PORT09,461,4.206721623335447,2.0
1447306592.7,2023-02-26,PORT04,V44_3,4,CRF,0,0,V555555555555555_29,1699329,PLANT03,PORT09,858,3.1566631942665775,3.88
1447304745.7,2023-12-22,PORT04,V444_0,2,DTP,3,0,V555555_6,1690006,PLANT03,PORT09,644,4.381168252078532,2.0
1447304583.7,2023-05-17,PORT04,V444_0,2,DTP,3,0,V555555_6,1668550,PLANT03,PORT09,290,0.4823579036153176,2.0
1447302327.7,2023-01-31,PORT04,V444_1,1,DTD,5,0,V55555555555555_8,1689543,PLANT03,PORT09,298,1.225286782844139,1.0
1447299070.7,2023-10-05,PORT04,V444_0,2,DTP,0,0,V5555_33,1682736,PLANT03,PORT09,306,1.3378676470588238,2.0
1447281732.7,2023-05-27,PORT09,V444_0,0,DTP,3,0,V555555_6,1686435,PLANT16,PORT09,333,2338.4051259623893,0.0
1447273033.7,2023-04-12,PORT04,V444_0,2,DTP,0,0,V5555_33,1677891,PLANT03,PORT09,1939,5.347624203045685,2.0
1447269296.7,2023-02-12,PORT04,V444_0,2,DTP,0,0,V55555555555_28,1666524,PLANT03,PORT09,27738,16.17860255080455,2.0
1447241522.7,2023-12-01,PORT04,V44_3,2,CRF,3,0,V55555_2,1684170,PLANT03,PORT09,307,2.753175112058985,2.0
1447234019.7,2023-08-22,PORT04,V444_1,1,DTD,0,0,V5555555_22,1699799,PLANT03,PORT09,5308,4.191591788535211,1.0
1447211450.7,2023-01-09,PORT04,V444_0,2,DTP,0,0,V55555_4,1695348,PLANT03,PORT09,592,1.0556681699858814,2.0
1447203021.7,2023-10-19,PORT04,V444_0,2,DTP,0,0,V5555_33,1688290,PLANT03,PORT09,326,0.8955336103398408,2.0
1447183461.7,2023-04-02,PORT04,V444_0,2,DTP,0,0,V55_13,1668545,PLANT03,PORT09,274,0.07396062346185399,2.0
1447183417.7,2023-12-05,PORT04,V444_0,2,DTP,3,0,V55555_2,1696746,PLANT03,PORT09,285,1.414218149680124,2.0
1447174690.7,2023-09-16,PORT04,V444_0,2,DTP,0,0,V555555_24,1660563,PLANT03,PORT09,1016,5.62,2.0
1447168780.7,2023-10-16,PORT04,V444_0,2,DTP,3,0,V555555555_3,1617826,PLANT12,PORT09,1321,170.8787878787879,2.0
1447158118.7,2023-12-01,PORT04,V444_0,2,DTP,3,0,V55555_2,1687346,PLANT03,PORT09,399,2.9846069410815157,2.0
1447155283.7,2023-07-15,PORT04,V444_1,1,DTD,1,0,V555555555555555555_17,1676942,PLANT03,PORT09,4277,6.622817869415807,1.0
1447146755.7,2023-09-25,PORT04,V444_0,2,DTP,5,0,V55555555_7,1687346,PLANT03,PORT09,331,1.1270543693594535,2.0
1447137156.7,2023-06-25,PORT04,V444_0,2,DTP,3,0,V55555555_5,1695348,PLANT03,PORT09,497,0.7037787799905876,2.04
1447360908.7,2023-04-28,PORT04,V444_1,1,DTD,0,0,V555555555555555555_45,1682835,PLANT03,PORT09,273,0.4112719738418873,1.0
1447360380.7,2023-08-14,PORT04,V444_0,2,DTP,3,0,V555555_6,1695348,PLANT03,PORT09,1291,3.5892717779519967,2.0
1447348786.7,2023-07-27,PORT04,V444_0,2,DTP,0,0,V55555555_5,1699976,PLANT03,PORT09,341,3.325868337549462,2.0
1447334713.7,2023-04-29,PORT04,V444_1,1,DTD,5,0,V55555555555555_8,1689541,PLANT03,PORT09,1008,90.12,1.0
1447313160.7,2023-07-30,PORT04,V44_3,2,CRF,3,0,V55555_2,1662317,PLANT03,PORT09,297,1.0313669064748203,2.0
1447300030.7,2023-10-06,PORT04,V444_0,2,DTP,0,0,V55_13,1696757,PLANT03,PORT09,361,4.790026114257143,2.0
1447286498.7,2023-10-16,PORT04,V44_3,0,CRF,0,0,V5555555_12,1699794,PLANT03,PORT09,1913,3.1623683715461577,0.0
1447269648.7,2023-01-21,PORT04,V444_1,1,DTD,0,0,V555555555555555555_45,1683432,PLANT03,PORT09,395,6.1909304778703085,1.0
1447266594.7,2023-05-24,PORT04,V444_1,2,DTD,5,0,V55555555555555_8,1650715,PLANT12,PORT09,435,34.62977272727273,2.0
1447247175.7,2023-02-12,PORT04,V444_1,1,DTD,0,0,V5555555_22,1683203,PLANT03,PORT09,348,1.0734142557269324,1.0
1447235313.7,2023-07-30,PORT04,V444_0,2,DTP,3,0,V55555_2,1651299,PLANT03,PORT09,552,0.8518418139543121,2.0
1447226291.7,2023-05-27,PORT04,V444_1,1,DTD,0,0,V5555555_22,1660585,PLANT03,PORT09,444,13.841105338515028,1.0
1447216537.7,2023-09-18,PORT04,V444_0,2,DTP,0,0,V55555555555_28,1676699,PLANT03,PORT09,3258,1.3370447625029351,2.0
1447211489.7,2023-10-07,PORT04,V444_0,2,DTP,0,0,V5555_33,1689546,PLANT03,PORT09,275,0.07662544164301477,2.0
1447204108.7,2023-09-04,PORT04,V444_0,2,DTP,0,0,V555555555_14,1681888,PLANT08,PORT09,2678,11.174541944990908,2.0
1447183497.7,2023-08-22,PORT04,V444_0,2,DTP,3,0,V55555_2,1668545,PLANT03,PORT09,506,2.852766904957225,2.0
1447183389.7,2023-11-07,PORT04,V444_0,2,DTP,5,0,V55555555_7,1668094,PLANT03,PORT09,437,17.1,2.0
1447158651.7,2023-02-07,PORT04,V444_1,1,DTD,3,0,V5555_20,1697081,PLANT03,PORT09,332,0.1434167896809952,1.0
1447152746.7,2023-09-09,PORT04,V444_0,2,DTP,0,0,V555555_34,1682826,PLANT03,PORT09,563,24.52537902736132,2.0
1447139827.7,2023-03-21,PORT04,V444_1,1,DTD,1,0,V555555555555555555_17,1689145,PLANT03,PORT09,1295,3.5,1.0
1447396712.7,2023-09-18,PORT04,V444_0,2,DTP,0,0,V55_13,1668545,PLANT03,PORT09,460,1.4792124692370796,2.0
1447373456.7,2023-07-17,PORT04,V44_3,2,CRF,3,0,V55555_2,1672085,PLANT03,PORT09,335,1.416817313621575,2.0
1447370723.7,2023-06-19,PORT04,V444_0,2,DTP,0,0,V5555555_30,1655818,PLANT03,PORT09,419,0.3219311267693979,2.0
1447347743.7,2023-02-17,PORT04,V444_1,1,DTD,0,0,V5555555_22,1683203,PLANT03,PORT09,1064,16.88,1.0
1447337604.7,2023-11-08,PORT04,V44_3,0,CRF,0,0,V555555555555555_29,1699537,PLANT03,PORT09,7505,17.151801364756757,0.64
1447320593.7,2023-03-01,PORT04,V44_3,0,CRF,3,0,V55555555_32,1699682,PLANT03,PORT09,1080,2.9542287545279184,0.0
1447292290.7,2023-03-02,PORT04,V444_0,2,DTP,0,0,V5555_33,1682709,PLANT03,PORT09,277,4.064448300435787,2.0
1447288499.7,2023-04-16,PORT04,V444_0,2,DTP,0,0,V555555555555555_29,1688589,PLANT03,PORT09,335,4.567551104150948,2.0
1447213263.7,2023-11-07,PORT04,V444_0,2,DTP,3,0,V55555_4,1652644,PLANT03,PORT09,402,4.4,2.0
1447205081.7,2023-09-09,PORT09,V44_3,1,CRF,3,0,V55555_53,1699336,PLANT16,PORT09,419,16.45,1.0
1447202192.7,2023-01-09,PORT09,V44_3,1,CRF,3,0,V55555_53,1696798,PLANT16,PORT09,2117,293.44,1.0
1447184475.7,2023-06-12,PORT04,V444_0,2,DTP,0,0,V555555555_27,1662552,PLANT03,PORT09,2816,5.1,2.0
1447163979.7,2023-02-01,PORT04,V444_0,2,DTP,0,0,V5555_33,1688285,PLANT03,PORT09,343,1.6612111989194882,2.0
1447156559.7,2023-11-12,PORT04,V444_0,2,DTP,3,0,V55555_4,1675615,PLANT03,PORT09,640,3.5381479209135738,2.0
1447410894.7,2023-10-30,PORT04,V444_0,2,DTP,0,0,V55_13,1668545,PLANT03,PORT09,424,1.088277745224423,2.0
1447410496.7,2023-09-24,PORT04,V444_0,2,DTP,3,0,V55555555_5,1682651,PLANT03,PORT09,328,5.1655492569725805,2.0
1447399896.7,2023-05-25,PORT04,V44_3,4,CRF,0,0,V555555555555555_29,1699561,PLANT03,PORT09,12802,10.895465198828123,1.12
1447389155.7,2023-08-11,PORT04,V444_0,2,DTP,3,0,V55555_2,1677878,PLANT03,PORT09,368,0.2230877588392726,2.0
1447302864.7,2023-04-14,PORT04,V444_0,2,DTP,0,0,V5555_33,1688294,PLANT03,PORT09,282,0.11444659118349265,2.0
1447290118.7,2023-05-30,PORT04,V444_0,2,DTP,3,0,V55555_4,1677878,PLANT03,PORT09,11467,33.64,2.0
1447289698.7,2023-05-16,PORT04,V444_0,2,DTP,3,0,V55555_2,1674853,PLANT03,PORT09,275,0.6983976261127594,2.0
1447289407.7,2023-02-05,PORT04,V444_0,2,DTP,3,0,V55555_4,1683200,PLANT03,PORT09,427,2.5675705467372127,2.0
1447285672.7,2023-12-10,PORT04,V444_0,2,DTP,3,0,V55555_2,1672085,PLANT03,PORT09,272,4.250451940864725,2.0
1447284947.7,2023-03-22,PORT04,V444_0,2,DTP,0,0,V55555555_5,1677878,PLANT03,PORT09,363,0.3718129313987877,2.0
1447282659.7,2023-12-19,PORT04,V444_0,2,DTP,0,0,V555555555555555_29,1688575,PLANT03,PORT09,325,4.521704643092323,2.0
1447266884.7,2023-07-29,PORT04,V444_0,2,DTP,0,0,V55555_26,1666954,PLANT03,PORT09,837,7.54,2.0
1447265688.7,2023-04-25,PORT04,V444_0,2,DTP,0,0,V555555555_14,1651299,PLANT03,PORT09,1298,3.0422921926939717,2.0
1447230843.7,2023-02-23,PORT04,V444_1,1,DTD,0,0,V5555555_22,1683636,PLANT03,PORT09,282,0.7191591891580015,1.0
1447187888.7,2023-11-29,PORT04,V444_0,2,DTP,0,0,V5555_33,1689548,PLANT03,PORT09,281,0.14895957526204334,2.0
1447179112.7,2023-12-19,PORT04,V444_0,2,DTP,3,0,V55555_4,1699952,PLANT03,PORT09,343,1.1064017704806242,2.0
1447174269.7,2023-08-10,PORT04,V444_0,2,DTP,0,0,V55555555555_28,1674598,PLANT03,PORT09,3796,1.6278126990700472,2.0
1447163777.7,2023-06-27,PORT04,V444_1,1,DTD,5,0,V55555555555555_8,1689546,PLANT03,PORT09,417,7.662544164301477,1.0
1447159891.7,2023-11-21,PORT04,V444_0,2,DTP,0,0,V555555555_14,1677878,PLANT03,PORT09,8320,20.46,2.0
1447155229.7,2023-01-30,PORT04,V444_0,2,DTP,0,0,V555555555_27,1679638,PLANT03,PORT09,2261,5.0,2.0
1447152802.7,2023-06-13,PORT04,V444_0,2,DTP,0,0,V555555555_14,1668496,PLANT03,PORT09,965,13.306666666666667,2.0
1447149949.7,2023-06-28,PORT04,V444_1,1,DTD,5,0,V55555555555555_8,1689546,PLANT03,PORT09,489,16.325088328602952,1.0
1447408595.7,2023-05-18,PORT04,V444_0,2,DTP,0,0,V555555_24,1689547,PLANT03,PORT09,336,3.8872586811494667,2.0
1447400414.7,2023-12-15,PORT04,V444_0,2,DTP,3,0,V55555_2,1680210,PLANT03,PORT09,276,0.059394714173869365,2.0
1447352170.7,2023-11-09,PORT04,V444_1,2,DTD,3,0,V55555555_9,1686657,PLANT12,PORT09,303,5.098382749326145,2.0
1447350615.7,2023-12-18,PORT04,V444_0,2,DTP,0,0,V555555555_14,1691700,PLANT08,PORT09,4074,22.85986929883893,2.0
1447321834.7,2023-10-11,PORT04,V444_0,2,DTP,3,0,V555555_6,1689145,PLANT03,PORT09,576,0.9299990339364331,2.0
1447313946.7,2023-11-07,PORT04,V444_0,2,DTP,3,0,V55555_4,1655982,PLANT03,PORT09,1129,3.28,2.0
1447306549.7,2023-09-18,PORT04,V44_3,4,CRF,0,0,V555555555555555_29,1699567,PLANT03,PORT09,5330,4.109064091198238,3.68
1447293045.7,2023-11-23,PORT04,V444_1,1,DTD,0,0,V5555555_22,1672676,PLANT03,PORT09,292,0.8005006310475391,1.0
1447283702.7,2023-03-14,PORT04,V444_0,2,DTP,3,0,V555555_6,1672664,PLANT03,PORT09,625,9.586423490237628,2.0
1447266950.7,2023-06-24,PORT04,V444_0,2,DTP,0,0,V55555_26,1677878,PLANT03,PORT09,575,0.9667136216368479,2.0
1447258707.7,2023-12-13,PORT04,V444_0,2,DTP,0,0,V55_13,1658532,PLANT03,PORT09,346,0.553009249300925,2.0
1447250077.7,2023-06-22,PORT04,V444_1,1,DTD,0,0,V5555555_22,1683203,PLANT03,PORT09,979,15.46,1.0
1447215487.7,2023-09-03,PORT04,V444_0,2,DTP,3,0,V55555555_5,1699946,PLANT03,PORT09,417,2.3958092155191997,2.0
1447206052.7,2023-10-12,PORT04,V444_0,2,DTP,5,0,V55555555_7,1687353,PLANT12,PORT09,278,5.486231884057972,2.0
1447204820.7,2023-02-11,PORT04,V444_0,2,DTP,3,0,V555555_6,1651299,PLANT03,PORT09,40302,96.04,2.0
1447192238.7,2023-08-13,PORT04,V444_0,2,DTP,3,0,V55555_2,1664051,PLANT03,PORT09,60245,741.46,2.01
1447185749.7,2023-05-29,PORT04,V444_0,2,DTP,3,0,V555555_6,1687346,PLANT03,PORT09,257,0.39655616699684476,2.0
1447183422.7,2023-04-19,PORT04,V444_0,2,DTP,3,0,V55555_2,1687661,PLANT03,PORT09,458,3.273600000000001,2.0
1447178886.7,2023-04-15,PORT04,V444_0,2,DTP,0,0,V555555555_27,1682739,PLANT03,PORT09,459,18.86,2.0
1447165485.7,2023-01-29,PORT04,V444_0,2,DTP,3,0,V5555555_12,1693192,PLANT03,PORT09,361,0.4090734877481415,2.0
1447165274.7,2023-04-24,PORT04,V444_0,2,DTP,0,0,V5555555_30,1668346,PLANT03,PORT09,351,3.94,2.0
1447157118.7,2023-05-28,PORT09,V44_3,1,CRF,3,0,V55555_53,1699337,PLANT16,PORT09,507,43.17,1.0
1447155230.7,2023-08-30,PORT04,V444_0,2,DTP,0,0,V555555555_27,1655982,PLANT03,PORT09,494,1.5660030115442531,2.0
1447150572.7,2023-08-18,PORT04,V444_0,2,DTP,0,0,V55555555555_28,1667927,PLANT03,PORT09,49326,26.51158926649526,2.0
1447139374.7,2023-03-05,PORT09,V44_3,1,CRF,3,0,V55555_53,1697884,PLANT16,PORT09,1151,181.7,1.0
1447417705.7,2023-09-09,PORT04,V444_1,1,DTD,5,0,V55555555555555_8,1693747,PLANT03,PORT09,448,28.18,1.0
1447410497.7,2023-06-13,PORT04,V444_0,2,DTP,3,0,V55555555_5,1682736,PLANT03,PORT09,921,54.763382352941186,2.0
1447399906.7,2023-01-07,PORT04,V44_3,0,CRF,3,0,V55555555_32,1699689,PLANT03,PORT09,11730,42.982926791666664,0.0
1447390871.7,2023-10-25,PORT04,V444_1,1,DTD,0,0,V55555555555555_8,1688587,PLANT03,PORT09,337,1.8241525788062605,1.0
1447388152.7,2023-07-07,PORT04,V444_0,2,DTP,0,0,V555555555555555_29,1689547,PLANT03,PORT09,785,36.99313593656914,2.0
1447386393.7,2023-11-28,PORT04,V444_1,2,DTD,5,0,V55555555555555_8,1657013,PLANT12,PORT09,433,29.0,2.0
1447373450.7,2023-10-11,PORT04,V444_0,2,DTP,3,0,V55555_2,1672091,PLANT03,PORT09,435,24.180000000000003,2.0
1447369730.7,2023-05-19,PORT04,V444_0,2,DTP,3,0,V555555_6,1695345,PLANT03,PORT09,1808,5.846468929952359,2.0
1447328154.7,2023-12-02,PORT04,V444_1,1,DTD,5,0,V55555555555555_8,1690616,PLANT03,PORT09,318,0.9427008965683155,1.0
1447326023.7,2023-06-15,PORT09,V444_0,0,DTP,3,0,V555555_6,1692656,PLANT16,PORT09,371,17.18526015787838,0.0
1447322570.7,2023-03-20,PORT04,V444_1,1,DTD,5,0,V55555555555555_8,1690616,PLANT03,PORT09,335,0.9427008965683155,1.0
1447306455.7,2023-02-08,PORT04,V444_1,1,DTD,0,0,V5555555_22,1644308,PLANT03,PORT09,373,4.298520527279754,1.0
1447295867.7,2023-11-25,PORT04,V444_0,2,DTP,3,0,V555555_6,1699955,PLANT03,PORT09,319,0.19335480126210638,2.0
1447273022.7,2023-02-01,PORT04,V44_3,4,CRF,0,0,V555555555555_31,1684560,PLANT03,PORT09,6288,2.6743861377122577,4.0
1447254366.7,2023-10-02,PORT04,V444_0,2,DTP,0,0,V5555_33,1688589,PLANT03,PORT09,308,4.019444971652835,2.0
1447241500.7,2023-08-19,PORT04,V444_1,1,DTD,5,0,V55555555555555_8,1688294,PLANT03,PORT09,357,3.4333977355047796,1.0
1447222736.7,2023-06-04,PORT04,V444_0,2,DTP,0,0,V55_13,1682784,PLANT03,PORT09,326,5.50500100082206,2.0
1447208244.7,2023-03-05,PORT04,V444_0,2,DTP,3,0,V5555555_12,1687346,PLANT03,PORT09,336,2.087137721036025,2.0
1447206290.7,2023-05-26,PORT04,V444_0,2,DTP,3,1,V555_15,1651298,PLANT03,PORT09,4236,7.940000000000001,2.0
1447191719.7,2023-05-14,PORT04,V444_0,2,DTP,5,0,V55555555_7,1689548,PLANT03,PORT09,301,4.096388319706192,2.0
1447175152.7,2023-05-08,PORT04,V444_0,2,DTP,3,0,V55555555_5,1653237,PLANT13,PORT09,309,1.8125,2.0
1447174009.7,2023-10-31,PORT04,V444_0,2,DTP,3,0,V555555_6,1675615,PLANT03,PORT09,437,1.7779193302590708,2.0
1447172401.7,2023-12-21,PORT04,V444_0,2,DTP,3,0,V55555_2,1677878,PLANT03,PORT09,3019,9.26,2.0
1447172394.7,2023-02-19,PORT04,V444_0,2,DTP,3,0,V55555_2,1658528,PLANT03,PORT09,447,2.866368694700355,2.0
1447164387.7,2023-03-09,PORT04,V444_0,2,DTP,5,0,V55555555_7,1672117,PLANT03,PORT09,337,6.9,2.0
1447162833.7,2023-08-21,PORT04,V444_0,2,DTP,0,0,V55555555555_28,1694456,PLANT03,PORT09,30296,21.58863372044379,2.0
1447148305.7,2023-12-29,PORT04,V444_1,1,DTD,5,0,V55555555555555_8,1688292,PLANT03,PORT09,334,2.192037358399743,1.0
1447421270.7,2023-11-04,PORT04,V444_0,2,DTP,5,0,V55555555_7,1692998,PLANT03,PORT09,760,27.18,2.0
1447406129.7,2023-06-07,PORT04,V444_0,2,DTP,5,0,V55555555_7,1675615,PLANT03,PORT09,896,5.2,2.0
1447405873.7,2023-06-23,PORT04,V444_1,1,DTD,0,0,V5555555_22,1686401,PLANT03,PORT09,382,2.0571614384085697,1.0
1447399726.7,2023-08-09,PORT04,V444_0,2,DTP,0,0,V5555555_30,1656246,PLANT03,PORT09,2265,8.192611464968154,2.0
1447390901.7,2023-04-06,PORT04,V444_0,2,DTP,3,0,V55555_2,1697087,PLANT03,PORT09,310,0.1373813156349132,2.0
1447377775.7,2023-11-13,PORT04,V444_0,2,DTP,0,0,V555555555_27,1689147,PLANT03,PORT09,316,0.01882882353804819,2.0
1447377766.7,2023-12-26,PORT04,V444_0,2,DTP,0,0,V555555_24,1651302,PLANT03,PORT09,649,2.6558417595394497,2.0
1447365167.7,2023-09-12,PORT04,V444_0,2,DTP,3,0,V555555_6,1697083,PLANT03,PORT09,1268,11.180508090226104,2.0
1447353014.7,2023-06-08,PORT04,V444_1,1,DTD,0,0,V5555555_22,1680915,PLANT03,PORT09,1387,18.08,1.0
1447323714.7,2023-11-06,PORT04,V444_0,2,DTP,3,0,V555555_6,1677891,PLANT03,PORT09,5254,14.64,2.0
1447318873.7,2023-04-24,PORT04,V444_1,1,DTD,5,0,V55555555555555_8,1689547,PLANT03,PORT09,417,7.198627187313828,1.0
1447300171.7,2023-10-01,PORT04,V444_0,2,DTP,0,0,V555555555_14,1696746,PLANT03,PORT09,437,4.817180572347922,2.0
1447300146.7,2023-12-25,PORT04,V444_0,2,DTP,3,1,V555_15,1651298,PLANT03,PORT09,2325,4.596727272727272,2.0
1447283657.7,2023-07-05,PORT04,V444_0,2,DTP,0,0,V55555_26,1677884,PLANT03,PORT09,2041,5.52,2.0
1447241400.7,2023-08-12,PORT04,V444_0,2,DTP,5,0,V55555555_7,1680562,PLANT03,PORT09,547,3.084756168881922,2.0
1447229522.7,2023-07-18,PORT04,V444_0,2,DTP,0,0,V5555_33,1689547,PLANT03,PORT09,367,2.591505787432978,2.0
1447228934.7,2023-01-03,PORT04,V444_0,2,DTP,3,0,V55555_2,1687346,PLANT03,PORT09,335,0.83485508841441,2.0
1447223802.7,2023-05-14,PORT04,V44_3,0,CRF,3,0,V55555555_32,1699576,PLANT03,PORT09,15908,17.94294172400747,0.0
1447222988.7,2023-10-19,PORT04,V444_0,2,DTP,0,0,V5555_33,1688290,PLANT03,PORT09,272,0.19900746896440907,2.0
1447187798.7,2023-07-13,PORT04,V444_0,2,DTP,0,0,V555555555555555_29,1682802,PLANT03,PORT09,292,1.5297234676472105,2.0
1447185793.7,2023-02-05,PORT04,V444_0,2,DTP,3,0,V55555_4,1683203,PLANT03,PORT09,448,3.0484964862644883,2.0
1447182911.7,2023-09-09,PORT04,V444_1,1,DTD,3,0,V5555555_19,1654766,PLANT03,PORT09,3123,43.02,1.0
1447179948.7,2023-09-03,PORT04,V444_1,1,DTD,0,0,V555555555555555555_45,1688633,PLANT03,PORT09,430,13.91764611846673,1.0
1447173861.7,2023-01-02,PORT04,V444_0,2,DTP,5,0,V55555555_7,1668547,PLANT03,PORT09,402,0.6373144695661332,2.0
1447171211.7,2023-07-26,PORT04,V444_0,2,DTP,0,0,V5555555_30,1660579,PLANT03,PORT09,829,48.19533299582149,2.0
1447165165.7,2023-10-11,PORT04,V444_0,2,DTP,0,0,V5555_33,1674635,PLANT12,PORT09,273,3.860521708203332,2.0
1447163439.7,2023-07-03,PORT04,V444_0,2,DTP,3,0,V555555_6,1660885,PLANT03,PORT09,10316,77.9,2.0
1447160026.7,2023-07-16,PORT04,V444_1,1,DTD,0,0,V55555555555555_8,1688290,PLANT03,PORT09,494,16.910672206796818,1.0
1447159052.7,2023-03-22,PORT04,V444_0,2,DTP,0,0,V55555555555_28,1674598,PLANT03,PORT09,21238,9.766876194420282,2.0
1447150492.7,2023-07-03,PORT04,V444_0,2,DTP,3,0,V55555_4,1653588,PLANT03,PORT09,488,18.9,2.0
1447400494.7,2023-05-17,PORT04,V444_0,2,DTP,3,0,V5555555_12,1622685,PLANT03,PORT09,335,0.39776025236593054,2.0
1447392208.7,2023-12-16,PORT04,V444_0,2,DTP,3,0,V55555555_5,1690621,PLANT03,PORT09,386,5.723080955896898,2.0
1447383122.7,2023-08-24,PORT04,V444_1,1,DTD,0,0,V555555555555555555_45,1683392,PLANT03,PORT09,407,8.981999996137572,1.0
1447349611.7,2023-05-10,PORT04,V444_0,2,DTP,0,0,V555555555_27,1622685,PLANT03,PORT09,341,0.39776025236593054,2.0
1447304366.7,2023-03-03,PORT04,V444_0,2,DTP,0,0,V5555_33,1688587,PLANT03,PORT09,343,4.560381447015651,2.0
1447236400.7,2023-06-13,PORT04,V444_0,2,DTP,0,0,V5555_33,1688575,PLANT03,PORT09,280,1.2660773000658505,2.0
1447230847.7,2023-01-10,PORT04,V444_1,1,DTD,0,0,V5555555_22,1683636,PLANT03,PORT09,346,0.968098908481925,1.0
1447226775.7,2023-02-27,PORT04,V444_0,2,DTP,0,0,V5555_33,1661119,PLANT12,PORT09,310,1.0288469915932317,2.0
1447224320.7,2023-10-20,PORT04,V444_0,2,DTP,5,0,V55555555_7,1660580,PLANT03,PORT09,347,7.2697982243744965,2.0
1447223773.7,2023-11-30,PORT04,V444_1,1,DTD,5,0,V55555555555555_8,1651298,PLANT03,PORT09,2299,4.596727272727272,1.0
1447208253.7,2023-11-01,PORT04,V444_0,2,DTP,3,0,V55555555_5,1699948,PLANT03,PORT09,390,3.299262790136219,2.0
1447205062.7,2023-11-16,PORT04,V444_1,1,DTD,3,0,V5555555_19,1654766,PLANT03,PORT09,4621,74.46,1.0
1447201523.7,2023-12-15,PORT04,V44_3,4,CRF,0,0,V555555555555_31,1684560,PLANT03,PORT09,6284,2.6743861377122577,4.0
1447191656.7,2023-03-01,PORT04,V444_0,2,DTP,0,0,V5555_25,1699946,PLANT03,PORT09,368,2.2760187547432396,2.0
1447189382.7,2023-11-22,PORT04,V444_1,1,DTD,0,0,V5555555_22,1682742,PLANT03,PORT09,303,8.360697703821472,1.0
1447181110.7,2023-03-11,PORT04,V444_0,2,DTP,0,0,V5555_36,1682681,PLANT03,PORT09,4239,8.49962953367926,2.0
1447179090.7,2023-06-24,PORT04,V444_1,1,DTD,0,0,V5555555_22,1683633,PLANT03,PORT09,267,0.06778225806451614,1.0
1447163361.7,2023-05-14,PORT04,V444_0,2,DTP,3,0,V555555_6,1695346,PLANT03,PORT09,1274,3.8319143667791464,2.0
1447149351.7,2023-10-25,PORT04,V444_0,2,DTP,0,0,V55555_26,1668608,PLANT03,PORT09,368,2.0472711900232508,2.0
1447149337.7,2023-06-09,PORT04,V444_0,2,DTP,0,0,V55555_26,1669409,PLANT03,PORT09,452,1.2928193932093657,2.0
1447137208.7,2023-11-06,PORT04,V444_0,2,DTP,0,0,V55_13,1682784,PLANT03,PORT09,441,13.155716859256726,2.0
1447412494.7,2023-12-09,PORT04,V444_1,1,DTD,0,0,V55555555555555_8,1688633,PLANT03,PORT09,350,9.278430745644487,1.0
1447398419.7,2023-12-30,PORT09,V44_3,1,CRF,3,0,V55555_53,1702653,PLANT16,PORT09,539,43.26,1.0
1447392808.7,2023-05-21,PORT04,V444_0,2,DTP,0,0,V55555555555_28,1676699,PLANT03,PORT09,3242,1.3370447625029351,2.0
1447370097.7,2023-02-04,PORT04,V444_0,2,DTP,0,0,V55555555_5,1655818,PLANT03,PORT09,2258,6.06,2.0
1447355139.7,2023-09-24,PORT04,V444_0,2,DTP,3,0,V555555_6,1685212,PLANT03,PORT09,442,4.618000586338317,2.0
1447352017.7,2023-02-17,PORT04,V44_3,0,CRF,0,0,V5555555_30,1699552,PLANT03,PORT09,1976,4.836116075676888,0.0
1447346411.7,2023-04-25,PORT04,V444_0,2,DTP,0,0,V55555_26,1664067,PLANT03,PORT09,43453,337.97730096210535,2.0
1447343377.7,2023-01-10,PORT04,V44_3,4,CRF,0,0,V555555555555555_29,1699674,PLANT03,PORT09,3000,8.438419173000002,3.12
1447320472.7,2023-03-28,PORT04,V444_1,1,DTD,0,0,V5555555_22,1683634,PLANT03,PORT09,481,3.8078348411905285,1.0
1447313769.7,2023-07-02,PORT04,V444_0,2,DTP,0,0,V55555_26,1683560,PLANT03,PORT09,4426,39.073897370073794,2.0
1447309545.7,2023-12-04,PORT04,V444_1,1,DTD,0,0,V5555555_22,1651366,PLANT03,PORT09,448,7.986212043718055,1.0
1447308590.7,2023-12-25,PORT09,V44_3,1,CRF,3,0,V55555_53,1699336,PLANT16,PORT09,328,13.36,1.0
1447305238.7,2023-10-13,PORT04,V44_3,2,CRF,3,0,V55555_2,1688600,PLANT03,PORT09,251,1.9416149068322985,2.0
1447305069.7,2023-07-24,PORT04,V444_0,2,DTP,3,0,V55555_2,1664051,PLANT03,PORT09,9691,112.6774802813899,2.0
1447300266.7,2023-04-25,PORT04,V444_0,2,DTP,3,0,V55555_2,1687661,PLANT03,PORT09,552,5.456000000000001,2.0
1447269644.7,2023-10-26,PORT04,V444_1,1,DTD,5,0,V55555555555555_8,1688571,PLANT03,PORT09,309,2.818875179236512,1.0
1447265492.7,2023-06-18,PORT04,V444_0,2,DTP,0,0,V55555555555_28,1682210,PLANT03,PORT09,5306,3.921210234390743,2.0
1447254094.7,2023-05-30,PORT04,V444_1,1,DTD,5,0,V55555555555555_8,1688285,PLANT03,PORT09,324,1.9543661163758685,1.0
1447178892.7,2023-10-13,PORT04,V444_0,2,DTP,0,0,V55555555_5,1682805,PLANT03,PORT09,378,8.591497479956574,2.0
1447152419.7,2023-01-04,PORT04,V444_1,1,DTD,0,0,V5555555_22,1683203,PLANT03,PORT09,773,9.97029369352925,1.0
1447150407.7,2023-10-04,PORT04,V444_0,2,DTP,0,0,V55_13,1663396,PLANT03,PORT09,2100,92.10906091776097,2.0
1447146425.7,2023-07-25,PORT04,V444_0,2,DTP,5,0,V55555555_7,1668094,PLANT03,PORT09,299,6.52,2.0
1447144481.7,2023-09-18,PORT04,V444_1,1,DTD,0,0,V555555555555555555_45,1690630,PLANT03,PORT09,333,0.8722723463051242,1.0
1447407228.7,2023-06-29,PORT04,V444_1,1,DTD,0,0,V55555555555555_8,1688285,PLANT03,PORT09,315,1.5634928931006948,1.0
1447400429.7,2023-06-05,PORT04,V444_0,2,DTP,3,0,V55555555_0,1654622,PLANT03,PORT09,368,1.4054225212744906,2.0
1447375339.7,2023-05-20,PORT04,V444_1,1,DTD,5,0,V55555555555555_8,1690628,PLANT03,PORT09,307,1.038602655850815,1.0
1447371672.7,2023-05-11,PORT04,V444_1,1,DTD,5,0,V55555555555555_8,1688288,PLANT03,PORT09,266,1.0660215801675177,1.0
1447369943.7,2023-09-11,PORT04,V44_3,0,CRF,3,0,V55555555_32,1699794,PLANT03,PORT09,3498,6.324736743092315,0.0
1447360367.7,2023-07-01,PORT04,V444_0,2,DTP,3,0,V5555555_22,1697874,PLANT03,PORT09,530,4.4258711568836215,2.0
1447306597.7,2023-11-30,PORT04,V44_3,4,CRF,0,0,V555555555555555_29,1699674,PLANT03,PORT09,7449,21.502451128000004,2.72
1447303433.7,2023-12-07,PORT04,V444_0,2,DTP,0,0,V555555555_14,1668550,PLANT03,PORT09,2296,33.15719357435451,2.0
1447275923.7,2023-09-30,PORT04,V444_0,2,DTP,3,0,V55555_2,1689033,PLANT03,PORT09,704,7.919999999999999,2.0
1447232857.7,2023-11-20,PORT04,V444_0,2,DTP,3,0,V55555_2,1660551,PLANT03,PORT09,283,2.401585728444004,2.0
1447232856.7,2023-09-20,PORT04,V444_0,2,DTP,3,0,V55555_2,1660551,PLANT03,PORT09,382,7.42,2.0
1447231005.7,2023-01-12,PORT04,V444_0,2,DTP,0,0,V555555555_27,1677891,PLANT03,PORT09,1275,3.307126903553299,2.0
1447215480.7,2023-06-22,PORT04,V444_0,2,DTP,3,0,V55555_2,1699948,PLANT03,PORT09,1772,51.48894185204328,2.0
1447215310.7,2023-04-21,PORT04,V444_1,1,DTD,1,0,V555555555555555555_17,1699772,PLANT03,PORT09,608,3.24769095486119,1.0
1447213203.7,2023-06-14,PORT04,V444_0,2,DTP,0,0,V55555_26,1664069,PLANT03,PORT09,10444,59.02897103895072,2.0
1447200832.7,2023-10-11,PORT04,V444_0,2,DTP,3,0,V55555555_5,1682769,PLANT03,PORT09,975,60.06929040844831,2.0
1447199987.7,2023-09-28,PORT04,V444_0,2,DTP,0,0,V5555555_30,1668547,PLANT03,PORT09,485,1.5136218652195665,2.0
1447192270.7,2023-07-01,PORT04,V444_1,1,DTD,1,0,V555555555555555555_17,1676942,PLANT03,PORT09,10310,16.46,1.0
1447152995.7,2023-12-22,PORT04,V444_0,2,DTP,3,0,V55555555_5,1696074,PLANT03,PORT09,1278,8.87914842161734,2.0
1447152514.7,2023-10-09,PORT04,V444_0,2,DTP,0,0,V555555555_27,1677891,PLANT03,PORT09,2262,5.94,2.0
1447407270.7,2023-07-11,PORT04,V444_0,2,DTP,0,3,V555555555_27,1660885,PLANT03,PORT09,594,3.1771093473535217,2.0
1447403803.7,2023-05-02,PORT04,V44_3,4,CRF,0,0,V555555555555555_29,1699795,PLANT03,PORT09,6694,13.331346388291161,3.56
1447402643.7,2023-05-17,PORT04,V444_0,2,DTP,3,0,V55555_4,1636782,PLANT03,PORT09,297,2.164485020793804,2.0
1447386300.7,2023-05-16,PORT04,V444_1,1,DTD,0,0,V5555555_22,1699799,PLANT03,PORT09,5257,4.191591788535211,1.0
1447373453.7,2023-03-11,PORT04,V444_0,2,DTP,3,0,V55555_2,1666954,PLANT03,PORT09,378,1.3724904915507203,2.0
1447356011.7,2023-12-28,PORT04,V444_0,2,DTP,0,0,V555555_24,1651302,PLANT03,PORT09,830,3.08,2.0
1447346504.7,2023-07-05,PORT04,V444_0,2,DTP,3,0,V555555_6,1668545,PLANT03,PORT09,957,5.5,2.0
1447344875.7,2023-03-12,PORT04,V444_1,1,DTD,5,0,V55555555555555_8,1688575,PLANT03,PORT09,429,9.043409286184646,1.0
1447339218.7,2023-05-17,PORT04,V444_0,2,DTP,0,0,V555555555555555_29,1689547,PLANT03,PORT09,650,29.79450874925531,2.0
1447339092.7,2023-05-26,PORT04,V444_1,1,DTD,0,0,V555555555555555555_45,1690628,PLANT03,PORT09,338,1.3848035411344202,1.0
1447302785.7,2023-05-10,PORT04,V44_3,2,CRF,3,0,V55555_2,1658532,PLANT03,PORT09,361,0.8192729619272964,2.0
1447297461.7,2023-08-27,PORT04,V444_0,2,DTP,3,0,V55555_4,1672110,PLANT03,PORT09,301,1.2009553398737538,2.0
1447290158.7,2023-11-19,PORT04,V444_0,2,DTP,0,0,V555555555_14,1696756,PLANT03,PORT09,415,6.74,2.0
1447285604.7,2023-04-08,PORT04,V444_1,1,DTD,5,0,V55555555555555_8,1689546,PLANT03,PORT09,733,29.650176657205908,1.0
1447283701.7,2023-09-10,PORT04,V444_0,2,DTP,0,0,V55555_26,1651299,PLANT03,PORT09,3269,9.126876578081916,2.0
1447269561.7,2023-06-04,PORT04,V444_1,1,DTD,3,0,V5555555_19,1683293,PLANT03,PORT09,248,0.13616513529833177,1.0
1447245106.7,2023-08-29,PORT04,V444_1,1,DTD,0,0,V5555555_22,1683634,PLANT03,PORT09,494,3.479239956417742,1.0
1447241007.7,2023-04-06,PORT09,V44_3,1,CRF,3,0,V55555_53,1697317,PLANT16,PORT09,2040,368.12,1.0
1447218542.7,2023-04-25,PORT04,V444_0,2,DTP,0,0,V555555555_14,1696746,PLANT03,PORT09,614,14.258295153251163,2.0
1447215330.7,2023-06-27,PORT04,V444_0,2,DTP,3,0,V55555_4,1683704,PLANT03,PORT09,636,1.7403723256460126,2.0
1447204404.7,2023-09-20,PORT04,V444_0,2,DTP,5,0,V55555555_7,1699670,PLANT03,PORT09,3844,11.095600176002277,2.0
1447201700.7,2023-09-14,PORT04,V44_3,0,CRF,0,0,V5555555_30,1699591,PLANT03,PORT09,5098,14.056413040373334,0.0
1447191287.7,2023-01-17,PORT09,V44_3,1,CRF,3,0,V55555_53,1699337,PLANT16,PORT09,679,65.8,1.0
1447167163.7,2023-05-09,PORT04,V444_0,2,DTP,0,0,V555555555_27,1697444,PLANT03,PORT09,668,2.469755757152826,2.0
1447166640.7,2023-11-12,PORT04,V444_0,2,DTP,0,0,V555555555_14,1693618,PLANT03,PORT09,4273,35.44466211829831,2.0
1447160087.7,2023-08-14,PORT04,V444_0,2,DTP,3,0,V555555_6,1649002,PLANT03,PORT09,407,1.8574052272192136,2.0
1447156688.7,2023-01-04,PORT04,V444_0,2,DTP,3,0,V555555_6,1660551,PLANT03,PORT09,257,0.1200792864222002,2.0
1447152942.7,2023-05-08,PORT04,V444_1,1,DTD,5,0,V55555555555555_8,1688288,PLANT03,PORT09,247,1.0660215801675177,1.0
1447132025.7,2023-05-08,PORT04,V444_0,2,DTP,0,0,V55555555555_28,1667927,PLANT03,PORT09,52742,30.405274214102064,2.0
1447407434.7,2023-06-26,PORT04,V444_0,2,DTP,0,0,V5555_33,1689549,PLANT03,PORT09,323,7.859170600228724,2.0
1447401837.7,2023-01-28,PORT04,V444_0,2,DTP,3,0,V555555_6,1660885,PLANT03,PORT09,5260,44.26,2.0
1447373466.7,2023-12-01,PORT04,V444_0,2,DTP,3,0,V55555_2,1689546,PLANT03,PORT09,1445,86.95052997161773,2.0
1447365767.7,2023-07-23,PORT04,V444_0,2,DTP,3,0,V555555_6,1651299,PLANT03,PORT09,1262,3.0422921926939717,2.0
1447360736.7,2023-09-20,PORT04,V444_0,2,DTP,0,0,V55555555555_28,1700142,PLANT03,PORT09,21079,23.426536406367347,2.0
1447314126.7,2023-10-23,PORT04,V444_0,2,DTP,0,0,V555555_24,1699424,PLANT03,PORT09,286,1.8326846947309736,2.0
1447312125.7,2023-05-08,PORT04,V444_1,2,DTD,0,0,V55555_10,1683387,PLANT12,PORT09,304,2.3422883858461057,2.0
1447304368.7,2023-03-17,PORT04,V444_0,2,DTP,0,0,V5555_33,1689546,PLANT03,PORT09,242,0.6130035331441182,2.0
1447231050.7,2023-07-29,PORT04,V44_3,0,CRF,3,0,V55555555_32,1699515,PLANT03,PORT09,5101,7.7990046174000005,0.0
1447219337.7,2023-01-03,PORT04,V44_3,2,CRF,3,0,V55555_2,1688629,PLANT03,PORT09,247,0.17936531067828096,2.0
1447204795.7,2023-04-27,PORT04,V444_0,2,DTP,3,0,V555555_6,1672713,PLANT03,PORT09,401,6.021203438395416,2.0
1447183285.7,2023-07-01,PORT04,V444_0,2,DTP,5,0,V55555555_7,1687354,PLANT12,PORT09,339,24.8,2.0
1447159720.7,2023-07-30,PORT04,V444_0,2,DTP,0,0,V555555555_27,1692402,PLANT03,PORT09,314,2.2,2.0
1447159327.7,2023-09-13,PORT04,V444_0,2,DTP,3,0,V555555555_3,1688575,PLANT03,PORT09,471,19.086818572369292,2.0
1447158706.7,2023-11-17,PORT04,V444_1,1,DTD,0,0,V555555555555555555_45,1689548,PLANT03,PORT09,1159,73.03180886791951,1.0
1447155063.7,2023-06-03,PORT09,V44_3,1,CRF,3,0,V55555_53,1697317,PLANT16,PORT09,2943,540.68,1.0
1447391424.7,2023-07-27,PORT04,V444_0,2,DTP,0,0,V555555555_27,1613321,PLANT03,PORT09,749,2.833970080552359,2.0
1447389545.7,2023-02-28,PORT04,V444_0,3,DTP,0,0,V55555555_5,1661099,PLANT03,PORT09,116263,127.0,2.81
1447389217.7,2023-07-09,PORT04,V444_0,2,DTP,3,0,V555555_6,1669702,PLANT03,PORT09,424,1.815260377358491,2.0
1447381477.7,2023-01-25,PORT04,V444_1,1,DTD,5,0,V55555555555555_8,1690627,PLANT03,PORT09,494,6.146941678668492,1.0
1447373751.7,2023-06-16,PORT04,V444_0,2,DTP,3,0,V55555555_0,1656347,PLANT03,PORT09,258,3.1000000000000005,2.0
1447364448.7,2023-02-17,PORT04,V444_0,2,DTP,0,0,V5555_33,1689543,PLANT03,PORT09,270,1.9604588525506224,2.0
1447316999.7,2023-06-02,PORT04,V44_3,4,CRF,0,0,V555555555555555_29,1699562,PLANT03,PORT09,1768,2.964109377868105,3.96
1447304584.7,2023-03-18,PORT04,V444_0,2,DTP,0,0,V55_13,1672670,PLANT03,PORT09,329,1.0825070923902493,2.0
1447288184.7,2023-01-05,PORT04,V444_1,1,DTD,5,0,V55555555555555_8,1689545,PLANT03,PORT09,504,24.65704701594807,1.0
1447283484.7,2023-12-02,PORT04,V444_1,2,DTD,5,0,V55555555555555_8,1650715,PLANT12,PORT09,370,11.8,2.0
1447249889.7,2023-01-25,PORT04,V444_1,2,DTD,3,0,V55555555_9,1680245,PLANT12,PORT09,317,3.2,2.0
1447243142.7,2023-10-01,PORT04,V444_1,2,DTD,5,0,V55555555555555_8,1666961,PLANT12,PORT09,376,36.4,2.0
1447238171.7,2023-03-18,PORT04,V444_0,2,DTP,3,0,V55555_2,1663347,PLANT03,PORT09,577,18.92,2.0
1447237187.7,2023-10-17,PORT04,V444_0,2,DTP,3,0,V55555_4,1652080,PLANT03,PORT09,259,0.03545112781954887,2.0
1447221845.7,2023-01-13,PORT04,V444_0,2,DTP,0,0,V5555_33,1688633,PLANT03,PORT09,351,1.5773332267595628,2.0
1447201699.7,2023-04-24,PORT04,V44_3,0,CRF,0,0,V5555555_30,1699697,PLANT03,PORT09,5296,3.30787374384985,0.0
1447200839.7,2023-01-09,PORT04,V444_1,1,DTD,1,0,V555555555555555555_17,1677878,PLANT03,PORT09,1275,3.718129313987877,1.0
1447198596.7,2023-02-13,PORT04,V444_0,2,DTP,3,0,V555555_6,1682739,PLANT03,PORT09,317,6.173256537982566,2.0
1447193153.7,2023-06-02,PORT04,V444_0,2,DTP,3,0,V5555555_22,1676566,PLANT03,PORT09,474,2.518890310471552,2.0
1447182258.7,2023-08-06,PORT04,V444_0,2,DTP,0,0,V5555_33,1688575,PLANT03,PORT09,327,0.7234727428947717,2.0
1447165427.7,2023-05-20,PORT04,V444_0,2,DTP,0,0,V55555_26,1651302,PLANT03,PORT09,585,1.991881319654587,2.0
1447156545.7,2023-08-15,PORT04,V444_0,2,DTP,3,0,V555555_6,1672661,PLANT03,PORT09,295,0.18809702598636102,2.0
1447146724.7,2023-08-19,PORT04,V444_0,2,DTP,3,0,V5555555_22,1683200,PLANT03,PORT09,2912,51.06,2.0
1447394120.7,2023-04-19,PORT04,V444_0,2,DTP,3,0,V555555555_3,1691544,PLANT03,PORT09,673,27.108266095893693,2.0
1447382106.7,2023-10-14,PORT04,V444_0,2,DTP,3,0,V555555_6,1671951,PLANT03,PORT09,367,13.799999999999999,2.0
1447337842.7,2023-09-26,PORT04,V444_0,2,DTP,3,0,V555555_6,1662552,PLANT03,PORT09,910,2.660322122307305,2.0
1447334862.7,2023-01-28,PORT04,V444_0,2,DTP,0,0,V555555555555555_29,1688571,PLANT03,PORT09,448,17.6179698702282,2.0
1447321346.7,2023-09-13,PORT04,V444_0,2,DTP,0,0,V555555555_27,1677891,PLANT03,PORT09,637,1.3228507614213196,2.0
1447312274.7,2023-06-08,PORT04,V444_0,2,DTP,0,0,V55555_4,1690327,PLANT03,PORT09,285,0.17496365842864578,2.0
1447292031.7,2023-10-27,PORT04,V444_0,2,DTP,0,0,V5555_33,1688571,PLANT03,PORT09,268,1.409437589618256,2.0
1447289696.7,2023-09-04,PORT04,V444_0,2,DTP,3,0,V55555_2,1674853,PLANT03,PORT09,347,3.841186943620176,2.0
1447281610.7,2023-10-29,PORT04,V444_0,2,DTP,0,0,V555555555_14,1691700,PLANT08,PORT09,4172,21.85986929883893,2.0
1447278499.7,2023-06-20,PORT04,V44_3,0,CRF,0,0,V5555555_30,1699799,PLANT03,PORT09,2819,2.0957958942676056,0.0
1447275576.7,2023-11-05,PORT04,V444_0,3,DTD,0,0,V555555555555555555_42,1671426,PLANT03,PORT09,6319,3.8382790398785165,3.0
1447262026.7,2023-02-11,PORT04,V444_0,2,DTP,0,0,V5555555_30,1658528,PLANT03,PORT09,459,2.350422329654291,2.0
1447251217.7,2023-09-17,PORT04,V444_0,2,DTP,3,0,V555555_6,1662552,PLANT03,PORT09,388,0.38070126922673503,2.0
1447250835.7,2023-06-15,PORT04,V444_0,2,DTP,5,0,V55555555_7,1683392,PLANT03,PORT09,264,0.7185599996910058,2.0
1447239931.7,2023-08-12,PORT04,V444_0,2,DTP,0,0,V555555_24,1688633,PLANT03,PORT09,461,14.268155966271616,2.0
1447185789.7,2023-04-22,PORT04,V444_0,2,DTP,5,0,V55555555_7,1683409,PLANT03,PORT09,263,0.18764892407159026,2.0
1447182473.7,2023-05-13,PORT04,V44_3,4,CRF,0,0,V555555555555555_29,1699555,PLANT03,PORT09,1144,2.910980721120423,3.92
1447173854.7,2023-04-29,PORT04,V444_0,2,DTP,5,0,V55555555_7,1687346,PLANT03,PORT09,277,0.500913053048646,2.0
1447160860.7,2023-12-21,PORT04,V444_0,2,DTP,0,0,V555555555_27,1697080,PLANT03,PORT09,2333,12.851561553387768,2.0
1447149102.7,2023-10-09,PORT04,V444_0,2,DTP,5,0,V55555555_7,1687354,PLANT12,PORT09,335,6.0,2.0
1447146044.7,2023-03-04,PORT04,V444_1,1,DTD,0,0,V5555555_22,1692949,PLANT03,PORT09,933,3.243892343213792,1.0
1447137219.7,2023-09-04,PORT04,V444_0,2,DTP,0,0,V55_13,1696757,PLANT03,PORT09,327,5.700000000000001,2.0
1447405701.7,2023-06-28,PORT04,V444_0,2,DTP,3,0,V55555_2,1620552,PLANT03,PORT09,510,3.32,2.0
1447390903.7,2023-08-11,PORT04,V444_0,2,DTP,3,0,V55555_2,1696746,PLANT03,PORT09,330,0.5745261233075504,2.0
1447389126.7,2023-11-25,PORT04,V444_0,2,DTP,3,0,V5555555_22,1683197,PLANT03,PORT09,321,1.2778965938390554,2.0
1447376806.7,2023-04-19,PORT04,V444_0,2,DTP,0,0,V555555555_35,1682835,PLANT03,PORT09,302,0.8225439476837746,2.0
1447350451.7,2023-03-20,PORT04,V444_1,1,DTD,5,0,V55555555555555_8,1689546,PLANT03,PORT09,444,16.325088328602952,1.0
1447341216.7,2023-10-08,PORT04,V444_0,3,DTP,0,0,V55555555_5,1678427,PLANT03,PORT09,41992,99.85290127364337,2.87
1447301636.7,2023-04-06,PORT04,V444_0,2,DTP,3,0,V55555_4,1677878,PLANT03,PORT09,825,1.8590646569939384,2.0
1447297178.7,2023-08-04,PORT04,V444_0,2,DTP,3,0,V555555_6,1662274,PLANT03,PORT09,991,47.96,2.0
1447295511.7,2023-08-13,PORT04,V444_0,2,DTP,0,0,V55555555_5,1663341,PLANT03,PORT09,322,4.054435483870968,2.0
1447283591.7,2023-08-19,PORT04,V444_0,2,DTP,0,0,V555555_24,1678648,PLANT03,PORT09,462,2.9259401881188123,2.0
1447280933.7,2023-08-29,PORT04,V444_1,1,DTD,5,0,V55555555555555_8,1688589,PLANT03,PORT09,583,28.40530662490569,1.0
1447279015.7,2023-01-07,PORT04,V444_0,2,DTP,0,0,V5555_33,1689548,PLANT03,PORT09,315,0.2979191505240867,2.0
1447266851.7,2023-12-16,PORT04,V444_0,2,DTP,3,0,V555555_6,1676564,PLANT03,PORT09,848,8.16,2.0
1447262156.7,2023-03-31,PORT04,V444_0,2,DTP,0,0,V555555555_14,1696263,PLANT08,PORT09,3215,18.227057749489532,2.0
1447242877.7,2023-06-18,PORT04,V44_3,0,CRF,3,0,V55555555_32,1699268,PLANT03,PORT09,1454,2.653359698893519,0.0
1447242377.7,2023-08-10,PORT04,V444_0,2,DTP,0,0,V55555555_5,1682805,PLANT03,PORT09,1363,97.21072353954403,2.0
1447215488.7,2023-10-24,PORT04,V444_0,2,DTP,3,0,V55555555_5,1699946,PLANT03,PORT09,357,2.3958092155191997,2.0
1447206339.7,2023-03-10,PORT04,V444_0,2,DTP,3,0,V55555_4,1655982,PLANT03,PORT09,726,2.42,2.0
1447205714.7,2023-02-24,PORT04,V444_1,1,DTD,0,0,V5555555_22,1672664,PLANT03,PORT09,261,0.5432306644467989,1.0
1447189815.7,2023-08-08,PORT04,V444_1,1,DTD,0,0,V5555555_22,1682742,PLANT03,PORT09,309,0.7717567111219821,1.0
1447185703.7,2023-09-04,PORT04,V444_0,2,DTP,3,0,V55555_2,1695817,PLANT03,PORT09,505,0.04977447333333333,2.0
1447178779.7,2023-11-23,PORT04,V444_1,1,DTD,0,0,V5555555_22,1692949,PLANT03,PORT09,970,3.243892343213792,1.0
1447177639.7,2023-03-24,PORT04,V444_0,2,DTP,0,0,V55_13,1682784,PLANT03,PORT09,400,11.534287811246221,2.0
1447423187.7,2023-11-08,PORT04,V444_0,2,DTP,5,0,V55555555_7,1675615,PLANT03,PORT09,974,5.661036673461718,2.0
1447417928.7,2023-11-07,PORT04,V444_1,1,DTD,0,0,V55555555555555_8,1688571,PLANT03,PORT09,415,8.8089849351141,1.0
1447411489.7,2023-05-14,PORT04,V444_0,2,DTP,5,0,V55555555_7,1682745,PLANT03,PORT09,289,3.7231845944115354,2.0
1447402614.7,2023-04-21,PORT04,V44_3,2,CRF,3,0,V55555_2,1700382,PLANT03,PORT09,254,2.9106137184115517,2.0
1447400483.7,2023-08-26,PORT04,V444_0,2,DTP,3,0,V5555555_22,1683197,PLANT03,PORT09,659,7.440000000000001,2.0
1447399141.7,2023-05-22,PORT04,V44_3,2,CRF,3,0,V55555_2,1696746,PLANT03,PORT09,291,0.08838863435500775,2.0
1447398889.7,2023-09-12,PORT04,V444_1,1,DTD,0,0,V55555555555555_8,1690627,PLANT03,PORT09,322,0.23051031295006844,1.0
1447394116.7,2023-09-09,PORT04,V444_0,2,DTP,3,0,V555555555_3,1689547,PLANT03,PORT09,474,9.797940780970741,2.0
1447374422.7,2023-05-30,PORT04,V444_0,2,DTP,0,0,V55555555_5,1689548,PLANT03,PORT09,706,29.79191505240867,2.0
1447364446.7,2023-11-29,PORT04,V444_0,2,DTP,0,0,V5555_33,1688575,PLANT03,PORT09,275,1.989550042960622,2.0
1447364433.7,2023-03-28,PORT04,V444_0,2,DTP,0,0,V555555555_27,1658528,PLANT03,PORT09,369,1.5765027820851951,2.0
1447312508.7,2023-07-23,PORT04,V444_0,2,DTP,5,0,V55555555_7,1680562,PLANT03,PORT09,1284,11.594112095150034,2.0
1447297189.7,2023-07-10,PORT04,V444_0,2,DTP,3,0,V555555555_3,1689547,PLANT03,PORT09,1704,99.0609179036622,2.0
1447293732.7,2023-07-29,PORT04,V444_0,2,DTP,0,0,V5555555_30,1660579,PLANT03,PORT09,1832,123.58599898746445,2.0
1447274828.7,2023-08-15,PORT04,V444_0,2,DTP,0,0,V5555_33,1689549,PLANT03,PORT09,291,0.28753063171568505,2.0
1447266827.7,2023-10-13,PORT04,V444_0,2,DTP,0,0,V55555_26,1664067,PLANT03,PORT09,36927,275.7307688706726,2.0
1447265513.7,2023-03-22,PORT04,V444_0,2,DTP,5,0,V55555555_7,1692998,PLANT03,PORT09,767,24.94,2.0
1447260669.7,2023-11-25,PORT09,V44_3,1,CRF,3,0,V55555_53,1699336,PLANT16,PORT09,382,15.45,1.0
1447232396.7,2023-01-18,PORT04,V444_0,2,DTP,0,0,V5555_33,1689548,PLANT03,PORT09,254,0.07447978763102167,2.0
1447226228.7,2023-06-29,PORT04,V444_0,2,DTP,5,0,V55555555_7,1668547,PLANT03,PORT09,323,0.47798585217459993,2.0
1447224280.7,2023-03-18,PORT04,V444_0,2,DTP,3,0,V55555555_0,1666954,PLANT03,PORT09,1317,12.02,2.0
1447212840.7,2023-02-21,PORT04,V444_1,1,DTD,5,0,V55555555555555_8,1689547,PLANT03,PORT09,365,7.198627187313828,1.0
1447208669.7,2023-10-20,PORT04,V444_0,2,DTP,3,0,V55555_4,1699953,PLANT03,PORT09,895,19.734695153828092,2.0
1447200803.7,2023-12-31,PORT04,V444_1,1,DTD,0,0,V555555555555555555_45,1683432,PLANT03,PORT09,431,7.738663097337886,1.0
1447172436.7,2023-03-13,PORT04,V444_0,2,DTP,3,0,V55555_2,1677891,PLANT03,PORT09,508,0.6614253807106598,2.0
1447371333.7,2023-12-23,PORT04,V444_1,1,DTD,0,0,V5555555_22,1683636,PLANT03,PORT09,344,1.0787387837370022,1.0
1447369942.7,2023-03-03,PORT04,V44_3,0,CRF,3,0,V55555555_32,1699326,PLANT03,PORT09,2083,5.428487500035715,0.0
1447366022.7,2023-07-06,PORT04,V444_0,2,DTP,0,0,V5555_33,1688633,PLANT03,PORT09,332,3.1546664535191256,2.0
1447345011.7,2023-02-03,PORT04,V444_0,2,DTP,0,0,V55555555_5,1675655,PLANT03,PORT09,990,5.6,2.0
1447344561.7,2023-01-15,PORT04,V444_0,2,DTP,0,0,V5555_33,1689549,PLANT03,PORT09,271,0.5750612634313701,2.0
1447310389.7,2023-12-29,PORT04,V44_3,4,CRF,0,0,V555555555555_31,1684560,PLANT03,PORT09,12326,5.3487722754245155,4.0
1447283793.7,2023-10-31,PORT04,V444_0,2,DTP,3,0,V555555_6,1675655,PLANT03,PORT09,3166,20.700000000000003,2.0
1447269756.7,2023-09-24,PORT04,V444_1,1,DTD,3,0,V5555_20,1693453,PLANT03,PORT09,574,1.4285524021826468,1.0
1447269738.7,2023-09-13,PORT04,V444_1,1,DTD,1,0,V555555555555555555_17,1677878,PLANT03,PORT09,1249,3.718129313987877,1.0
1447266913.7,2023-02-17,PORT04,V444_0,2,DTP,0,0,V555555555_27,1689780,PLANT03,PORT09,381,11.19723604248819,2.0
1447266630.7,2023-07-27,PORT04,V444_0,2,DTP,3,0,V55555555_5,1685952,PLANT12,PORT09,332,2.5,2.0
1447265375.7,2023-02-01,PORT04,V444_0,2,DTP,0,0,V555555555_14,1672345,PLANT08,PORT09,2050,12.214928905517239,2.0
1447224485.7,2023-01-05,PORT04,V444_0,2,DTP,5,0,V55555555_7,1660585,PLANT03,PORT09,251,0.40444426263039457,2.0
1447204442.7,2023-02-20,PORT04,V444_0,2,DTP,0,0,V55555_26,1699952,PLANT03,PORT09,983,25.816041311214562,2.0
1447167002.7,2023-11-04,PORT04,V444_0,2,DTP,0,0,V55555555_5,1660583,PLANT03,PORT09,337,1.5456378363006398,2.0
1447158702.7,2023-06-14,PORT04,V444_1,1,DTD,0,0,V555555555555555555_45,1668547,PLANT03,PORT09,890,4.779858521745999,1.0
1447148726.7,2023-09-07,PORT04,V444_1,1,DTD,5,0,V55555555555555_8,1690634,PLANT03,PORT09,269,0.9996064971022485,1.0
1447405976.7,2023-06-23,PORT04,V444_1,1,DTD,0,0,V5555555_22,1693865,PLANT03,PORT09,3188,36.11539640645883,1.0
1447405932.7,2023-07-27,PORT04,V44_3,0,CRF,0,0,V555555555555555_29,1699368,PLANT03,PORT09,13048,15.44417672918033,1.12
1447395240.7,2023-08-28,PORT04,V444_0,2,DTP,3,0,V555555_6,1682739,PLANT03,PORT09,504,24.6,2.0
1447391773.7,2023-10-18,PORT04,V444_0,2,DTP,3,0,V55555_4,1662274,PLANT03,PORT09,407,10.86,2.0
1447387110.7,2023-09-15,PORT04,V444_0,2,DTP,3,0,V555555_6,1688678,PLANT03,PORT09,4443,48.84631921575367,2.0
1447373563.7,2023-08-05,PORT04,V444_0,2,DTP,0,0,V55555555555_28,1685760,PLANT03,PORT09,10767,3.7061378822798257,2.0
1447373432.7,2023-06-09,PORT04,V44_3,2,CRF,3,0,V55555_2,1658532,PLANT03,PORT09,308,0.8192729619272964,2.0
1447371367.7,2023-11-11,PORT04,V444_0,2,DTP,3,0,V5555555_22,1683636,PLANT03,PORT09,329,2.1574775674740043,2.0
1447367889.7,2023-04-09,PORT04,V444_0,2,DTP,3,0,V55555_4,1679638,PLANT03,PORT09,452,0.5072493066056428,2.0
1447327235.7,2023-05-29,PORT04,V444_0,2,DTP,0,0,V555555555555555_29,1682760,PLANT03,PORT09,355,4.2701211340017595,2.0
1447313993.7,2023-12-14,PORT04,V444_0,2,DTP,0,0,V555555555_27,1655818,PLANT03,PORT09,1412,3.5412423944633766,2.0
1447283870.7,2023-07-19,PORT04,V444_0,2,DTP,0,0,V555555555_14,1696746,PLANT03,PORT09,594,13.495736034221272,2.0
1447269673.7,2023-03-30,PORT04,V444_1,1,DTD,0,0,V555555555555555555_45,1688571,PLANT03,PORT09,325,4.933031563663896,1.0
1447231073.7,2023-02-17,PORT04,V44_3,0,CRF,3,0,V55555555_32,1699834,PLANT03,PORT09,8287,11.727669728529413,0.0
1447224456.7,2023-11-08,PORT04,V444_0,2,DTP,3,0,V55555555_0,1687346,PLANT03,PORT09,317,1.1270543693594535,2.0
1447210685.7,2023-03-22,PORT04,V444_0,2,DTP,3,1,V555_15,1668555,PLANT03,PORT09,1176,5.139583333333333,2.0
1447203028.7,2023-04-07,PORT04,V444_0,2,DTP,0,0,V5555_33,1682754,PLANT03,PORT09,308,0.06346012269938651,2.0
1447191441.7,2023-07-24,PORT04,V444_0,2,DTP,3,0,V55555_4,1660885,PLANT03,PORT09,668,3.1771093473535217,2.0
1447183286.7,2023-05-02,PORT04,V444_0,2,DTP,5,0,V55555555_7,1687354,PLANT12,PORT09,320,25.19545454545455,2.0
1447175619.7,2023-02-01,PORT04,V444_0,2,DTP,0,0,V55555555555_28,1685028,PLANT03,PORT09,10318,8.50954370406561,2.0
1447174267.7,2023-12-17,PORT04,V444_0,2,DTP,0,0,V55555555555_28,1674598,PLANT03,PORT09,17832,8.139063495350236,2.0
1447145308.7,2023-05-16,PORT04,V444_1,1,DTD,0,0,V5555555_22,1668344,PLANT03,PORT09,364,10.0,1.0
1447145091.7,2023-06-02,PORT04,V444_1,1,DTD,0,0,V5555555_22,1682784,PLANT03,PORT09,419,9.437144572837818,1.0
1447144653.7,2023-12-01,PORT04,V444_0,2,DTP,0,0,V55555555_5,1688575,PLANT03,PORT09,768,42.21704643092323,2.0
1447406480.7,2023-10-07,PORT04,V444_0,2,DTP,3,0,V55555_2,1664051,PLANT03,PORT09,16877,182.86,2.0
1447383125.7,2023-08-23,PORT04,V444_1,1,DTD,0,0,V555555555555555555_45,1688575,PLANT03,PORT09,1098,79.86897893256949,1.0
1447373156.7,2023-08-09,PORT04,V444_0,2,DTP,3,0,V55555555_5,1686215,PLANT03,PORT09,10272,36.16043365032486,2.0
1447369858.7,2023-05-20,PORT04,V444_0,2,DTP,0,0,V555555_24,1687644,PLANT03,PORT09,940,7.76,2.0
1447367859.7,2023-01-28,PORT04,V444_0,2,DTP,0,0,V55555555555_28,1676592,PLANT03,PORT09,45771,24.96,2.0
1447363368.7,2023-03-19,PORT04,V444_0,2,DTP,0,0,V555555555_14,1672344,PLANT08,PORT09,5644,43.63893872616503,2.0
1447361718.7,2023-05-04,PORT04,V444_0,2,DTP,0,0,V555555555_27,1677878,PLANT03,PORT09,955,2.3349852091843863,2.0
1447336035.7,2023-05-25,PORT04,V444_0,2,DTP,3,0,V55555_4,1668492,PLANT03,PORT09,621,7.676666666666666,2.0
1447320561.7,2023-09-03,PORT04,V444_1,1,DTD,0,0,V5555555_22,1668344,PLANT03,PORT09,311,0.10772635814889338,1.0
1447305845.7,2023-09-05,PORT04,V444_0,2,DTP,3,0,V55555_2,1666954,PLANT03,PORT09,1315,12.02,2.0
1447304796.7,2023-12-11,PORT04,V44_3,2,CRF,3,0,V55555_2,1674853,PLANT03,PORT09,322,3.9284866468842714,2.0
1447288321.7,2023-06-26,PORT04,V444_0,2,DTP,0,0,V5555_33,1689543,PLANT03,PORT09,322,0.4901147131376556,2.0
1447286037.7,2023-07-03,PORT04,V444_1,1,DTD,5,0,V55555555555555_8,1689551,PLANT03,PORT09,338,3.731790599805883,1.0
1447281607.7,2023-12-26,PORT04,V444_0,2,DTP,0,0,V555555555_14,1691700,PLANT08,PORT09,4112,21.85986929883893,2.0
1447267342.7,2023-01-11,PORT04,V444_0,2,DTP,0,0,V555555555_14,1696754,PLANT03,PORT09,311,2.6685439111673053,2.0
1447262386.7,2023-01-23,PORT04,V444_0,2,DTP,0,0,V5555_33,1688288,PLANT03,PORT09,266,0.4264086320670071,2.0
1447236653.7,2023-02-11,PORT04,V444_1,2,DTD,3,0,V55555555_9,1685329,PLANT12,PORT09,343,9.7,2.0
1447231576.7,2023-10-04,PORT04,V444_0,2,DTP,0,0,V555555555_14,1677878,PLANT03,PORT09,8306,19.5,2.0
1447226768.7,2023-10-30,PORT04,V444_0,2,DTP,0,0,V5555_33,1674635,PLANT12,PORT09,351,3.860521708203332,2.0
1447209498.7,2023-11-16,PORT04,V444_0,2,DTP,3,0,V555555_6,1654623,PLANT03,PORT09,315,0.8158536585365852,2.0
1447194393.7,2023-06-21,PORT04,V44_3,2,CRF,3,0,V55555_2,1672713,PLANT03,PORT09,344,0.8601719197707737,2.0
1447191294.7,2023-04-17,PORT04,V444_0,2,DTP,0,0,V5555_33,1688290,PLANT03,PORT09,294,1.1940448137864546,2.0
1447189243.7,2023-07-15,PORT04,V444_1,1,DTD,0,0,V5555555_22,1683634,PLANT03,PORT09,541,5.334834599840538,1.0
1447188091.7,2023-03-05,PORT04,V444_0,2,DTP,3,0,V555555_6,1692106,PLANT03,PORT09,396,0.5158623367676909,2.0
1447183284.7,2023-12-14,PORT04,V444_0,2,DTP,5,0,V55555555_7,1687354,PLANT12,PORT09,378,27.19545454545455,2.0
1447165490.7,2023-02-22,PORT04,V444_0,2,DTP,5,0,V55555555_7,1680562,PLANT03,PORT09,1092,8.527221598155077,2.0
1447147778.7,2023-01-22,PORT04,V444_0,2,DTP,0,0,V555555555_27,1699952,PLANT03,PORT09,310,2.434083895057373,2.0
1447402183.7,2023-09-24,PORT04,V444_1,1,DTD,0,0,V55555555555555_8,1689548,PLANT03,PORT09,460,10.17196814465325,1.0
1447357760.7,2023-07-21,PORT04,V444_0,2,DTP,0,0,V555555555_14,1662552,PLANT03,PORT09,4324,9.5,2.0
1447355455.7,2023-03-19,PORT04,V444_0,2,DTP,0,0,V5555_33,1689546,PLANT03,PORT09,323,0.38312720821507384,2.0
1447332268.7,2023-07-28,PORT04,V444_0,2,DTP,3,0,V555555_6,1650905,PLANT03,PORT09,607,6.436571428571427,2.0
1447329538.7,2023-05-16,PORT04,V444_0,2,DTP,0,0,V555555555_14,1681890,PLANT08,PORT09,1834,6.388834224639998,2.0
1447326108.7,2023-07-31,PORT04,V444_0,2,DTP,0,0,V5555_33,1688288,PLANT03,PORT09,265,0.4264086320670071,2.0
1447320489.7,2023-06-27,PORT04,V444_1,1,DTD,0,0,V5555555_22,1683634,PLANT03,PORT09,613,6.668543249800672,1.0
1447317062.7,2023-07-08,PORT04,V444_1,1,DTD,5,0,V55555555555555_8,1688288,PLANT03,PORT09,291,1.0660215801675177,1.0
1447290060.7,2023-07-19,PORT04,V444_0,2,DTP,3,0,V555555_6,1651298,PLANT03,PORT09,2278,4.596727272727272,2.0
1447285609.7,2023-02-01,PORT04,V444_1,1,DTD,5,0,V55555555555555_8,1688575,PLANT03,PORT09,481,13.56511392927697,1.0
1447282166.7,2023-02-13,PORT04,V444_0,2,DTP,3,0,V555555555_3,1688633,PLANT03,PORT09,354,5.659842754843137,2.0
1447266951.7,2023-09-21,PORT04,V444_0,2,DTP,0,0,V55555_26,1679638,PLANT03,PORT09,827,1.6908310220188094,2.0
1447241525.7,2023-05-09,PORT04,V444_0,2,DTP,0,0,V5555555_30,1629341,PLANT03,PORT09,647,5.775454545454545,2.0
1447225276.7,2023-07-03,PORT04,V444_0,2,DTP,0,0,V5555_33,1688587,PLANT03,PORT09,254,0.3648305157612521,2.0
1447223686.7,2023-12-29,PORT04,V444_1,1,DTD,5,0,V55555555555555_8,1658528,PLANT03,PORT09,754,4.16,1.0
1447219392.7,2023-04-11,PORT04,V444_0,2,DTP,0,0,V55555_4,1672091,PLANT03,PORT09,301,1.7050674607889913,2.0
1447216659.7,2023-06-21,PORT04,V444_0,2,DTP,0,0,V555555555_14,1651299,PLANT03,PORT09,10321,23.800000000000004,2.0
1447200630.7,2023-10-06,PORT04,V444_0,2,DTP,5,0,V55555555_7,1688589,PLANT03,PORT09,293,0.3654040883320759,2.0
1447200239.7,2023-04-26,PORT04,V444_1,1,DTD,3,0,V5555_20,1700738,PLANT03,PORT09,1811,64.09833546246719,1.0
1447166818.7,2023-09-29,PORT04,V444_0,2,DTP,0,0,V5555_33,1682859,PLANT03,PORT09,268,0.11661598287998444,2.0
1447159826.7,2023-05-23,PORT04,V444_0,2,DTP,0,0,V55555555555_28,1667927,PLANT03,PORT09,49236,28.51158926649526,2.0
1447151163.7,2023-02-14,PORT04,V444_0,2,DTP,3,0,V555555_6,1663337,PLANT03,PORT09,1261,74.7,2.0
1447145185.7,2023-02-18,PORT04,V444_1,1,DTD,0,0,V5555555_22,1644308,PLANT03,PORT09,707,19.440653062030144,1.0
1447411642.7,2023-07-17,PORT04,V444_1,1,DTD,0,0,V55555555555555_8,1688587,PLANT03,PORT09,274,2.7362288682093907,1.0
1447411637.7,2023-09-15,PORT04,V444_1,1,DTD,0,0,V55555555555555_8,1688589,PLANT03,PORT09,297,1.8270204416603795,1.0
1447411498.7,2023-03-06,PORT04,V444_0,2,DTP,5,0,V55555555_7,1689546,PLANT03,PORT09,299,0.38312720821507384,2.0
1447395869.7,2023-02-25,PORT04,V444_1,1,DTD,0,0,V55555555555555_8,1688629,PLANT03,PORT09,329,4.484132766957024,1.0
1447392202.7,2023-02-16,PORT04,V444_1,1,DTD,0,0,V55555555555555_8,1689550,PLANT03,PORT09,308,0.920021088327524,1.0
1447384175.7,2023-05-03,PORT04,V444_1,1,DTD,5,0,V55555555555555_8,1676565,PLANT03,PORT09,590,4.348397200142367,1.0
1447371317.7,2023-03-27,PORT04,V444_0,2,DTP,0,0,V55555555555_28,1667927,PLANT03,PORT09,10753,5.681054842820413,2.0
1447357560.7,2023-06-12,PORT04,V444_0,2,DTP,3,0,V55555_4,1689145,PLANT03,PORT09,360,0.35769193612939737,2.0
1447351880.7,2023-07-14,PORT04,V444_0,2,DTP,0,0,V5555_33,1689546,PLANT03,PORT09,259,0.5363780915011034,2.0
1447351797.7,2023-06-26,PORT04,V444_0,2,DTP,0,0,V5555_33,1688294,PLANT03,PORT09,301,0.11444659118349265,2.0
1447340570.7,2023-11-26,PORT04,V444_0,2,DTP,3,0,V55555555_5,1646393,PLANT13,PORT09,385,11.894117647058824,2.0
1447326451.7,2023-04-15,PORT04,V444_1,1,DTD,5,0,V55555555555555_8,1689541,PLANT03,PORT09,471,29.7,1.0
1447317147.7,2023-10-30,PORT04,V44_3,0,CRF,0,0,V5555555_30,1699552,PLANT03,PORT09,1507,3.627087056757666,0.0
1447313925.7,2023-04-16,PORT04,V444_1,1,DTD,5,0,V55555555555555_8,1699666,PLANT03,PORT09,1220,6.72,1.0
1447308513.7,2023-12-08,PORT04,V444_1,2,DTD,0,0,V55555_10,1681699,PLANT12,PORT09,352,12.755408904844389,2.0
1447304572.7,2023-02-21,PORT04,V444_0,2,DTP,0,0,V55_13,1684703,PLANT03,PORT09,614,4.611209617999958,2.0
1447302693.7,2023-09-15,PORT04,V444_0,2,DTP,0,0,V55555555555_28,1676592,PLANT03,PORT09,80734,46.16,2.0
1447301141.7,2023-05-17,PORT04,V444_1,1,DTD,1,0,V555555555555555555_17,1699772,PLANT03,PORT09,735,5.799448133680697,1.0
1447288503.7,2023-04-07,PORT04,V444_0,2,DTP,0,0,V555555555555555_29,1688589,PLANT03,PORT09,364,4.567551104150948,2.0
1447284658.7,2023-09-01,PORT04,V444_1,1,DTD,5,0,V55555555555555_8,1688589,PLANT03,PORT09,486,19.270204416603793,1.0
1447231442.7,2023-12-05,PORT04,V444_0,2,DTP,0,0,V55_13,1682784,PLANT03,PORT09,443,14.641193319796013,2.0
1447226236.7,2023-01-01,PORT04,V444_0,2,DTP,5,0,V55555555_7,1692955,PLANT03,PORT09,746,3.94,2.0
1447224516.7,2023-01-26,PORT04,V444_0,2,DTP,0,0,V55555_26,1699952,PLANT03,PORT09,1806,58.320088524031206,2.0
1447183414.7,2023-06-06,PORT04,V444_0,2,DTP,0,0,V555555555_27,1662552,PLANT03,PORT09,4182,7.820000000000001,2.0
1447175181.7,2023-03-04,PORT04,V444_0,2,DTP,0,0,V55555_26,1667817,PLANT03,PORT09,2085,30.489300411522628,2.0
1447170689.7,2023-01-05,PORT04,V444_0,2,DTP,3,0,V55555_2,1615677,PLANT03,PORT09,439,1.051704394141145,2.0
1447159942.7,2023-03-18,PORT04,V444_0,2,DTP,3,0,V555555_6,1668547,PLANT03,PORT09,1304,7.966430869576666,2.0
1447159847.7,2023-04-24,PORT04,V444_0,2,DTP,0,0,V55555555555_28,1667927,PLANT03,PORT09,49312,24.51158926649526,2.0
1447145151.7,2023-04-30,PORT04,V444_1,1,DTD,5,0,V55555555555555_8,1676565,PLANT03,PORT09,551,3.908848024676713,1.0
1447418980.7,2023-02-23,PORT04,V444_0,2,DTP,5,0,V55555555_7,1682784,PLANT03,PORT09,278,0.6990477461361346,2.0
1447406923.7,2023-07-15,PORT04,V444_0,2,DTP,0,0,V555555_24,1695346,PLANT03,PORT09,442,0.7663828733558293,2.0
1447394515.7,2023-05-21,PORT04,V444_0,2,DTP,0,0,V555555555_14,1670215,PLANT03,PORT09,4278,37.4737895176088,2.0
1447390782.7,2023-10-15,PORT04,V444_1,1,DTD,0,0,V55555555555555_8,1688629,PLANT03,PORT09,444,17.936531067828096,1.0
1447353781.7,2023-02-08,PORT04,V444_0,2,DTP,3,0,V55555555_0,1668545,PLANT03,PORT09,363,0.8452642681354741,2.0
1447305207.7,2023-11-13,PORT04,V44_3,0,CRF,3,0,V55555555_32,1699842,PLANT03,PORT09,5341,11.596391896774193,0.0
1447302784.7,2023-10-14,PORT04,V444_0,2,DTP,0,0,V55555_26,1664346,PLANT03,PORT09,385,3.9399999999999995,2.0
1447301059.7,2023-12-08,PORT04,V444_1,1,DTD,5,0,V55555555555555_8,1688571,PLANT03,PORT09,493,17.032352581907663,1.0
1447299609.7,2023-09-22,PORT04,V44_3,0,CRF,3,0,V55555555_32,1699548,PLANT03,PORT09,26252,39.33977143107786,0.0
1447281372.7,2023-05-06,PORT04,V444_0,2,DTP,3,0,V55555_2,1660579,PLANT03,PORT09,368,4.5195332995821484,2.0
1447272941.7,2023-06-20,PORT04,V444_0,2,DTP,5,0,V55555555_7,1653969,PLANT13,PORT09,307,4.505510752688172,2.0
1447271770.7,2023-07-21,PORT04,V444_0,2,DTP,0,0,V555555555_27,1683203,PLANT03,PORT09,1106,15.640000000000002,2.0
1447250739.7,2023-12-22,PORT04,V444_1,1,DTD,5,0,V55555555555555_8,1650905,PLANT03,PORT09,602,6.436571428571427,1.0
1447229596.7,2023-12-27,PORT04,V444_0,2,DTP,0,0,V55555555_5,1675654,PLANT03,PORT09,387,0.945155161494617,2.0
1447223363.7,2023-03-03,PORT04,V444_0,2,DTP,3,0,V555555555_3,1672117,PLANT03,PORT09,293,0.16240000000000004,2.0
1447212031.7,2023-11-25,PORT04,V444_1,1,DTD,1,0,V555555555555555555_17,1689145,PLANT03,PORT09,1239,3.38,1.0
1447206394.7,2023-02-05,PORT04,V444_0,2,DTP,0,0,V55555_26,1662274,PLANT03,PORT09,357,7.060360360360359,2.0
1447206039.7,2023-12-30,PORT04,V444_0,2,DTP,3,0,V55555555_0,1689554,PLANT03,PORT09,519,4.208039492242595,2.0
1447198884.7,2023-01-23,PORT04,V444_0,2,DTP,0,0,V55555_26,1699948,PLANT03,PORT09,821,16.496313950681095,2.0
1447184536.7,2023-05-01,PORT04,V444_0,2,DTP,3,0,V555555_6,1660897,PLANT03,PORT09,2483,18.18,2.0
1447182461.7,2023-08-27,PORT04,V44_3,4,CRF,0,0,V555555555555555_29,1699368,PLANT03,PORT09,5066,5.791566273442623,3.8
1447175733.7,2023-07-25,PORT04,V444_0,2,DTP,3,0,V555555_6,1657064,PLANT03,PORT09,413,0.7758121887703384,2.0
1447152713.7,2023-06-08,PORT04,V444_0,2,DTP,0,0,V555555555_27,1689147,PLANT03,PORT09,1304,3.42,2.0
1447146030.7,2023-04-17,PORT04,V444_1,1,DTD,0,0,V5555555_22,1683636,PLANT03,PORT09,273,0.7468191579717708,1.0
1447145114.7,2023-08-09,PORT04,V444_1,1,DTD,0,0,V5555555_22,1672651,PLANT03,PORT09,349,1.4794798991432,1.0
1447405365.7,2023-09-12,PORT04,V444_0,2,DTP,0,0,V555555555_14,1680210,PLANT03,PORT09,773,0.9899119028978227,2.0
1447389085.7,2023-04-23,PORT04,V444_0,2,DTP,3,0,V5555555_22,1683200,PLANT03,PORT09,241,0.15405423280423275,2.0
1447386505.7,2023-11-22,PORT04,V44_3,0,CRF,3,0,V55555555_32,1699268,PLANT03,PORT09,914,1.3266798494467595,0.0
1447365184.7,2023-07-03,PORT04,V444_0,2,DTP,3,1,V555_15,1681878,PLANT08,PORT09,1093,3.0977760466629154,2.0
1447362176.7,2023-10-07,PORT04,V444_1,1,DTD,3,0,V5555_20,1696654,PLANT03,PORT09,3298,106.10688526249874,1.0
1447356014.7,2023-06-23,PORT04,V444_0,2,DTP,0,0,V555555555_27,1652615,PLANT03,PORT09,504,5.74,2.0
1447336144.7,2023-10-17,PORT04,V444_0,2,DTP,3,0,V555555_6,1668547,PLANT03,PORT09,750,3.983215434788333,2.0
1447335399.7,2023-07-08,PORT04,V444_1,1,DTD,0,0,V5555555_22,1672661,PLANT03,PORT09,523,4.702425649659026,1.0
1447320605.7,2023-09-23,PORT04,V44_3,0,CRF,3,0,V55555555_32,1699524,PLANT03,PORT09,3292,6.213357271032845,0.0
1447320211.7,2023-08-03,PORT04,V444_0,2,DTP,0,0,V5555_33,1688587,PLANT03,PORT09,254,0.3648305157612521,2.0
1447300219.7,2023-02-23,PORT04,V444_0,2,DTP,3,0,V55555_2,1687661,PLANT03,PORT09,493,4.28,2.0
1447291624.7,2023-02-25,PORT04,V444_0,2,DTP,3,0,V555555_6,1685212,PLANT03,PORT09,487,3.7405804749340366,2.0
1447250246.7,2023-06-25,PORT04,V444_0,2,DTP,0,0,V555555555_14,1676853,PLANT03,PORT09,2287,5.283250893909661,2.0
1447238354.7,2023-11-27,PORT04,V444_0,2,DTP,3,0,V55555555_0,1693104,PLANT03,PORT09,365,2.530673260507818,2.0
1447237853.7,2023-05-08,PORT04,V444_0,2,DTP,0,0,V55555555555_28,1666524,PLANT03,PORT09,5276,2.7597459183281,2.0
1447232112.7,2023-06-23,PORT04,V444_0,2,DTP,0,0,V55555_4,1656246,PLANT03,PORT09,1244,4.096305732484077,2.0
1447226265.7,2023-07-25,PORT04,V444_1,1,DTD,0,0,V5555555_22,1656348,PLANT03,PORT09,579,12.294253515623145,1.0
1447220701.7,2023-02-02,PORT04,V444_0,2,DTP,3,0,V55555_4,1652644,PLANT03,PORT09,440,4.48,2.0
1447220221.7,2023-12-23,PORT04,V444_1,1,DTD,1,0,V555555555555555555_17,1683191,PLANT03,PORT09,262,0.11986109418788844,1.0
1447205706.7,2023-03-12,PORT04,V444_1,1,DTD,0,0,V5555555_22,1686401,PLANT03,PORT09,314,0.4912624330527927,1.0
1447194438.7,2023-03-23,PORT04,V444_1,1,DTD,3,0,V5555_20,1695348,PLANT03,PORT09,521,0.7037787799905876,1.0
1447187873.7,2023-02-16,PORT04,V444_0,2,DTP,0,0,V55555555_5,1672721,PLANT03,PORT09,609,26.78,2.0
1447172427.7,2023-09-27,PORT04,V444_0,2,DTP,3,0,V55555_2,1668612,PLANT03,PORT09,496,7.42,2.0
1447171206.7,2023-10-30,PORT04,V444_0,2,DTP,5,0,V55555555_7,1646909,PLANT03,PORT09,334,0.0659795029041304,2.0
1447165300.7,2023-08-23,PORT04,V444_0,2,DTP,0,0,V55555_26,1668492,PLANT03,PORT09,624,7.676666666666666,2.0
1447163360.7,2023-05-17,PORT04,V444_0,2,DTP,3,0,V555555_6,1697081,PLANT03,PORT09,302,0.089635493550622,2.0
1447160032.7,2023-05-05,PORT04,V444_0,2,DTP,3,0,V555555_6,1672661,PLANT03,PORT09,305,0.6269900866212035,2.0
1447149445.7,2023-11-19,PORT04,V444_0,2,DTP,3,0,V55555555_0,1688824,PLANT03,PORT09,717,4.6,2.0
1447145180.7,2023-03-01,PORT04,V444_1,1,DTD,0,0,V5555555_22,1692984,PLANT03,PORT09,1723,19.346004812541317,1.0
1447141580.7,2023-10-02,PORT04,V444_0,2,DTP,0,0,V55_13,1658532,PLANT03,PORT09,350,0.32770918477091854,2.0
1447418372.7,2023-12-07,PORT04,V444_0,2,DTP,5,0,V55555555_7,1669409,PLANT03,PORT09,402,0.9740420085823988,2.0
1447405947.7,2023-11-15,PORT04,V44_3,0,CRF,0,0,V555555555555555_29,1699329,PLANT03,PORT09,854,3.1566631942665775,3.88
1447365201.7,2023-07-10,PORT04,V444_1,2,DTD,5,0,V55555555555555_8,1650715,PLANT12,PORT09,691,111.80000000000001,2.0
1447348351.7,2023-01-04,PORT04,V444_1,1,DTD,5,0,V55555555555555_8,1689545,PLANT03,PORT09,327,1.3594228209568842,1.0
1447337696.7,2023-11-25,PORT04,V444_1,1,DTD,0,0,V5555555_22,1683203,PLANT03,PORT09,903,12.54,1.0
1447334885.7,2023-09-07,PORT04,V444_0,2,DTP,0,0,V555555555555555_29,1688571,PLANT03,PORT09,320,4.40449246755705,2.0
1447309533.7,2023-12-02,PORT04,V444_0,2,DTP,3,0,V55555555_5,1700140,PLANT03,PORT09,33861,24.584351012949853,2.0
1447260619.7,2023-08-03,PORT09,V44_3,1,CRF,3,0,V55555_53,1696799,PLANT16,PORT09,1803,302.6,1.0
1447248540.7,2023-06-10,PORT04,V444_0,2,DTP,0,0,V5555_33,1674635,PLANT12,PORT09,287,3.860521708203332,2.0
1447229515.7,2023-10-01,PORT04,V444_0,2,DTP,0,0,V5555_33,1688589,PLANT03,PORT09,309,0.18270204416603794,2.0
1447206003.7,2023-01-02,PORT04,V444_0,2,DTP,0,0,V555555555_14,1691700,PLANT08,PORT09,4159,23.85986929883893,2.0
1447200840.7,2023-01-31,PORT04,V444_1,1,DTD,1,0,V555555555555555555_17,1680210,PLANT03,PORT09,1271,1.9798238057956454,1.0
1447172429.7,2023-09-07,PORT04,V444_0,2,DTP,3,0,V55555_2,1674853,PLANT03,PORT09,341,3.404688427299702,2.0
1447167540.7,2023-12-09,PORT04,V444_0,2,DTP,0,0,V55555555_5,1658528,PLANT03,PORT09,355,1.4331843473501775,2.0
1447164785.7,2023-06-19,PORT04,V444_0,2,DTP,5,0,V55555555_7,1658528,PLANT03,PORT09,272,0.28663686947003547,2.0
1447403685.7,2023-11-21,PORT04,V444_0,2,DTP,5,0,V55555555_7,1683432,PLANT03,PORT09,368,7.196956680524234,2.0
1447391519.7,2023-06-25,PORT04,V444_0,2,DTP,0,0,V55555_26,1666295,PLANT03,PORT09,437,2.4157048077796968,2.0
1447387183.7,2023-11-28,PORT04,V444_1,1,DTD,5,0,V55555555555555_8,1688285,PLANT03,PORT09,300,0.9771830581879343,1.0
1447373486.7,2023-12-02,PORT04,V44_3,2,CRF,3,0,V55555_2,1696746,PLANT03,PORT09,302,0.2209715858875194,2.0
1447342388.7,2023-09-11,PORT04,V444_0,2,DTP,0,0,V5555_33,1688589,PLANT03,PORT09,338,0.3654040883320759,2.0
1447334706.7,2023-07-25,PORT04,V444_0,2,DTP,0,0,V5555_33,1689544,PLANT03,PORT09,331,1.7161945237724008,2.0
1447334353.7,2023-06-05,PORT04,V444_1,1,DTD,5,0,V55555555555555_8,1690621,PLANT03,PORT09,347,1.7169242867690695,1.0
1447330386.7,2023-06-14,PORT04,V444_1,1,DTD,5,0,V55555555555555_8,1688629,PLANT03,PORT09,379,4.484132766957024,1.0
1447323897.7,2023-11-18,PORT04,V444_0,2,DTP,3,0,V555555_6,1675615,PLANT03,PORT09,333,0.27420646387080194,2.0
1447302766.7,2023-11-05,PORT04,V444_0,2,DTP,3,0,V55555555_0,1666954,PLANT03,PORT09,1288,9.92,2.0
1447293035.7,2023-10-29,PORT04,V444_1,1,DTD,0,0,V5555555_22,1693105,PLANT03,PORT09,507,1.7769498182962955,1.0
1447255604.7,2023-07-11,PORT04,V444_0,2,DTP,3,0,V555555_6,1677891,PLANT03,PORT09,1272,3.307126903553299,2.0
1447241411.7,2023-02-05,PORT04,V444_0,2,DTP,5,0,V55555555_7,1683432,PLANT03,PORT09,729,35.996835807929024,2.0
1447231313.7,2023-06-28,PORT04,V444_1,1,DTD,5,0,V55555555555555_8,1688587,PLANT03,PORT09,276,3.648305157612521,1.0
1447213717.7,2023-01-25,PORT09,V444_0,0,DTP,3,0,V555555_6,1692722,PLANT16,PORT09,288,11.154844604699543,0.0
1447187065.7,2023-08-03,PORT04,V444_0,2,DTP,3,1,V555_15,1668555,PLANT03,PORT09,1170,5.139583333333333,2.0
1447183525.7,2023-02-11,PORT04,V444_0,2,DTP,3,0,V55555_2,1687346,PLANT03,PORT09,637,8.3485508841441,2.0
1447179942.7,2023-09-14,PORT04,V444_1,1,DTD,0,0,V555555555555555555_45,1688589,PLANT03,PORT09,313,1.8270204416603795,1.0
1447179938.7,2023-12-26,PORT04,V444_1,1,DTD,0,0,V555555555555555555_45,1690628,PLANT03,PORT09,288,0.34620088528360504,1.0
1447167728.7,2023-06-30,PORT04,V444_0,2,DTP,0,0,V55555555_5,1662317,PLANT03,PORT09,285,2.34,2.0
1447165426.7,2023-05-13,PORT04,V444_0,2,DTP,0,0,V55555_26,1623991,PLANT03,PORT09,424,0.8447011775161076,2.0
1447158073.7,2023-10-20,PORT04,V444_0,2,DTP,3,0,V55555_4,1677891,PLANT03,PORT09,3314,9.84,2.0
1447139824.7,2023-05-24,PORT04,V444_1,1,DTD,1,0,V555555555555555555_17,1679639,PLANT03,PORT09,6297,9.044310344827586,1.0
1447411612.7,2023-09-11,PORT04,V444_0,2,DTP,0,0,V55555555_5,1687346,PLANT03,PORT09,6245,118.6,2.0
1447401806.7,2023-03-29,PORT04,V444_0,2,DTP,3,0,V5555555_22,1683199,PLANT03,PORT09,677,8.246642956304877,2.0
1447389065.7,2023-09-15,PORT04,V444_0,2,DTP,3,0,V55555_2,1615677,PLANT03,PORT09,501,1.5815103671295416,2.0
1447369900.7,2023-10-23,PORT04,V444_0,2,DTP,0,0,V555555555_27,1692115,PLANT03,PORT09,354,0.36440717599477407,2.0
1447340896.7,2023-11-25,PORT04,V444_1,1,DTD,0,0,V5555555_22,1683636,PLANT03,PORT09,447,3.4021761640936226,1.0
1447317051.7,2023-12-01,PORT04,V444_0,2,DTP,0,0,V55555555_5,1689546,PLANT03,PORT09,328,3.8312720821507384,2.0
1447309589.7,2023-07-15,PORT04,V444_0,2,DTP,0,0,V5555555_30,1666295,PLANT03,PORT09,616,3.623557211669545,2.0
1447306671.7,2023-10-04,PORT04,V444_0,2,DTP,3,0,V55555_4,1650568,PLANT03,PORT09,571,2.1217765879776103,2.0
1447306546.7,2023-09-19,PORT04,V44_3,4,CRF,0,0,V555555555555555_29,1699368,PLANT03,PORT09,1873,1.9305220911475411,3.2
1447296248.7,2023-11-27,PORT04,V444_1,1,DTD,3,0,V5555555_19,1692108,PLANT03,PORT09,294,0.100637353158299,1.0
1447286375.7,2023-01-23,PORT04,V444_1,2,DTD,5,0,V55555555555555_8,1686657,PLANT12,PORT09,350,2.719137466307277,2.0
1447258860.7,2023-02-21,PORT04,V444_0,2,DTP,0,0,V5555_33,1682757,PLANT03,PORT09,270,1.6704911703737984,2.0
1447250172.7,2023-12-06,PORT04,V444_1,1,DTD,5,0,V55555555555555_8,1688633,PLANT03,PORT09,429,9.278430745644487,1.0
1447245073.7,2023-01-24,PORT04,V444_1,1,DTD,0,0,V5555555_22,1676566,PLANT03,PORT09,2859,27.392932126378124,1.0
1447243009.7,2023-09-05,PORT04,V444_1,1,DTD,5,0,V55555555555555_8,1688629,PLANT03,PORT09,328,1.7936531067828096,1.0
1447232395.7,2023-10-19,PORT04,V444_0,2,DTP,0,0,V5555_33,1688629,PLANT03,PORT09,257,0.17936531067828096,2.0
1447228913.7,2023-02-11,PORT04,V444_0,2,DTP,3,1,V555_15,1681878,PLANT08,PORT09,1122,3.0977760466629154,2.0
1447220930.7,2023-01-01,PORT04,V444_0,2,DTP,3,0,V55555_4,1696074,PLANT03,PORT09,512,1.8646211685396417,2.0
1447211862.7,2023-03-30,PORT04,V444_1,1,DTD,1,0,V555555555555555555_17,1662552,PLANT03,PORT09,525,0.9173524559680362,1.0
1447209473.7,2023-06-14,PORT04,V444_0,2,DTP,0,0,V555555555_27,1677878,PLANT03,PORT09,374,0.2974503451190301,2.0
1447194894.7,2023-10-02,PORT04,V444_0,2,DTP,3,0,V555555555_3,1682832,PLANT03,PORT09,342,8.903225183661748,2.0
1447191443.7,2023-10-09,PORT04,V444_0,2,DTP,3,0,V55555_4,1667817,PLANT03,PORT09,608,5.8978600823045255,2.0
1447183408.7,2023-01-21,PORT04,V444_0,2,DTP,3,0,V55555_2,1664051,PLANT03,PORT09,30241,377.12,2.0
1447173734.7,2023-01-14,PORT04,V444_0,2,DTP,0,0,V555555555_27,1699952,PLANT03,PORT09,1250,36.8800590160208,2.0
1447170835.7,2023-07-27,PORT04,V444_1,1,DTD,0,0,V5555555_22,1675655,PLANT03,PORT09,744,3.92,1.0
1447167558.7,2023-11-28,PORT04,V444_0,2,DTP,3,0,V555555_6,1671939,PLANT03,PORT09,771,51.47371359594932,2.0
1447164180.7,2023-01-29,PORT04,V444_0,2,DTP,5,0,V55555555_7,1669701,PLANT03,PORT09,907,6.11,2.0
1447159822.7,2023-03-09,PORT04,V444_0,3,DTD,0,0,V555555555555555555_42,1671426,PLANT03,PORT09,9286,5.757418559817775,3.0
1447158839.7,2023-03-14,PORT04,V444_1,1,DTD,3,3,V555555555555555_44,1699952,PLANT03,PORT09,468,7.37601180320416,1.0
1447158129.7,2023-11-03,PORT04,V444_0,2,DTP,3,0,V55555_2,1615677,PLANT03,PORT09,1406,8.02,2.0
1447154207.7,2023-12-07,PORT04,V444_1,1,DTD,0,0,V55555555555555_8,1688290,PLANT03,PORT09,264,0.5970224068932273,1.0
1447152843.7,2023-12-19,PORT04,V444_0,2,DTP,0,0,V555555555_27,1656246,PLANT03,PORT09,1305,4.096305732484077,2.0
1447418032.7,2023-06-27,PORT04,V444_0,2,DTP,3,0,V55555_2,1674853,PLANT03,PORT09,420,8.06,2.0
1447407431.7,2023-03-23,PORT04,V444_0,2,DTP,0,0,V55555_26,1675654,PLANT03,PORT09,1364,9.58,2.0
1447377497.7,2023-11-14,PORT04,V444_0,2,DTP,0,0,V5555_36,1682682,PLANT03,PORT09,34315,64.38990320437559,2.0
1447355230.7,2023-07-20,PORT04,V444_0,2,DTP,3,0,V555555_6,1662317,PLANT03,PORT09,326,1.3260431654676261,2.0
1447344911.7,2023-05-10,PORT04,V444_1,1,DTD,5,0,V55555555555555_8,1690628,PLANT03,PORT09,277,0.6924017705672101,1.0
1447335403.7,2023-06-18,PORT04,V444_1,1,DTD,0,0,V5555555_22,1672661,PLANT03,PORT09,673,7.356683683022121,1.0
1447308839.7,2023-02-16,PORT04,V444_0,2,DTP,0,0,V555555555555555_29,1682760,PLANT03,PORT09,328,4.2701211340017595,2.0
1447296258.7,2023-02-26,PORT04,V444_0,2,DTP,3,0,V55555555_0,1693865,PLANT03,PORT09,349,0.36389011820164585,2.0
1447283692.7,2023-09-30,PORT04,V444_0,2,DTP,0,0,V55555_26,1663341,PLANT03,PORT09,249,0.8108870967741935,2.0
1447281061.7,2023-04-15,PORT04,V444_0,2,DTP,5,0,V55555555_7,1692998,PLANT03,PORT09,442,8.66,2.0
1447269620.7,2023-06-16,PORT04,V444_1,1,DTD,1,0,V555555555555555555_17,1697080,PLANT03,PORT09,297,0.08888671165040826,1.0
1447266959.7,2023-10-31,PORT04,V444_0,2,DTP,3,0,V555555_6,1672661,PLANT03,PORT09,490,4.179933910808023,2.0
1447266823.7,2023-10-22,PORT04,V444_0,2,DTP,3,0,V55555_2,1667817,PLANT03,PORT09,4942,78.98,2.0
1447226284.7,2023-03-13,PORT04,V444_1,1,DTD,0,0,V5555555_22,1675655,PLANT03,PORT09,465,2.58542559211058,1.0
1447221485.7,2023-02-20,PORT04,V444_1,1,DTD,3,0,V5555555_19,1678493,PLANT03,PORT09,4594,43.95732215056997,1.0
1447220211.7,2023-08-24,PORT04,V444_0,2,DTP,0,3,V555555555_27,1699952,PLANT03,PORT09,525,9.031376052357658,2.0
1447213235.7,2023-01-05,PORT04,V444_0,2,DTP,0,0,V5555_33,1677891,PLANT03,PORT09,2990,8.955699654822334,2.0
1447200636.7,2023-05-11,PORT04,V444_0,2,DTP,5,0,V55555555_7,1688589,PLANT03,PORT09,321,7.308081766641518,2.0
1447174473.7,2023-09-04,PORT04,V444_0,2,DTP,5,0,V55555555_7,1669701,PLANT03,PORT09,929,6.11,2.0
1447172422.7,2023-03-01,PORT04,V444_0,2,DTP,3,0,V55555_2,1680210,PLANT03,PORT09,344,0.019798238057956455,2.0
1447154404.7,2023-10-08,PORT04,V444_0,2,DTP,3,0,V555555_6,1672722,PLANT03,PORT09,800,34.28,2.0
1447418982.7,2023-03-06,PORT04,V444_0,2,DTP,5,0,V55555555_7,1682784,PLANT03,PORT09,448,16.602383970733197,2.0
1447405812.7,2023-07-12,PORT04,V444_1,1,DTD,0,0,V5555555_22,1656353,PLANT03,PORT09,445,5.6560906147517676,1.0
1447398886.7,2023-12-17,PORT04,V444_0,2,DTP,3,0,V5555555_12,1683197,PLANT03,PORT09,290,0.2607952232324603,2.0
1447373503.7,2023-02-25,PORT04,V44_3,2,CRF,3,0,V55555_2,1677878,PLANT03,PORT09,290,0.07436258627975753,2.0
1447281073.7,2023-04-03,PORT04,V444_0,2,DTP,0,0,V555555_24,1662552,PLANT03,PORT09,793,2.2933811399200903,2.0
1447220220.7,2023-11-21,PORT04,V444_0,2,DTP,0,0,V55555555_5,1682805,PLANT03,PORT09,866,48.54898487973945,2.0
1447177981.7,2023-11-27,PORT04,V444_0,2,DTP,3,0,V55555_2,1677878,PLANT03,PORT09,587,0.9667136216368479,2.0
1447163972.7,2023-06-17,PORT04,V444_0,2,DTP,0,0,V5555_33,1688587,PLANT03,PORT09,335,0.3648305157612521,2.0
1447410816.7,2023-06-10,PORT04,V444_0,2,DTP,3,0,V55555_2,1664051,PLANT03,PORT09,3647,44.71830596887658,2.0
1447392970.7,2023-06-24,PORT04,V44_3,2,CRF,3,0,V55555_2,1700094,PLANT03,PORT09,266,0.1890507152145644,2.0
1447367913.7,2023-08-22,PORT04,V444_0,2,DTP,3,0,V5555555_22,1683199,PLANT03,PORT09,1781,28.121555868900284,2.0
1447361236.7,2023-03-25,PORT04,V444_0,2,DTP,3,0,V55555555_5,1695348,PLANT03,PORT09,806,1.759446949976469,2.0
1447355239.7,2023-07-05,PORT04,V444_0,2,DTP,3,0,V555555555_3,1688610,PLANT03,PORT09,311,0.7432791146130358,2.0
1447344824.7,2023-04-29,PORT04,V44_3,0,CRF,0,0,V555555555555555_29,1699537,PLANT03,PORT09,3921,8.575900682378379,1.4
1447332328.7,2023-10-03,PORT04,V444_1,1,DTD,5,0,V55555555555555_8,1688629,PLANT03,PORT09,350,8.968265533914048,1.0
1447328140.7,2023-06-09,PORT04,V444_1,1,DTD,5,0,V55555555555555_8,1688285,PLANT03,PORT09,297,1.1726196698255211,1.0
1447321393.7,2023-09-09,PORT04,V444_0,2,DTP,3,1,V555_15,1689469,PLANT03,PORT09,1306,19.38,2.0
1447320234.7,2023-07-23,PORT09,V44_3,1,CRF,3,0,V55555_53,1700035,PLANT16,PORT09,1294,16.4,1.0
1447308935.7,2023-11-24,PORT04,V444_0,2,DTP,3,0,V55555_2,1664051,PLANT03,PORT09,924,7.256009379663185,2.0
1447305015.7,2023-06-07,PORT04,V44_3,2,CRF,3,0,V55555_2,1672722,PLANT03,PORT09,319,0.766561673176263,2.0
1447268288.7,2023-10-20,PORT04,V444_1,1,DTD,5,0,V55555555555555_8,1688629,PLANT03,PORT09,481,18.936531067828096,1.0
1447266916.7,2023-02-27,PORT04,V444_0,2,DTP,3,0,V555555_6,1660578,PLANT03,PORT09,693,41.34,2.0
1447265692.7,2023-08-28,PORT04,V444_0,2,DTP,0,0,V555555555_27,1656246,PLANT03,PORT09,1282,4.096305732484077,2.0
1447260488.7,2023-07-31,PORT04,V444_0,2,DTP,3,0,V555555_6,1689012,PLANT03,PORT09,318,0.1558336017813832,2.0
1447248803.7,2023-05-31,PORT04,V444_1,2,DTD,5,0,V55555555555555_8,1666961,PLANT12,PORT09,332,24.6,2.0
1447233207.7,2023-01-21,PORT04,V444_0,3,DTP,0,0,V55555555_5,1684862,PLANT03,PORT09,192269,297.5,2.98
1447223641.7,2023-10-02,PORT04,V444_1,1,DTD,0,0,V5555555_22,1683636,PLANT03,PORT09,282,0.7468191579717708,1.0
1447209633.7,2023-05-19,PORT04,V444_0,2,DTP,0,0,V555555555_27,1676853,PLANT03,PORT09,419,0.4094519442779987,2.0
1447192269.7,2023-06-02,PORT04,V444_1,1,DTD,1,0,V555555555555555555_17,1676853,PLANT03,PORT09,375,0.264162544695483,1.0
1447172339.7,2023-03-01,PORT04,V444_1,1,DTD,5,0,V55555555555555_8,1689541,PLANT03,PORT09,407,13.585650446871886,1.0
1447170383.7,2023-10-22,PORT04,V444_0,2,DTP,3,1,V555_15,1672344,PLANT08,PORT09,781,3.386578227180419,2.0
1447162915.7,2023-06-30,PORT04,V444_0,2,DTP,0,3,V555555555_27,1676942,PLANT03,PORT09,2284,3.3114089347079037,2.0
1447156764.7,2023-06-05,PORT04,V444_0,2,DTP,0,0,V5555555_30,1672706,PLANT03,PORT09,396,8.04,2.0
1447149002.7,2023-04-19,PORT04,V444_0,2,DTP,0,0,V55555555555_28,1676592,PLANT03,PORT09,49268,24.64,2.0
1447418962.7,2023-07-22,PORT04,V444_0,2,DTP,5,0,V55555555_7,1682784,PLANT03,PORT09,322,4.106905508549791,2.0
1447410672.7,2023-08-05,PORT04,V444_0,2,DTP,0,0,V5555_33,1683419,PLANT03,PORT09,255,1.4839640786519042,2.0
1447410492.7,2023-05-30,PORT04,V444_0,2,DTP,0,0,V5555_33,1688290,PLANT03,PORT09,254,0.19900746896440907,2.0
1447389057.7,2023-01-08,PORT04,V444_0,2,DTP,3,0,V55555_2,1689031,PLANT03,PORT09,968,14.76,2.0
1447386296.7,2023-05-10,PORT04,V44_3,0,CRF,0,0,V5555555_30,1699799,PLANT03,PORT09,2745,2.0957958942676056,0.0
1447373509.7,2023-02-10,PORT04,V44_3,2,CRF,3,0,V55555_2,1649008,PLANT03,PORT09,423,1.297699115044248,2.0
1447322278.7,2023-11-13,PORT04,V444_1,1,DTD,3,0,V5555555_19,1697084,PLANT03,PORT09,1264,3.8850250824932235,1.0
1447320772.7,2023-09-12,PORT04,V44_3,0,CRF,0,0,V555555555555555_29,1699368,PLANT03,PORT09,1870,1.9305220911475411,1.48
1447305603.7,2023-01-18,PORT04,V444_0,2,DTP,3,0,V55555555_5,1666994,PLANT12,PORT09,432,75.9047429965287,2.0
1447284627.7,2023-07-15,PORT04,V444_0,2,DTP,0,0,V5555_33,1688633,PLANT03,PORT09,303,0.18556861491288973,2.0
1447283445.7,2023-05-24,PORT04,V444_0,2,DTP,0,0,V555555555_14,1691700,PLANT08,PORT09,4118,23.85986929883893,2.0
1447282663.7,2023-01-30,PORT04,V444_0,2,DTP,0,0,V555555555555555_29,1688571,PLANT03,PORT09,319,4.40449246755705,2.0
1447282164.7,2023-02-22,PORT04,V444_0,2,DTP,3,0,V555555555_3,1688575,PLANT03,PORT09,1089,70.34727428947717,2.0
1447236402.7,2023-08-26,PORT04,V444_0,2,DTP,0,0,V5555_33,1688288,PLANT03,PORT09,293,1.9188388443015318,2.0
1447232563.7,2023-03-21,PORT04,V444_0,2,DTP,0,0,V55_13,1663396,PLANT03,PORT09,591,14.445706719029689,2.0
1447206417.7,2023-05-03,PORT04,V444_0,2,DTP,0,0,V5555_33,1688629,PLANT03,PORT09,253,1.3452398300871071,2.0
1447206385.7,2023-01-14,PORT04,V444_0,2,DTP,0,0,V555555555_14,1696747,PLANT03,PORT09,1231,47.12944389438285,2.0
1447182471.7,2023-07-10,PORT04,V44_3,4,CRF,0,0,V555555555555555_29,1699576,PLANT03,PORT09,5446,6.3143139080024895,3.84
1447162862.7,2023-02-24,PORT04,V444_0,2,DTP,0,3,V555555555_27,1654766,PLANT03,PORT09,1382,17.68,2.0
1447146800.7,2023-12-09,PORT04,V444_0,2,DTP,0,0,V555555555_14,1696482,PLANT03,PORT09,496,3.16,2.0
1447408978.7,2023-01-15,PORT04,V444_0,2,DTP,0,0,V5555_33,1689547,PLANT03,PORT09,335,0.43191763123882965,2.0
1447406584.7,2023-09-22,PORT04,V444_0,2,DTP,0,0,V555555555_14,1696758,PLANT03,PORT09,469,11.994493132055432,2.0
1447404680.7,2023-05-10,PORT04,V444_0,2,DTP,0,0,V5555_33,1688292,PLANT03,PORT09,338,0.6576112075199229,2.0
1447400256.7,2023-09-29,PORT04,V444_0,2,DTP,0,0,V55555555555_28,1700140,PLANT03,PORT09,17111,10.792175506474926,2.0
1447387041.7,2023-01-11,PORT04,V444_1,1,DTD,0,0,V55555555555555_8,1688587,PLANT03,PORT09,248,0.9120762894031302,1.0
1447364867.7,2023-02-11,PORT04,V444_1,1,DTD,5,0,V55555555555555_8,1688288,PLANT03,PORT09,289,1.0660215801675177,1.0
1447362095.7,2023-05-17,PORT04,V444_1,1,DTD,1,0,V555555555555555555_17,1677878,PLANT03,PORT09,1247,3.718129313987877,1.0
1447334861.7,2023-03-19,PORT04,V444_0,2,DTP,0,0,V555555555555555_29,1688571,PLANT03,PORT09,458,17.6179698702282,2.0
1447332267.7,2023-10-01,PORT04,V444_0,2,DTP,3,0,V555555_6,1657475,PLANT03,PORT09,495,6.438260869565217,2.0
1447329901.7,2023-08-31,PORT04,V444_1,1,DTD,3,0,V5555_20,1697084,PLANT03,PORT09,4347,15.695501333272622,1.0
1447327249.7,2023-02-23,PORT04,V444_0,2,DTP,0,0,V555555555555555_29,1688575,PLANT03,PORT09,289,4.521704643092323,2.0
1447302769.7,2023-08-31,PORT04,V444_0,2,DTP,0,0,V5555555_30,1668346,PLANT03,PORT09,372,5.5,2.0
1447297955.7,2023-09-11,PORT04,V444_1,1,DTD,5,0,V55555555555555_8,1676565,PLANT03,PORT09,564,4.144320797247599,1.0
1447290448.7,2023-07-11,PORT04,V444_0,2,DTP,0,0,V555555555_27,1655818,PLANT03,PORT09,990,2.2535178873857853,2.0
1447283669.7,2023-06-25,PORT04,V444_0,2,DTP,0,0,V55555_26,1651302,PLANT03,PORT09,1567,4.56,2.0
1447283664.7,2023-08-28,PORT04,V444_0,2,DTP,0,0,V55555_26,1656839,PLANT03,PORT09,294,0.8178770949720672,2.0
1447281385.7,2023-07-20,PORT04,V444_0,2,DTP,3,0,V55555_2,1676566,PLANT03,PORT09,431,1.4693526811084052,2.0
1447276645.7,2023-01-15,PORT04,V444_0,2,DTP,0,0,V55_13,1672986,PLANT08,PORT09,767,3.042107920985247,2.0
1447266889.7,2023-11-21,PORT04,V444_0,2,DTP,3,0,V555555_6,1667817,PLANT03,PORT09,672,5.8978600823045255,2.0
1447240821.7,2023-08-28,PORT04,V44_3,2,CRF,3,0,V55555_2,1672085,PLANT03,PORT09,334,2.83363462724315,2.0
1447232860.7,2023-11-01,PORT04,V444_0,2,DTP,0,3,V555555555_27,1676942,PLANT03,PORT09,4327,6.622817869415807,2.0
1447230017.7,2023-05-16,PORT04,V444_0,2,DTP,5,0,V55555555_7,1687346,PLANT03,PORT09,336,0.667884070731528,2.0
1447205250.7,2023-12-12,PORT04,V444_0,2,DTP,3,0,V55555_2,1669584,PLANT03,PORT09,434,2.066817006272985,2.0
1447198332.7,2023-02-27,PORT04,V444_0,2,DTP,0,0,V555555555_14,1683191,PLANT03,PORT09,581,7.02,2.0
1447185804.7,2023-03-04,PORT04,V444_0,2,DTP,0,0,V55555_26,1660885,PLANT03,PORT09,442,1.7650607485297343,2.0
1447167208.7,2023-02-25,PORT04,V444_0,2,DTP,0,0,V555555555_14,1691700,PLANT08,PORT09,4113,23.85986929883893,2.0
1447162159.7,2023-10-15,PORT04,V444_1,1,DTD,0,0,V55555555555555_8,1688290,PLANT03,PORT09,308,2.985112034466136,1.0
1447409161.7,2023-10-27,PORT04,V444_0,2,DTP,0,0,V5555_33,1689544,PLANT03,PORT09,361,9.33180772301243,2.0
1447396726.7,2023-02-19,PORT04,V444_0,2,DTP,0,0,V55555_26,1664069,PLANT03,PORT09,13440,82.27278605040682,2.0
1447384426.7,2023-03-25,PORT04,V444_0,2,DTP,0,0,V5555_33,1688575,PLANT03,PORT09,318,1.4469454857895434,2.0
1447377759.7,2023-12-13,PORT04,V444_0,2,DTP,0,0,V555555_24,1660885,PLANT03,PORT09,1051,5.68,2.0
1447373426.7,2023-11-23,PORT04,V444_0,2,DTP,3,0,V55555_2,1664061,PLANT03,PORT09,1376,13.470607978253376,2.0
1447367964.7,2023-04-23,PORT04,V444_0,2,DTP,0,0,V55555_26,1666466,PLANT03,PORT09,444,2.68,2.0
1447365978.7,2023-08-31,PORT09,V44_3,1,CRF,3,0,V55555_53,1702652,PLANT16,PORT09,605,46.35,1.0
1447343586.7,2023-12-01,PORT04,V444_0,2,DTP,3,1,V555_15,1680210,PLANT03,PORT09,304,0.019798238057956455,2.0
1447335426.7,2023-09-01,PORT04,V444_1,1,DTD,0,0,V5555555_22,1672661,PLANT03,PORT09,1392,23.201817343578455,1.0
1447318859.7,2023-06-28,PORT04,V444_0,2,DTP,0,0,V55555555555_28,1676592,PLANT03,PORT09,87772,49.2,2.0
1447305229.7,2023-09-21,PORT04,V444_0,2,DTP,0,0,V55555555_5,1660885,PLANT03,PORT09,7320,59.4,2.0
1447289868.7,2023-11-10,PORT04,V444_0,2,DTP,5,0,V55555555_7,1699369,PLANT09,PORT09,3329,8.018367116215119,2.0
1447287921.7,2023-07-06,PORT04,V444_0,2,DTP,0,0,V555555555_14,1660885,PLANT03,PORT09,557,2.6475911227946014,2.0
1447275866.7,2023-09-14,PORT04,V444_0,2,DTP,3,0,V55555_2,1689032,PLANT03,PORT09,744,10.52,2.0
1447269493.7,2023-09-26,PORT04,V444_1,1,DTD,3,0,V5555555_19,1695349,PLANT03,PORT09,322,0.42487528304761973,1.0
1447250701.7,2023-10-19,PORT04,V444_1,1,DTD,5,0,V55555555555555_8,1688589,PLANT03,PORT09,433,9.135102208301896,1.0
1447241404.7,2023-10-18,PORT04,V444_0,2,DTP,5,0,V55555555_7,1680562,PLANT03,PORT09,568,3.18862001295202,2.0
1447241229.7,2023-12-01,PORT09,V44_3,1,CRF,3,0,V55555_53,1696799,PLANT16,PORT09,2978,504.67999999999995,1.0
1447236710.7,2023-01-17,PORT04,V444_0,2,DTP,0,0,V555555_24,1674853,PLANT03,PORT09,322,4.364985163204746,2.0
1447225206.7,2023-11-01,PORT04,V444_1,1,DTD,5,0,V55555555555555_8,1688633,PLANT03,PORT09,379,9.278430745644487,1.0
1447205703.7,2023-03-10,PORT04,V444_1,1,DTD,0,0,V5555555_22,1672651,PLANT03,PORT09,410,1.7122070742893214,1.0
1447204934.7,2023-02-25,PORT04,V444_0,2,DTP,5,0,V55555555_7,1683409,PLANT03,PORT09,298,0.18764892407159026,2.0
1447200804.7,2023-04-16,PORT04,V444_1,1,DTD,0,0,V555555555555555555_45,1688589,PLANT03,PORT09,332,0.9135102208301897,1.0
1447185818.7,2023-01-12,PORT04,V444_0,2,DTP,0,0,V55555_26,1677891,PLANT03,PORT09,2303,5.96,2.0
1447179941.7,2023-12-28,PORT04,V444_1,1,DTD,0,0,V555555555555555555_45,1688571,PLANT03,PORT09,282,1.233257890915974,1.0
1447172425.7,2023-10-28,PORT04,V444_0,2,DTP,3,0,V55555_2,1651302,PLANT03,PORT09,418,0.6639604398848624,2.0
1447172382.7,2023-04-21,PORT04,V444_0,2,DTP,3,0,V55555_2,1651302,PLANT03,PORT09,1408,4.52,2.0
1447165380.7,2023-03-05,PORT04,V444_0,2,DTP,0,0,V5555555_30,1674120,PLANT03,PORT09,844,37.44,2.0
1447164688.7,2023-08-13,PORT04,V444_0,2,DTP,3,0,V555555555_3,1680249,PLANT12,PORT09,280,1.0821613744014777,2.0
1447158693.7,2023-05-22,PORT04,V444_1,1,DTD,0,0,V555555555555555555_45,1689547,PLANT03,PORT09,1301,67.98627187313828,1.0
1447147915.7,2023-05-12,PORT04,V444_0,2,DTP,0,0,V5555_33,1682757,PLANT03,PORT09,362,3.257457782228907,2.0
1447138689.7,2023-02-24,PORT04,V444_0,2,DTP,3,0,V555555_6,1696073,PLANT03,PORT09,310,0.18815084560623446,2.0
1447133756.7,2023-09-06,PORT04,V444_0,2,DTP,0,0,V55555_26,1664067,PLANT03,PORT09,3929,30.498108413508778,2.0
1447419381.7,2023-06-25,PORT04,V444_1,1,DTD,0,0,V5555555_22,1672676,PLANT03,PORT09,338,0.6612831299957932,1.0
1447405852.7,2023-05-12,PORT04,V444_1,1,DTD,0,0,V5555555_22,1683634,PLANT03,PORT09,604,6.977809023704471,1.0
1447391469.7,2023-12-27,PORT04,V444_0,2,DTP,3,0,V55555_4,1689145,PLANT03,PORT09,256,0.07153838722587946,2.0
1447389218.7,2023-05-28,PORT04,V444_0,2,DTP,0,0,V55555555_5,1667817,PLANT03,PORT09,637,5.8978600823045255,2.0
1447363527.7,2023-08-17,PORT09,V44_3,1,CRF,3,0,V55555_53,1700106,PLANT16,PORT09,847,16.16,1.0
1447343989.7,2023-06-05,PORT04,V444_1,2,DTD,5,0,V55555555555555_8,1657013,PLANT12,PORT09,428,83.025,2.0
1447302795.7,2023-11-10,PORT04,V444_0,2,DTP,5,0,V55555555_7,1688589,PLANT03,PORT09,293,0.2740530662490569,2.0
1447296414.7,2023-06-25,PORT04,V444_1,1,DTD,0,0,V555555555555555555_46,1692333,PLANT03,PORT09,5794,1.4957059844381142,1.0
1447291625.7,2023-09-20,PORT04,V444_0,2,DTP,3,0,V555555_6,1672085,PLANT03,PORT09,307,0.56672692544863,2.0
1447286521.7,2023-07-16,PORT04,V444_0,2,DTP,3,0,V5555555_22,1676566,PLANT03,PORT09,786,5.037780620943104,2.0
1447281334.7,2023-01-27,PORT04,V444_0,2,DTP,5,0,V55555555_7,1699283,PLANT03,PORT09,2828,12.763034238274194,2.0
1447269696.7,2023-09-16,PORT04,V444_0,2,DTP,3,0,V55555555_5,1696074,PLANT03,PORT09,402,0.8879148421617342,2.0
1447266860.7,2023-11-29,PORT04,V444_0,2,DTP,0,0,V55555_26,1667817,PLANT03,PORT09,1355,17.42,2.0
1447255517.7,2023-12-10,PORT04,V444_0,2,DTP,3,0,V555555_6,1650880,PLANT03,PORT09,1332,9.36,2.0
1447237193.7,2023-12-21,PORT04,V444_0,2,DTP,3,0,V555555555_3,1689547,PLANT03,PORT09,690,28.79450874925531,2.0
1447234280.7,2023-12-26,PORT04,V444_1,1,DTD,1,0,V555555555555555555_17,1676853,PLANT03,PORT09,1326,2.6416254469548304,1.0
1447228700.7,2023-02-22,PORT04,V444_0,2,DTP,0,0,V5555_33,1682805,PLANT03,PORT09,264,0.6014048235969602,2.0
1447226253.7,2023-03-15,PORT04,V444_1,1,DTD,0,0,V5555555_22,1660585,PLANT03,PORT09,452,19.525546328492524,1.0
1447213013.7,2023-01-05,PORT04,V444_0,3,DTP,0,0,V55555555_5,1678427,PLANT03,PORT09,1591,3.4107710344482967,2.69
1447192907.7,2023-11-01,PORT04,V444_0,2,DTP,0,0,V555555555_14,1691700,PLANT08,PORT09,4106,23.85986929883893,2.0
1447184515.7,2023-11-23,PORT04,V444_0,2,DTP,0,0,V555555555_27,1672720,PLANT03,PORT09,530,15.4,2.0
1447174474.7,2023-02-05,PORT04,V444_0,2,DTP,0,0,V55555555555_28,1674598,PLANT03,PORT09,31772,13.650314291630425,2.0
1447174176.7,2023-11-13,PORT04,V444_0,2,DTP,3,0,V555555555_3,1685952,PLANT12,PORT09,275,0.8285714285714285,2.0
1447172379.7,2023-03-30,PORT04,V444_0,2,DTP,3,0,V55555_2,1689033,PLANT03,PORT09,1583,25.4,2.0
1447168476.7,2023-04-03,PORT04,V444_1,1,DTD,5,0,V55555555555555_8,1688292,PLANT03,PORT09,264,2.192037358399743,1.0
1447163977.7,2023-10-06,PORT04,V444_0,2,DTP,0,0,V5555_33,1688629,PLANT03,PORT09,275,1.7936531067828096,2.0
1447163359.7,2023-08-18,PORT04,V444_0,2,DTP,3,0,V555555_6,1697080,PLANT03,PORT09,1332,5.925780776693884,2.0
1447159949.7,2023-06-10,PORT04,V444_0,2,DTP,0,0,V555555555_14,1693618,PLANT03,PORT09,4295,40.44466211829831,2.0
1447158698.7,2023-06-03,PORT04,V444_1,1,DTD,0,0,V555555555555555555_45,1682736,PLANT03,PORT09,720,37.6764705882353,1.0
1447137216.7,2023-01-05,PORT04,V444_0,2,DTP,0,0,V55_13,1663396,PLANT03,PORT09,515,8.937979073647131,2.0
1447423170.7,2023-08-14,PORT04,V444_0,2,DTP,5,0,V55555555_7,1687346,PLANT03,PORT09,292,1.1270543693594535,2.0
1447408416.7,2023-01-28,PORT04,V444_0,2,DTP,5,0,V55555555_7,1682784,PLANT03,PORT09,263,1.485476460539286,2.0
1447404203.7,2023-05-14,PORT04,V444_0,2,DTP,3,0,V555555_6,1672664,PLANT03,PORT09,573,8.947328590888453,2.0
1447404097.7,2023-09-21,PORT04,V444_0,2,DTP,3,0,V55555_4,1696758,PLANT03,PORT09,288,0.11994493132055431,2.0
1447390675.7,2023-03-05,PORT04,V444_0,2,DTP,0,0,V555555555_14,1696756,PLANT03,PORT09,307,3.4479830148619954,2.0
1447386482.7,2023-04-28,PORT04,V444_0,2,DTP,3,1,V555_15,1677878,PLANT03,PORT09,373,0.31232286237498164,2.0
1447377496.7,2023-05-29,PORT04,V444_0,2,DTP,0,0,V5555_36,1682681,PLANT03,PORT09,44238,89.49592487047187,2.02
1447360774.7,2023-03-01,PORT04,V444_0,2,DTP,0,0,V555555555555555_29,1688589,PLANT03,PORT09,318,4.567551104150948,2.0
1447326316.7,2023-07-02,PORT04,V444_1,1,DTD,5,0,V55555555555555_8,1688575,PLANT03,PORT09,757,48.21704643092323,1.0
1447322539.7,2023-12-16,PORT04,V444_0,2,DTP,3,0,V55555555_5,1700130,PLANT03,PORT09,98557,94.79291550927923,2.05
1447306325.7,2023-11-02,PORT04,V444_1,1,DTD,0,0,V5555555_22,1683634,PLANT03,PORT09,629,6.281961032420923,1.0
1447301174.7,2023-04-20,PORT04,V444_0,2,DTP,3,0,V55555555_5,1700130,PLANT03,PORT09,157168,143.4963843705803,2.02
1447284911.7,2023-08-06,PORT04,V444_1,1,DTD,0,0,V5555555_22,1672651,PLANT03,PORT09,546,3.5407777361517034,1.0
1447266859.7,2023-05-20,PORT04,V444_0,2,DTP,3,0,V55555_2,1664061,PLANT03,PORT09,15279,192.94,2.0
1447265530.7,2023-06-18,PORT04,V444_0,2,DTP,5,0,V55555555_7,1669409,PLANT03,PORT09,766,4.5868523676880235,2.0
1447251099.7,2023-12-30,PORT04,V444_0,2,DTP,5,0,V55555555_7,1660585,PLANT03,PORT09,1023,83.24885416240537,2.0
1447220218.7,2023-02-11,PORT04,V444_0,2,DTP,0,0,V55555555_5,1689547,PLANT03,PORT09,365,3.455341049910637,2.01
1447208858.7,2023-07-25,PORT04,V444_0,2,DTP,0,3,V555555555_27,1660885,PLANT03,PORT09,616,3.1771093473535217,2.0
1447189693.7,2023-01-18,PORT04,V444_0,2,DTP,3,0,V55555555_5,1695348,PLANT03,PORT09,1278,3.518893899952938,2.0
1447187884.7,2023-05-02,PORT04,V444_0,2,DTP,0,0,V5555_33,1688575,PLANT03,PORT09,264,0.5426045571710788,2.0
1447185360.7,2023-09-17,PORT04,V444_0,2,DTP,3,0,V555555_6,1685214,PLANT03,PORT09,349,1.0625,2.0
1447162834.7,2023-12-08,PORT04,V444_0,2,DTP,5,0,V55555555_7,1682784,PLANT03,PORT09,350,4.543810349884875,2.0
1447155768.7,2023-07-03,PORT04,V444_0,2,DTP,0,0,V55555_26,1662238,PLANT03,PORT09,294,1.0438095238095237,2.0
1447404476.7,2023-05-05,PORT04,V444_1,1,DTD,0,0,V5555555_22,1651366,PLANT03,PORT09,547,11.06262717508475,1.0
1447360532.7,2023-08-06,PORT04,V444_0,2,DTP,0,0,V5555_33,1689549,PLANT03,PORT09,299,2.1085579659150233,2.0
1447353624.7,2023-11-18,PORT04,V44_3,4,CRF,0,0,V555555555555_31,1684560,PLANT03,PORT09,3261,1.3371930688561289,4.0
1447336248.7,2023-05-03,PORT04,V444_0,2,DTP,3,0,V55555555_0,1656246,PLANT03,PORT09,1276,4.096305732484077,2.0
1447327259.7,2023-01-27,PORT04,V444_0,2,DTP,0,0,V555555555555555_29,1688571,PLANT03,PORT09,305,4.40449246755705,2.0
1447322251.7,2023-03-05,PORT04,V444_1,1,DTD,5,0,V55555555555555_8,1683388,PLANT03,PORT09,245,0.29426470588235304,1.0
1447297873.7,2023-05-09,PORT04,V444_0,3,DTD,0,0,V555555555555555555_42,1671426,PLANT03,PORT09,15248,9.595697599696292,3.0
1447267013.7,2023-03-29,PORT04,V444_0,2,DTP,3,0,V555555_6,1696073,PLANT03,PORT09,361,0.6487960193318429,2.0
1447254397.7,2023-06-11,PORT04,V44_3,0,CRF,3,0,V55555555_32,1699285,PLANT03,PORT09,2071,20.14,0.0
1447232839.7,2023-09-13,PORT04,V444_0,2,DTP,0,3,V555555555_27,1676942,PLANT03,PORT09,2305,3.3114089347079037,2.0
1447227081.7,2023-05-23,PORT04,V444_0,2,DTP,0,0,V5555555_30,1666295,PLANT03,PORT09,1010,5.999999999999999,2.0
1447226319.7,2023-05-26,PORT04,V444_0,2,DTP,3,0,V555555_6,1660563,PLANT03,PORT09,747,4.44,2.0
1447211236.7,2023-07-09,PORT04,V444_0,2,DTP,0,0,V55555555555_28,1666470,PLANT03,PORT09,6278,6.979500935605835,2.0
1447206104.7,2023-05-26,PORT04,V444_0,2,DTP,3,0,V55555555_0,1689554,PLANT03,PORT09,372,1.9421720733427363,2.0
1447180471.7,2023-02-09,PORT04,V444_1,1,DTD,5,0,V55555555555555_8,1676565,PLANT03,PORT09,394,1.8837821805670905,1.0
1447172851.7,2023-04-12,PORT04,V444_0,2,DTP,0,0,V555555555_14,1689469,PLANT03,PORT09,1314,19.416436242042316,2.0
1447147785.7,2023-06-02,PORT04,V444_1,1,DTD,5,0,V55555555555555_8,1650905,PLANT03,PORT09,650,6.436571428571427,1.0
1447133758.7,2023-12-28,PORT04,V444_0,2,DTP,0,0,V55555_26,1664067,PLANT03,PORT09,17653,134.7408573319591,2.0
1447407054.7,2023-04-19,PORT04,V444_0,2,DTP,0,0,V55555555_5,1666994,PLANT12,PORT09,766,259.39977379574884,2.0
1447369410.7,2023-07-04,PORT04,V444_1,1,DTD,5,0,V55555555555555_8,1688629,PLANT03,PORT09,405,8.968265533914048,1.0
1447367929.7,2023-10-24,PORT04,V444_0,2,DTP,0,0,V55555_26,1666466,PLANT03,PORT09,336,2.24,2.0
1447355124.7,2023-01-26,PORT04,V444_0,2,DTP,3,0,V555555_6,1649002,PLANT03,PORT09,590,3.04,2.0
1447353788.7,2023-12-12,PORT04,V444_0,2,DTP,3,0,V555555_6,1676564,PLANT03,PORT09,814,7.74,2.0
1447350618.7,2023-10-28,PORT04,V444_0,2,DTP,3,0,V5555555_12,1669409,PLANT03,PORT09,822,4.42746367537454,2.0
1447345009.7,2023-03-10,PORT04,V444_0,2,DTP,0,0,V55555555_5,1689546,PLANT03,PORT09,1272,72.62544164301477,2.0
1447344560.7,2023-02-24,PORT04,V444_0,2,DTP,0,0,V5555_33,1689549,PLANT03,PORT09,342,3.354524036682992,2.0
1447318861.7,2023-02-25,PORT04,V444_0,2,DTP,0,0,V55555555555_28,1685028,PLANT03,PORT09,62816,58.18464815041006,2.0
1447306838.7,2023-08-12,PORT04,V444_1,1,DTD,5,0,V55555555555555_8,1689546,PLANT03,PORT09,325,3.8312720821507384,1.0
1447305031.7,2023-02-03,PORT04,V444_0,2,DTP,3,0,V55555_4,1679638,PLANT03,PORT09,270,0.033816620440376186,2.0
1447274595.7,2023-02-25,PORT04,V444_1,2,DTD,5,0,V55555555555555_8,1666961,PLANT12,PORT09,386,23.6,2.0
1447269479.7,2023-10-01,PORT04,V44_3,0,CRF,3,0,V55555555_32,1699283,PLANT03,PORT09,2002,7.84202282551613,0.0
1447265651.7,2023-11-18,PORT04,V444_0,2,DTP,3,0,V55555_2,1658532,PLANT03,PORT09,404,2.66,2.0
1447250464.7,2023-09-18,PORT04,V444_0,2,DTP,0,0,V5555_33,1688290,PLANT03,PORT09,298,0.39801493792881815,2.0
1447248520.7,2023-12-22,PORT04,V444_0,2,DTP,0,0,V5555_33,1675810,PLANT12,PORT09,308,10.974593938578986,2.0
1447242379.7,2023-01-23,PORT04,V444_0,2,DTP,0,0,V55555555_5,1682805,PLANT03,PORT09,819,46.253236139761164,2.0
1447240005.7,2023-10-15,PORT04,V444_0,2,DTP,0,0,V55_13,1682784,PLANT03,PORT09,415,9.08762069976975,2.0
1447229249.7,2023-08-22,PORT04,V444_0,2,DTP,3,0,V555555_6,1697072,PLANT03,PORT09,2273,12.06,2.0
1447222996.7,2023-10-17,PORT04,V444_0,2,DTP,0,0,V5555_33,1688629,PLANT03,PORT09,264,0.4484132766957024,2.0
1447219469.7,2023-08-06,PORT04,V444_0,2,DTP,0,3,V555555555_27,1669702,PLANT03,PORT09,368,1.0084779874213838,2.0
1447214746.7,2023-01-22,PORT04,V444_1,1,DTD,0,0,V5555555_22,1683203,PLANT03,PORT09,541,4.508339874053116,1.0
1447209216.7,2023-04-15,PORT04,V444_0,2,DTP,3,0,V55555555_5,1693700,PLANT03,PORT09,407,0.26071357714966564,2.0
1447200808.7,2023-02-25,PORT04,V444_1,1,DTD,0,0,V555555555555555555_45,1682757,PLANT03,PORT09,312,0.8352455851868992,1.0
1447200539.7,2023-12-24,PORT04,V444_0,2,DTP,5,0,V55555555_7,1672117,PLANT03,PORT09,373,6.88,2.0
1447189709.7,2023-10-23,PORT04,V444_1,1,DTD,5,0,V55555555555555_8,1688629,PLANT03,PORT09,533,16.936531067828096,1.0
1447184384.7,2023-04-06,PORT04,V444_0,2,DTP,0,0,V5555_33,1688288,PLANT03,PORT09,290,3.4112690565360566,2.0
1447178899.7,2023-05-18,PORT04,V444_0,2,DTP,0,0,V55555555_5,1660897,PLANT03,PORT09,1269,7.94199110860769,2.0
1447173852.7,2023-06-22,PORT04,V444_0,2,DTP,5,0,V55555555_7,1687346,PLANT03,PORT09,402,1.920166703353143,2.0
1447167716.7,2023-12-24,PORT04,V444_0,2,DTP,0,0,V555555555_35,1689546,PLANT03,PORT09,266,0.3065017665720591,2.0
1447162914.7,2023-04-08,PORT04,V444_0,2,DTP,0,3,V555555555_27,1676942,PLANT03,PORT09,2234,3.3114089347079037,2.0
1447149407.7,2023-05-04,PORT04,V444_1,1,DTD,0,0,V555555555555555555_45,1689548,PLANT03,PORT09,1668,93.7821069308099,1.0
1447145115.7,2023-02-27,PORT04,V444_1,1,DTD,0,0,V5555555_22,1656353,PLANT03,PORT09,1109,32.321751230385416,1.0
1447405863.7,2023-08-16,PORT04,V444_1,1,DTD,0,0,V5555555_22,1660579,PLANT03,PORT09,271,1.2654693238830017,1.0
1447398417.7,2023-08-13,PORT09,V44_3,1,CRF,3,0,V55555_53,1697317,PLANT16,PORT09,946,148.88,1.0
1447390874.7,2023-10-16,PORT04,V444_1,1,DTD,0,0,V55555555555555_8,1688589,PLANT03,PORT09,344,3.745391905403778,1.0
1447350621.7,2023-05-17,PORT04,V444_0,2,DTP,3,0,V555555_6,1669409,PLANT03,PORT09,438,1.7709854701498158,2.0
1447346527.7,2023-01-14,PORT04,V444_0,2,DTP,0,0,V55555_26,1662551,PLANT03,PORT09,2298,3.7980487804878047,2.0
1447342051.7,2023-06-17,PORT04,V444_0,2,DTP,0,0,V555555555_14,1622685,PLANT03,PORT09,811,6.629337539432176,2.0
1447323771.7,2023-02-20,PORT04,V444_0,2,DTP,0,0,V5555555_30,1668346,PLANT03,PORT09,339,4.02,2.0
1447321876.7,2023-12-30,PORT04,V444_0,2,DTP,0,0,V5555_33,1688288,PLANT03,PORT09,284,1.7056345282680283,2.0
1447312017.7,2023-05-01,PORT04,V444_0,2,DTP,0,0,V5555_33,1688575,PLANT03,PORT09,256,0.18086818572369293,2.0
1447292369.7,2023-02-13,PORT04,V444_0,2,DTP,3,0,V55555_4,1697444,PLANT03,PORT09,587,2.058129797627355,2.0
1447288445.7,2023-03-22,PORT04,V444_1,1,DTD,5,0,V55555555555555_8,1683424,PLANT03,PORT09,255,0.351576777716092,1.0
1447282636.7,2023-04-28,PORT04,V444_0,2,DTP,3,0,V555555_6,1655818,PLANT03,PORT09,20302,49.440000000000005,2.0
1447281343.7,2023-02-12,PORT04,V444_0,2,DTP,0,0,V555555555_27,1677877,PLANT03,PORT09,2233,4.636129032258063,2.0
1447267058.7,2023-10-04,PORT04,V444_0,2,DTP,3,0,V55555_2,1658528,PLANT03,PORT09,411,1.2898659126151597,2.0
1447246444.7,2023-05-22,PORT04,V444_0,2,DTP,0,0,V5555_33,1689547,PLANT03,PORT09,323,1.4397254374627655,2.0
1447236959.7,2023-05-03,PORT04,V444_0,2,DTP,5,0,V55555555_7,1646909,PLANT03,PORT09,268,0.1319590058082608,2.0
1447226292.7,2023-02-17,PORT04,V444_1,1,DTD,0,0,V5555555_22,1680915,PLANT03,PORT09,654,5.2,1.0
1447223368.7,2023-08-30,PORT04,V444_0,2,DTP,3,0,V555555555_3,1689548,PLANT03,PORT09,1254,71.47978763102167,2.0
1447188648.7,2023-05-24,PORT04,V444_1,1,DTD,5,0,V55555555555555_8,1689546,PLANT03,PORT09,337,7.662544164301477,1.0
1447182476.7,2023-10-29,PORT04,V44_3,4,CRF,0,0,V555555555555555_29,1699419,PLANT03,PORT09,5075,15.154860516053335,3.4
1447182451.7,2023-08-11,PORT04,V44_3,4,CRF,0,0,V555555555555555_29,1699841,PLANT03,PORT09,3654,5.746398802053778,3.04
1447175354.7,2023-05-02,PORT04,V444_0,2,DTP,0,0,V55555555_5,1675615,PLANT03,PORT09,10285,69.82,2.0
1447158134.7,2023-08-05,PORT04,V444_0,2,DTP,3,0,V55555_2,1655982,PLANT03,PORT09,799,2.68,2.0
1447145767.7,2023-03-22,PORT04,V444_0,2,DTP,0,0,V5555_33,1688288,PLANT03,PORT09,273,0.4264086320670071,2.0
1447410753.7,2023-09-27,PORT04,V444_1,1,DTD,5,0,V55555555555555_8,1689541,PLANT03,PORT09,361,12.418798411122136,1.0
1447379298.7,2023-12-21,PORT04,V44_3,0,CRF,0,0,V555555555555555_29,1699797,PLANT03,PORT09,4060,5.466620348499339,0.32
1447340935.7,2023-07-26,PORT04,V444_0,2,DTP,0,0,V5555_33,1688285,PLANT03,PORT09,330,0.19543661163758685,2.0
1447311495.7,2023-10-01,PORT04,V444_0,2,DTP,0,0,V555555555_14,1669584,PLANT03,PORT09,1237,14.778780041819902,2.0
1447308429.7,2023-06-03,PORT04,V444_0,2,DTP,3,0,V55555555_0,1677889,PLANT03,PORT09,836,3.446679661476967,2.0
1447240549.7,2023-06-05,PORT04,V444_1,1,DTD,3,0,V5555555_19,1697084,PLANT03,PORT09,2424,8.15855267323577,1.0
1447227075.7,2023-08-27,PORT04,V444_0,2,DTP,0,0,V55555_4,1699952,PLANT03,PORT09,422,4.241206786842392,2.0
1447216081.7,2023-07-31,PORT04,V444_0,2,DTP,3,0,V5555555_12,1635536,PLANT03,PORT09,359,1.7701072705601908,2.0
1447184063.7,2023-08-06,PORT04,V444_1,1,DTD,5,0,V55555555555555_8,1689547,PLANT03,PORT09,499,13.397254374627655,1.0
1447180085.7,2023-05-08,PORT04,V444_0,2,DTP,5,0,V55555555_7,1655818,PLANT03,PORT09,511,0.7726347042465549,2.0
1447175819.7,2023-11-13,PORT04,V444_0,2,DTP,3,0,V555555_6,1675655,PLANT03,PORT09,746,4.44,2.0
1447155223.7,2023-12-10,PORT04,V444_0,2,DTP,0,0,V5555_33,1688629,PLANT03,PORT09,272,0.3587306213565619,2.0
1447139825.7,2023-01-19,PORT04,V444_1,1,DTD,1,0,V555555555555555555_17,1676942,PLANT03,PORT09,2298,3.3114089347079037,1.0
1447423202.7,2023-06-09,PORT04,V444_0,2,DTP,5,0,V55555555_7,1675615,PLANT03,PORT09,957,5.661036673461718,2.0
1447407630.7,2023-05-04,PORT04,V444_0,2,DTP,0,0,V5555_33,1688285,PLANT03,PORT09,280,1.1726196698255211,2.0
1447391143.7,2023-12-04,PORT04,V444_0,2,DTP,0,0,V555555555_27,1689147,PLANT03,PORT09,344,0.03765764707609638,2.0
1447382048.7,2023-01-27,PORT04,V444_1,1,DTD,0,0,V5555555_22,1676566,PLANT03,PORT09,785,4.8068823424832114,1.0
1447310537.7,2023-04-20,PORT04,V444_0,2,DTD,0,0,V555_41,1692333,PLANT03,PORT09,16823,4.487117953314343,2.0
1447308850.7,2023-12-06,PORT04,V444_0,2,DTP,0,0,V555555555555555_29,1688575,PLANT03,PORT09,363,4.521704643092323,2.0
1447306129.7,2023-11-21,PORT04,V444_0,2,DTP,5,0,V55555555_7,1698977,PLANT03,PORT09,1118,2.444724275256637,2.0
1447284401.7,2023-03-05,PORT04,V444_0,2,DTP,3,1,V555_15,1676853,PLANT03,PORT09,758,1.3049629707956862,2.0
1447273264.7,2023-07-31,PORT04,V444_0,2,DTP,0,0,V5555_33,1688288,PLANT03,PORT09,272,0.21320431603350354,2.0
1447273262.7,2023-11-05,PORT04,V444_0,2,DTP,0,0,V5555_33,1688589,PLANT03,PORT09,326,0.7308081766641518,2.0
1447265558.7,2023-07-11,PORT04,V444_0,2,DTP,3,0,V55555_2,1668545,PLANT03,PORT09,353,0.9509223016524084,2.0
1447247285.7,2023-06-20,PORT04,V444_1,1,DTD,5,0,V55555555555555_8,1693747,PLANT03,PORT09,477,28.54,1.0
1447236401.7,2023-09-06,PORT04,V444_0,2,DTP,0,0,V5555_33,1689544,PLANT03,PORT09,300,0.6435729464146502,2.0
1447230848.7,2023-07-07,PORT04,V444_1,1,DTD,0,0,V5555555_22,1683636,PLANT03,PORT09,270,0.9404389396681558,1.0
1447211844.7,2023-04-23,PORT04,V444_1,1,DTD,5,0,V55555555555555_8,1693747,PLANT03,PORT09,522,33.833096388967874,1.0
1447211338.7,2023-07-24,PORT04,V444_1,1,DTD,0,0,V5555555555555_16,1682790,PLANT03,PORT09,269,0.14590686432131783,1.0
1447208248.7,2023-10-15,PORT04,V444_0,2,DTP,3,0,V55555555_5,1699948,PLANT03,PORT09,383,3.299262790136219,2.0
1447205709.7,2023-06-07,PORT04,V444_1,1,DTD,0,0,V5555555_22,1686401,PLANT03,PORT09,369,1.1053404743687836,1.0
1447168916.7,2023-02-03,PORT04,V444_0,2,DTP,3,0,V55555_4,1675670,PLANT03,PORT09,481,1.7217796774820284,2.0
1447163016.7,2023-07-02,PORT04,V444_0,2,DTP,3,1,V555_15,1687346,PLANT03,PORT09,581,5.217844302590063,2.0
1447149309.7,2023-04-29,PORT04,V444_0,2,DTP,0,0,V555555555_14,1689469,PLANT03,PORT09,1276,19.26,2.0
1447411643.7,2023-09-23,PORT04,V444_1,1,DTD,0,0,V55555555555555_8,1688571,PLANT03,PORT09,465,18.6179698702282,1.0
1447405437.7,2023-07-23,PORT04,V444_0,2,DTP,0,0,V555555555_14,1689147,PLANT03,PORT09,1278,3.58,2.0
1447389568.7,2023-01-29,PORT04,V444_0,3,DTP,0,0,V55555555_5,1684862,PLANT03,PORT09,295606,340.0,2.99
1447369709.7,2023-09-13,PORT04,V444_0,2,DTP,3,0,V555555555_3,1691544,PLANT03,PORT09,320,3.03974165809851,2.0
1447330323.7,2023-07-09,PORT04,V444_0,2,DTP,3,0,V555555_6,1658528,PLANT03,PORT09,288,0.28663686947003547,2.0
1447284490.7,2023-06-05,PORT04,V444_1,1,DTD,1,0,V555555555555555555_17,1699772,PLANT03,PORT09,567,2.9461196519097936,1.0
1447280168.7,2023-07-16,PORT04,V444_0,2,DTP,3,0,V555555555_3,1680503,PLANT13,PORT09,332,6.0,2.0
1447266994.7,2023-05-02,PORT04,V444_0,2,DTP,3,0,V555555555_3,1688571,PLANT03,PORT09,460,17.6179698702282,2.0
1447266987.7,2023-12-11,PORT04,V444_0,2,DTP,0,0,V555555555_14,1696754,PLANT03,PORT09,421,5.3370878223346105,2.0
1447242503.7,2023-06-23,PORT04,V444_0,2,DTP,3,0,V55555_4,1672110,PLANT03,PORT09,355,4.953940776979234,2.0
1447231063.7,2023-07-22,PORT04,V444_1,1,DTD,1,0,V555555555555555555_17,1699771,PLANT03,PORT09,532,1.3928609762617463,1.0
1447229527.7,2023-04-19,PORT04,V444_0,2,DTP,3,0,V55555_4,1655982,PLANT03,PORT09,694,2.6,2.0
1447225458.7,2023-03-30,PORT04,V444_0,2,DTP,0,0,V55555_26,1667126,PLANT03,PORT09,697,3.3983801157506015,2.0
1447215485.7,2023-02-03,PORT04,V444_0,2,DTP,3,0,V55555555_5,1699946,PLANT03,PORT09,409,2.3958092155191997,2.0
1447214684.7,2023-04-01,PORT04,V444_0,2,DTP,0,0,V55_13,1672670,PLANT03,PORT09,267,0.0902089243658541,2.0
1447200622.7,2023-02-27,PORT04,V444_0,2,DTP,5,0,V55555555_7,1688633,PLANT03,PORT09,333,0.18556861491288973,2.0
1447178896.7,2023-12-06,PORT04,V444_0,2,DTP,0,0,V55555555_5,1660579,PLANT03,PORT09,520,19.078133198328594,2.0
1447178240.7,2023-07-27,PORT04,V44_3,0,CRF,0,0,V5555555_12,1699361,PLANT03,PORT09,1534,3.0492532112727275,0.0
1447155233.7,2023-09-12,PORT04,V444_1,1,DTD,5,0,V55555555555555_8,1688285,PLANT03,PORT09,327,7.817464465503474,1.0
1447421271.7,2023-01-15,PORT04,V444_0,2,DTP,5,0,V55555555_7,1699570,PLANT03,PORT09,7813,8.813554649268292,2.0
1447400105.7,2023-01-23,PORT04,V444_1,2,DTD,3,0,V55555555_9,1680245,PLANT12,PORT09,374,152.63768115942028,2.0
1447392831.7,2023-07-24,PORT04,V44_3,4,CRF,0,0,V555555555555555_29,1699557,PLANT03,PORT09,1530,4.568908927971581,3.72
1447373736.7,2023-03-14,PORT04,V444_0,2,DTP,0,0,V5555_25,1695346,PLANT03,PORT09,310,0.07663828733558294,2.0
1447358503.7,2023-08-11,PORT04,V444_0,2,DTP,0,0,V555555555_14,1676853,PLANT03,PORT09,2279,5.283250893909661,2.0
1447339224.7,2023-08-26,PORT04,V444_0,2,DTP,0,0,V555555555555555_29,1688589,PLANT03,PORT09,312,4.567551104150948,2.0
1447327866.7,2023-08-26,PORT04,V444_0,2,DTP,0,0,V55555_26,1683560,PLANT03,PORT09,15799,168.23731428111628,2.0
1447308845.7,2023-08-12,PORT04,V444_0,2,DTP,0,0,V555555555555555_29,1682757,PLANT03,PORT09,308,4.176227925934496,2.0
1447299202.7,2023-03-02,PORT09,V44_3,1,CRF,3,0,V55555_53,1699337,PLANT16,PORT09,897,89.7,1.0
1447296451.7,2023-06-12,PORT09,V44_3,1,CRF,3,0,V55555_53,1697317,PLANT16,PORT09,1222,164.56,1.0
1447295176.7,2023-04-29,PORT04,V444_0,2,DTP,3,0,V555555_6,1668608,PLANT03,PORT09,360,0.8413443246670894,2.0
1447283653.7,2023-10-28,PORT04,V444_0,2,DTP,0,0,V55555_26,1676853,PLANT03,PORT09,1738,3.9624381704322453,2.0
1447236398.7,2023-09-12,PORT04,V444_0,2,DTP,0,0,V5555_33,1688571,PLANT03,PORT09,312,0.528539096106846,2.0
1447236169.7,2023-01-07,PORT04,V444_0,2,DTP,0,0,V555555555555555_29,1688571,PLANT03,PORT09,327,4.40449246755705,2.0
1447223367.7,2023-03-22,PORT04,V444_0,2,DTP,3,0,V555555555_3,1689547,PLANT03,PORT09,717,27.79450874925531,2.0
1447214824.7,2023-08-15,PORT04,V44_3,0,CRF,0,0,V5555555_12,1699557,PLANT03,PORT09,737,1.5229696426571937,0.0
1447206390.7,2023-07-11,PORT04,V444_0,2,DTP,3,0,V555555_6,1689786,PLANT03,PORT09,333,3.9800000000000004,2.0
1447204344.7,2023-03-07,PORT04,V444_0,2,DTP,0,0,V555555555_27,1662552,PLANT03,PORT09,2049,4.12,2.0
1447196645.7,2023-02-22,PORT04,V444_0,2,DTP,3,0,V555555_6,1657063,PLANT03,PORT09,348,0.4147837314396384,2.0
1447183449.7,2023-05-19,PORT04,V444_0,2,DTP,3,1,V555_15,1651298,PLANT03,PORT09,2282,4.596727272727272,2.0
1447174701.7,2023-04-27,PORT04,V444_0,2,DTP,3,0,V55555_4,1668547,PLANT03,PORT09,455,1.5932861739153332,2.0
1447168261.7,2023-09-10,PORT04,V444_0,2,DTP,3,0,V55555555_5,1699951,PLANT03,PORT09,335,3.783197875720278,2.0
1447163358.7,2023-05-09,PORT04,V444_0,2,DTP,3,0,V555555_6,1696073,PLANT03,PORT09,1313,6.48796019331843,2.0
1447160040.7,2023-03-24,PORT04,V444_1,1,DTD,5,0,V55555555555555_8,1688571,PLANT03,PORT09,628,26.4269548053423,1.0
1447154201.7,2023-12-23,PORT04,V444_1,1,DTD,5,0,V55555555555555_8,1688292,PLANT03,PORT09,296,2.192037358399743,1.0
1447406121.7,2023-03-23,PORT04,V444_0,2,DTP,5,0,V55555555_7,1682745,PLANT03,PORT09,551,32.944542471762674,2.0
1447394114.7,2023-05-14,PORT04,V444_0,2,DTP,3,0,V555555555_3,1688629,PLANT03,PORT09,1955,163.46051407653883,2.0
1447384274.7,2023-06-13,PORT04,V444_1,1,DTD,0,0,V55555555555555_8,1650904,PLANT03,PORT09,1718,23.38,1.0
1447346277.7,2023-09-09,PORT04,V444_0,2,DTP,0,0,V55555555555_28,1682210,PLANT03,PORT09,50315,39.21210234390743,2.0
1447334877.7,2023-09-20,PORT04,V444_0,2,DTP,0,0,V555555555555555_29,1688571,PLANT03,PORT09,332,4.40449246755705,2.0
1447325528.7,2023-02-20,PORT04,V444_0,2,DTP,3,0,V555555555_3,1691544,PLANT03,PORT09,325,3.03974165809851,2.0
1447321394.7,2023-10-01,PORT04,V444_0,2,DTP,3,1,V555_15,1677878,PLANT03,PORT09,404,0.6209275954359754,2.0
1447318101.7,2023-03-26,PORT04,V444_1,1,DTD,5,0,V55555555555555_8,1693747,PLANT03,PORT09,316,11.32,1.0
1447300118.7,2023-04-08,PORT04,V444_0,2,DTP,5,0,V55555555_7,1660580,PLANT03,PORT09,431,12.32,2.0
1447293027.7,2023-11-07,PORT04,V444_1,1,DTD,0,0,V5555555_22,1693105,PLANT03,PORT09,431,1.7769498182962955,1.0
1447283714.7,2023-07-04,PORT04,V444_0,2,DTP,3,0,V55555_2,1700094,PLANT03,PORT09,344,2.3,2.0
1447266969.7,2023-07-05,PORT04,V44_3,2,CRF,3,0,V55555_2,1674853,PLANT03,PORT09,292,3.6665875370919867,2.0
1447259849.7,2023-10-07,PORT04,V444_0,2,DTP,0,0,V555555555_14,1696747,PLANT03,PORT09,878,31.419629262921905,2.0
1447232866.7,2023-08-16,PORT04,V444_0,2,DTP,3,0,V55555_2,1649002,PLANT03,PORT09,323,0.7429620908876855,2.0
1447215484.7,2023-09-18,PORT04,V444_0,2,DTP,3,0,V55555555_5,1699946,PLANT03,PORT09,348,0.0,2.0
1447200807.7,2023-05-21,PORT04,V444_1,1,DTD,0,0,V555555555555555555_45,1688633,PLANT03,PORT09,336,9.278430745644487,1.0
1447196801.7,2023-09-26,PORT04,V444_0,2,DTP,3,0,V55555_2,1660551,PLANT03,PORT09,829,54.32,2.0
1447189167.7,2023-02-23,PORT04,V444_0,2,DTP,3,0,V55555_2,1689031,PLANT03,PORT09,2737,43.32000000000001,2.0
1447183477.7,2023-06-03,PORT04,V444_0,2,DTP,0,0,V55555_4,1699952,PLANT03,PORT09,471,7.37601180320416,2.0
1447423173.7,2023-07-22,PORT04,V444_0,2,DTP,5,0,V55555555_7,1656246,PLANT03,PORT09,1302,4.096305732484077,2.0
1447373532.7,2023-01-11,PORT04,V444_1,1,DTD,5,0,V55555555555555_8,1688587,PLANT03,PORT09,359,9.120762894031301,1.0
1447370681.7,2023-04-04,PORT04,V44_3,0,CRF,0,0,V5555555_30,1699172,PLANT03,PORT09,1191,11.5,0.0
1447367915.7,2023-11-12,PORT04,V444_0,2,DTP,0,0,V55555_26,1651299,PLANT03,PORT09,6271,18.28,2.0
1447348788.7,2023-05-30,PORT04,V444_0,2,DTP,0,0,V55555555_5,1683197,PLANT03,PORT09,328,0.2607952232324603,2.0
1447320499.7,2023-09-30,PORT04,V444_1,1,DTD,0,0,V5555555_22,1660579,PLANT03,PORT09,355,7.140862613339794,1.0
1447318670.7,2023-03-19,PORT04,V444_1,1,DTD,5,0,V55555555555555_8,1699797,PLANT03,PORT09,2224,2.7333101742496697,1.0
1447283236.7,2023-08-03,PORT04,V444_0,2,DTP,3,0,V55555_2,1689548,PLANT03,PORT09,1517,85.375745157226,2.0
1447278507.7,2023-06-16,PORT04,V44_3,0,CRF,3,0,V55555555_32,1699329,PLANT03,PORT09,919,3.1566631942665775,0.0
1447265606.7,2023-04-11,PORT04,V444_0,2,DTP,3,0,V5555555_22,1697872,PLANT03,PORT09,329,1.1148327314521742,2.0
1447254053.7,2023-08-02,PORT09,V44_3,1,CRF,3,0,V55555_53,1696799,PLANT16,PORT09,2992,525.68,1.0
1447241598.7,2023-07-15,PORT04,V444_0,2,DTP,0,0,V555555555_27,1696074,PLANT03,PORT09,393,0.9767063263779076,2.0
1447231010.7,2023-12-22,PORT04,V444_0,2,DTP,0,0,V555555555_27,1676853,PLANT03,PORT09,433,0.4887007076866436,2.0
1447205708.7,2023-05-25,PORT04,V444_1,1,DTD,0,0,V5555555_22,1686401,PLANT03,PORT09,353,3.1317980107115537,1.0
1447200078.7,2023-05-23,PORT04,V444_1,1,DTD,3,3,V555555555555555_44,1699953,PLANT03,PORT09,3304,99.73664358965758,1.0
1447199713.7,2023-08-22,PORT04,V444_0,2,DTP,5,0,V55555555_7,1680915,PLANT03,PORT09,275,0.6817083508421182,2.0
1447185860.7,2023-04-07,PORT04,V444_0,2,DTP,0,0,V55555_26,1644050,PLANT03,PORT09,336,1.2911849093508776,2.0
1447184522.7,2023-05-24,PORT04,V444_0,2,DTP,3,0,V55555_2,1668612,PLANT03,PORT09,314,0.8934597156398105,2.0
1447183350.7,2023-09-12,PORT04,V444_0,2,DTP,5,0,V55555555_7,1655818,PLANT03,PORT09,1290,3.0905388169862196,2.0
1447173517.7,2023-12-14,PORT04,V444_0,2,DTP,3,0,V55555_4,1663347,PLANT03,PORT09,464,14.14166042061637,2.0
1447165553.7,2023-10-24,PORT04,V444_0,2,DTP,0,0,V5555555_30,1651302,PLANT03,PORT09,474,1.2017683961916008,2.0
1447163761.7,2023-03-01,PORT04,V444_1,1,DTD,5,0,V55555555555555_8,1660673,PLANT03,PORT09,346,1.0979481744813155,1.0
1447158694.7,2023-12-10,PORT04,V444_1,1,DTD,0,0,V555555555555555555_45,1689549,PLANT03,PORT09,265,0.19168708781045668,1.0
1447151454.7,2023-11-08,PORT04,V444_1,1,DTD,5,0,V55555555555555_8,1690616,PLANT03,PORT09,284,1.885401793136631,1.0
1447419526.7,2023-07-31,PORT04,V444_0,2,DTP,0,0,V55555555_5,1666958,PLANT12,PORT09,250,3.349446494464945,2.0
1447418975.7,2023-09-07,PORT04,V444_0,2,DTP,5,0,V55555555_7,1682784,PLANT03,PORT09,318,4.019524540282774,2.0
1447418970.7,2023-08-07,PORT04,V444_0,2,DTP,5,0,V55555555_7,1668094,PLANT03,PORT09,404,17.26,2.0
1447407275.7,2023-10-02,PORT04,V444_0,2,DTP,0,0,V555555555_27,1687644,PLANT03,PORT09,1284,11.16,2.0
1447407043.7,2023-10-28,PORT04,V444_1,1,DTD,3,0,V5555555_19,1697085,PLANT03,PORT09,383,0.22432957903392076,1.0
1447405923.7,2023-02-28,PORT04,V44_3,0,CRF,0,0,V555555555555555_29,1699584,PLANT03,PORT09,1961,5.94,1.56
1447376479.7,2023-05-05,PORT04,V444_0,2,DTP,0,0,V555555555_27,1623991,PLANT03,PORT09,510,1.537356143079316,2.0
1447370724.7,2023-07-14,PORT04,V444_0,2,DTP,3,0,V555555_6,1662552,PLANT03,PORT09,1111,3.12,2.0
1447353051.7,2023-04-02,PORT04,V444_1,1,DTD,5,0,V55555555555555_8,1689550,PLANT03,PORT09,396,9.222456536972489,1.0
1447339099.7,2023-08-10,PORT04,V444_1,1,DTD,0,0,V555555555555555555_45,1682805,PLANT03,PORT09,676,32.3659899198263,1.0
1447322571.7,2023-10-08,PORT04,V444_1,1,DTD,5,0,V55555555555555_8,1660673,PLANT03,PORT09,392,5.4897408724065775,1.0
1447320558.7,2023-06-08,PORT04,V444_1,1,DTD,0,0,V5555555_22,1686401,PLANT03,PORT09,369,1.9343458301453713,1.0
1447312216.7,2023-06-04,PORT04,V44_3,2,CRF,3,0,V55555_2,1651302,PLANT03,PORT09,321,0.13279208797697248,2.0
1447309076.7,2023-11-09,PORT04,V44_3,2,CRF,3,0,V55555_2,1675654,PLANT03,PORT09,434,0.945155161494617,2.0
1447299255.7,2023-04-20,PORT04,V444_0,3,DTP,0,0,V55555555_5,1684862,PLANT03,PORT09,7500,9.286467448480991,2.62
1447298099.7,2023-09-11,PORT04,V444_0,2,DTP,6,6,V555555555_14,1683634,PLANT03,PORT09,537,5.7987332606962365,2.0
1447242502.7,2023-08-22,PORT04,V444_0,2,DTP,3,0,V55555_4,1688633,PLANT03,PORT09,307,1.8556861491288972,2.0
1447185901.7,2023-06-10,PORT04,V444_0,2,DTP,0,0,V5555_33,1688290,PLANT03,PORT09,330,0.39801493792881815,2.0
1447175687.7,2023-04-28,PORT04,V444_0,3,DTD,0,0,V555555555555555555_42,1671426,PLANT03,PORT09,12280,7.676558079757033,3.0
1447175512.7,2023-10-19,PORT04,V444_1,2,DTD,0,0,V55555_10,1681701,PLANT12,PORT09,301,9.021900638730116,2.0
1447164214.7,2023-03-09,PORT04,V444_0,2,DTP,5,0,V55555555_7,1687346,PLANT03,PORT09,320,1.085311614938733,2.0
1447163448.7,2023-04-21,PORT04,V444_0,2,DTP,3,0,V555555_6,1668550,PLANT03,PORT09,329,0.27333614538201334,2.0
1447162762.7,2023-11-20,PORT04,V444_0,2,DTP,0,0,V55555555555_28,1667927,PLANT03,PORT09,35293,18.936849476068044,2.0
1447159325.7,2023-10-27,PORT04,V444_0,2,DTP,3,0,V555555555_3,1682832,PLANT03,PORT09,433,8.903225183661748,2.0
1447158912.7,2023-02-03,PORT04,V444_1,1,DTD,3,3,V555555555555555_44,1699953,PLANT03,PORT09,2722,88.50327674010082,1.0
1447146077.7,2023-03-03,PORT04,V444_1,1,DTD,0,0,V5555555_22,1644308,PLANT03,PORT09,288,0.5158224632735705,1.0
1447145129.7,2023-08-02,PORT04,V444_1,1,DTD,0,0,V5555555_22,1676565,PLANT03,PORT09,851,8.08,1.0
1447144480.7,2023-06-25,PORT04,V444_1,1,DTD,0,0,V555555555555555555_45,1690621,PLANT03,PORT09,314,0.6867697147076278,1.0
1447423207.7,2023-12-21,PORT04,V444_0,2,DTP,5,0,V55555555_7,1660585,PLANT03,PORT09,903,66.44,2.0
1447406036.7,2023-04-23,PORT04,V444_1,1,DTD,0,0,V5555555_22,1656350,PLANT03,PORT09,2446,151.71813073778904,1.0
1447388773.7,2023-01-14,PORT04,V444_0,2,DTP,0,0,V555555_24,1687346,PLANT03,PORT09,331,1.0435688605180125,2.0
1447381679.7,2023-06-01,PORT09,V44_3,1,CRF,3,0,V55555_53,1700035,PLANT16,PORT09,3322,42.2,1.0
1447377500.7,2023-03-24,PORT04,V444_0,2,DTP,0,0,V5555_36,1682682,PLANT03,PORT09,7308,15.08027418913615,2.0
1447373534.7,2023-10-12,PORT04,V444_0,2,DTP,3,0,V55555_4,1650904,PLANT03,PORT09,1383,17.82,2.0
1447348308.7,2023-12-06,PORT04,V444_1,1,DTD,5,0,V55555555555555_8,1693747,PLANT03,PORT09,365,15.92,1.0
1447340136.7,2023-12-14,PORT04,V44_3,4,CRF,0,0,V555555555555555_29,1699416,PLANT03,PORT09,5088,15.762256959612442,3.48
1447321342.7,2023-09-27,PORT04,V444_0,2,DTP,3,0,V555555_6,1677884,PLANT03,PORT09,386,0.8842494352796222,2.0
1447312015.7,2023-12-09,PORT04,V444_0,2,DTP,0,0,V5555_33,1688290,PLANT03,PORT09,265,0.19900746896440907,2.0
1447283604.7,2023-07-29,PORT04,V444_0,2,DTP,3,0,V55555_2,1689032,PLANT03,PORT09,567,5.94,2.0
1447265594.7,2023-04-17,PORT04,V444_0,2,DTP,3,0,V55555_4,1662552,PLANT03,PORT09,1273,4.586762279840181,2.0
1447251050.7,2023-05-22,PORT04,V444_1,1,DTD,5,0,V55555555555555_8,1689544,PLANT03,PORT09,287,1.0726215773577505,1.0
1447230551.7,2023-06-01,PORT04,V444_1,1,DTD,5,0,V55555555555555_8,1688587,PLANT03,PORT09,349,2.7362288682093907,1.0
1447229524.7,2023-05-29,PORT04,V444_0,2,DTP,0,0,V5555_33,1688285,PLANT03,PORT09,266,2.1498027280134555,2.0
1447227141.7,2023-09-13,PORT04,V444_0,2,DTP,0,0,V55_13,1672714,PLANT03,PORT09,676,14.691088022790039,2.0
1447219818.7,2023-10-24,PORT04,V444_1,1,DTD,0,0,V555555555555555555_45,1683432,PLANT03,PORT09,345,6.1909304778703085,1.0
1447219347.7,2023-12-19,PORT04,V44_3,2,CRF,3,0,V55555_2,1696758,PLANT03,PORT09,397,9.595594505644344,2.0
1447210908.7,2023-12-04,PORT04,V444_0,2,DTP,0,0,V555555555_27,1668547,PLANT03,PORT09,333,0.23899292608729997,2.0
1447205224.7,2023-04-29,PORT04,V444_0,2,DTP,3,0,V55555_2,1651302,PLANT03,PORT09,1500,4.52,2.0
1447204790.7,2023-10-08,PORT04,V444_0,2,DTP,3,0,V555555_6,1700094,PLANT03,PORT09,291,0.25206762028608587,2.0
1447177638.7,2023-08-13,PORT04,V444_0,2,DTP,0,0,V55_13,1682784,PLANT03,PORT09,243,0.7864287144031514,2.0
1447175903.7,2023-08-23,PORT04,V444_1,1,DTD,3,0,V5555_20,1699953,PLANT03,PORT09,820,16.45610726494293,1.0
1447174498.7,2023-06-03,PORT04,V444_0,2,DTP,3,0,V555555555_3,1671997,PLANT03,PORT09,389,9.029426983862605,2.0
1447167312.7,2023-02-25,PORT04,V444_0,2,DTP,3,0,V55555_2,1682745,PLANT03,PORT09,325,2.2564755117645667,2.0
1447163388.7,2023-11-26,PORT09,V444_0,0,DTP,3,0,V555555_6,1692722,PLANT16,PORT09,824,133.2242687099192,0.0
1447158102.7,2023-11-24,PORT04,V444_0,2,DTP,3,0,V55555_2,1664051,PLANT03,PORT09,30266,392.02,2.0
1447147820.7,2023-08-15,PORT04,V444_1,1,DTD,5,0,V55555555555555_8,1660673,PLANT03,PORT09,331,0.8234611308609866,1.0
1447133755.7,2023-09-11,PORT04,V444_0,2,DTP,0,0,V55555_26,1664067,PLANT03,PORT09,9918,81.99495576935674,2.0
1447404685.7,2023-08-10,PORT04,V444_0,2,DTP,0,0,V5555_33,1682754,PLANT03,PORT09,283,0.7615214723926382,2.0
1447373425.7,2023-04-11,PORT04,V444_0,2,DTP,3,0,V55555_2,1669409,PLANT03,PORT09,423,0.9297673718286533,2.0
1447367959.7,2023-12-04,PORT04,V444_0,2,DTP,0,0,V55555_26,1655818,PLANT03,PORT09,2307,6.02,2.0
1447366363.7,2023-03-09,PORT04,V444_0,2,DTP,0,0,V5555_33,1682648,PLANT03,PORT09,287,0.1780549213300768,2.0
1447365979.7,2023-04-17,PORT09,V44_3,1,CRF,3,0,V55555_53,1702654,PLANT16,PORT09,706,61.8,1.0
1447350449.7,2023-12-22,PORT04,V444_1,1,DTD,5,0,V55555555555555_8,1688587,PLANT03,PORT09,280,1.8241525788062605,1.0
1447350385.7,2023-05-12,PORT04,V444_0,2,DTP,3,0,V55555_4,1644200,PLANT03,PORT09,509,6.12,2.0
1447334666.7,2023-08-07,PORT04,V444_0,2,DTP,3,0,V555555_6,1668347,PLANT03,PORT09,1249,92.98,2.0
1447305600.7,2023-11-22,PORT04,V444_0,2,DTP,3,0,V555555555_3,1685963,PLANT12,PORT09,301,1.9,2.0
1447283681.7,2023-06-16,PORT04,V444_0,2,DTP,0,0,V55555_26,1655982,PLANT03,PORT09,520,1.5660030115442531,2.0
1447265725.7,2023-03-13,PORT04,V444_0,2,DTP,0,0,V555555555_27,1656246,PLANT03,PORT09,1246,4.096305732484077,2.0
1447245020.7,2023-09-10,PORT04,V444_0,2,DTP,0,0,V555555555_14,1672345,PLANT08,PORT09,2119,12.214928905517239,2.0
1447243630.7,2023-12-25,PORT04,V444_0,2,DTP,0,0,V5555_36,1671833,PLANT03,PORT09,6252,10.753284657251637,2.0
1447232864.7,2023-08-23,PORT04,V444_0,2,DTP,3,0,V55555_2,1689548,PLANT03,PORT09,1333,77.47978763102167,2.0
1447231062.7,2023-03-13,PORT04,V444_1,1,DTD,1,0,V555555555555555555_17,1699772,PLANT03,PORT09,343,0.5335492282986241,1.0
1447199668.7,2023-04-13,PORT04,V444_0,2,DTP,5,0,V55555555_7,1668547,PLANT03,PORT09,333,0.1593286173915333,2.0
1447182378.7,2023-08-30,PORT04,V44_3,0,CRF,3,0,V55555555_32,1699417,PLANT03,PORT09,2333,4.717699688401279,0.0
1447165172.7,2023-05-01,PORT04,V444_0,2,DTP,0,0,V5555_33,1674635,PLANT12,PORT09,311,3.860521708203332,2.0
1447158161.7,2023-08-28,PORT04,V444_0,2,DTP,0,0,V555555555_27,1699953,PLANT03,PORT09,326,0.1645610726494293,2.0
1447421550.7,2023-09-17,PORT04,V444_1,1,DTD,5,0,V55555555555555_8,1693747,PLANT03,PORT09,553,46.12,1.0
1447405896.7,2023-08-27,PORT04,V444_1,1,DTD,0,0,V5555555_22,1683203,PLANT03,PORT09,419,2.1468285114538648,1.0
1447404918.7,2023-02-20,PORT04,V444_0,2,DTP,0,0,V555555555_14,1651299,PLANT03,PORT09,10304,23.720000000000002,2.0
1447374458.7,2023-06-27,PORT04,V444_0,2,DTP,0,0,V55555_26,1697086,PLANT03,PORT09,254,0.06897341912807867,2.0
1447373459.7,2023-01-12,PORT04,V44_3,2,CRF,3,0,V55555_2,1672085,PLANT03,PORT09,350,2.83363462724315,2.0
1447363164.7,2023-11-26,PORT04,V444_0,2,DTP,0,0,V5555_33,1688285,PLANT03,PORT09,337,1.368056281463108,2.0
1447340932.7,2023-11-13,PORT04,V444_0,2,DTP,0,0,V5555_33,1689546,PLANT03,PORT09,340,0.5363780915011034,2.0
1447329439.7,2023-12-15,PORT04,V444_0,2,DTP,0,0,V555555555_14,1660885,PLANT03,PORT09,666,3.5301214970594685,2.0
1447323147.7,2023-02-06,PORT04,V44_3,0,CRF,3,0,V55555555_32,1698913,PLANT03,PORT09,3242,15.279999999999998,0.0
1447312418.7,2023-03-03,PORT04,V444_1,2,DTD,3,0,V55555555_9,1686657,PLANT12,PORT09,279,7.4,2.0
1447312078.7,2023-02-21,PORT04,V444_0,2,DTP,3,0,V55555_4,1676853,PLANT03,PORT09,437,0.528325089390966,2.0
1447306653.7,2023-05-09,PORT04,V444_1,1,DTD,0,0,V5555555_22,1644308,PLANT03,PORT09,363,5.158224632735704,1.0
1447304542.7,2023-06-12,PORT04,V444_0,2,DTP,0,0,V55_13,1668545,PLANT03,PORT09,614,3.370491269190203,2.0
1447300031.7,2023-10-20,PORT04,V444_0,2,DTP,0,0,V55_13,1696754,PLANT03,PORT09,468,9.926983349542377,2.0
1447288019.7,2023-03-18,PORT04,V444_0,2,DTP,5,0,V55555555_7,1687346,PLANT03,PORT09,596,6.3031559175287954,2.0
1447284759.7,2023-03-25,PORT04,V444_1,1,DTD,0,0,V5555555_22,1699553,PLANT03,PORT09,2400,8.704294509690282,1.0
1447275605.7,2023-06-03,PORT04,V444_0,2,DTP,3,0,V5555555_22,1683199,PLANT03,PORT09,2039,33.56058409595999,2.0
1447269701.7,2023-02-03,PORT04,V444_0,2,DTP,3,0,V55555555_5,1696075,PLANT03,PORT09,1244,5.828514362117512,2.0
1447267009.7,2023-04-19,PORT04,V444_0,2,DTP,3,0,V555555_6,1689548,PLANT03,PORT09,2315,140.95957526204333,2.0
1447243119.7,2023-09-01,PORT04,V444_1,2,DTD,5,0,V55555555555555_8,1666961,PLANT12,PORT09,375,24.6,2.0
1447224348.7,2023-09-27,PORT04,V444_0,2,DTP,5,0,V55555555_7,1668094,PLANT03,PORT09,369,6.480000000000001,2.0
1447219919.7,2023-11-14,PORT04,V444_0,2,DTP,3,0,V55555_2,1672091,PLANT03,PORT09,494,18.880000000000003,2.0
1447189241.7,2023-10-24,PORT04,V444_1,1,DTD,0,0,V5555555_22,1683634,PLANT03,PORT09,517,3.7111892868455914,1.0
1447172384.7,2023-06-02,PORT04,V444_0,2,DTP,3,0,V55555_2,1689033,PLANT03,PORT09,1266,20.2,2.0
1447411620.7,2023-05-26,PORT04,V444_1,1,DTD,0,0,V55555555555555_8,1690630,PLANT03,PORT09,479,8.28658728989868,1.0
1447406565.7,2023-03-28,PORT04,V444_0,2,DTP,3,0,V5555555_22,1676566,PLANT03,PORT09,490,2.518890310471552,2.0
1447388154.7,2023-10-10,PORT04,V444_0,2,DTP,0,0,V555555555555555_29,1689544,PLANT03,PORT09,404,11.726215773577504,2.0
1447384447.7,2023-07-08,PORT04,V444_1,1,DTD,5,0,V55555555555555_8,1676565,PLANT03,PORT09,267,0.031396369676118176,1.0
1447382541.7,2023-05-24,PORT04,V444_0,2,DTP,0,0,V55555555_5,1651299,PLANT03,PORT09,2235,6.06,2.0
1447379196.7,2023-06-14,PORT04,V44_3,0,CRF,0,0,V5555555_30,1699552,PLANT03,PORT09,1539,3.627087056757666,0.0
1447369674.7,2023-08-30,PORT04,V444_0,2,DTP,0,0,V555555555_27,1690001,PLANT03,PORT09,382,1.3051703904899086,2.0
1447367961.7,2023-05-21,PORT04,V444_0,2,DTP,0,0,V55555_26,1679638,PLANT03,PORT09,498,0.6763324088075238,2.0
1447366386.7,2023-08-11,PORT04,V444_1,1,DTD,3,0,V5555555_19,1697086,PLANT03,PORT09,376,0.5836212387760503,1.0
1447348319.7,2023-01-22,PORT04,V444_1,1,DTD,0,0,V555555555555555555_45,1689547,PLANT03,PORT09,1844,112.03406245327496,1.0
1447334867.7,2023-03-23,PORT04,V444_0,2,DTP,0,0,V555555555555555_29,1688571,PLANT03,PORT09,348,4.40449246755705,2.0
1447323816.7,2023-10-01,PORT04,V444_0,2,DTP,3,0,V555555_6,1676564,PLANT03,PORT09,888,8.74,2.0
1447322608.7,2023-05-13,PORT04,V444_1,1,DTD,5,0,V55555555555555_8,1688589,PLANT03,PORT09,296,3.654040883320759,1.0
1447320496.7,2023-05-29,PORT04,V444_1,1,DTD,0,0,V5555555_22,1660579,PLANT03,PORT09,271,0.9039066599164297,1.0
1447319053.7,2023-01-23,PORT04,V444_0,2,DTP,0,0,V5555_33,1688629,PLANT03,PORT09,280,0.17936531067828096,2.0
1447308854.7,2023-08-28,PORT04,V444_0,2,DTP,0,0,V555555555555555_29,1688571,PLANT03,PORT09,285,4.40449246755705,2.0
1447278561.7,2023-12-23,PORT04,V444_1,1,DTD,5,0,V55555555555555_8,1651298,PLANT03,PORT09,4264,8.02,1.0
1447269660.7,2023-09-20,PORT04,V444_1,1,DTD,3,0,V5555555_19,1692109,PLANT03,PORT09,299,0.151885593038036,1.0
1447269642.7,2023-01-01,PORT04,V444_0,2,DTP,3,0,V5555555_12,1668492,PLANT03,PORT09,602,7.62,2.0
1447265730.7,2023-10-01,PORT04,V444_0,2,DTP,0,0,V55_13,1663396,PLANT03,PORT09,745,22.383685792676822,2.0
1447265552.7,2023-07-21,PORT04,V444_0,2,DTP,0,0,V555555555_27,1622685,PLANT03,PORT09,295,0.7955205047318611,2.0
1447240527.7,2023-08-23,PORT04,V444_1,1,DTD,3,0,V5555555_19,1697084,PLANT03,PORT09,657,1.3597587788726282,1.0
1447231573.7,2023-04-04,PORT04,V444_0,2,DTP,0,0,V555555555_14,1677878,PLANT03,PORT09,8315,19.42,2.0
1447221899.7,2023-01-12,PORT04,V444_0,2,DTP,5,0,V55555555_7,1615677,PLANT03,PORT09,406,0.5693437321666349,2.0
1447220601.7,2023-09-29,PORT04,V444_0,2,DTP,3,0,V55555_2,1672347,PLANT08,PORT09,747,5.001012154349816,2.0
1447219011.7,2023-09-05,PORT04,V444_0,2,DTP,3,0,V55555555_5,1699946,PLANT03,PORT09,1247,24.958092155191995,2.0
1447180382.7,2023-12-22,PORT04,V444_0,2,DTP,0,0,V5555_33,1661119,PLANT12,PORT09,382,11.31731690752555,2.0
1447169080.7,2023-04-24,PORT04,V444_1,1,DTD,5,0,V55555555555555_8,1690634,PLANT03,PORT09,301,0.6247540606889053,1.0
1447167311.7,2023-07-06,PORT04,V444_1,1,DTD,5,0,V55555555555555_8,1689546,PLANT03,PORT09,584,24.98763249290443,1.0
1447163842.7,2023-08-07,PORT04,V444_0,2,DTP,0,0,V5555_33,1688587,PLANT03,PORT09,281,0.9120762894031302,2.0
1447152837.7,2023-09-20,PORT04,V444_1,1,DTD,1,0,V555555555555555555_17,1683190,PLANT03,PORT09,799,14.31058020477816,1.0
1447405874.7,2023-08-11,PORT04,V44_3,0,CRF,3,0,V55555555_32,1699586,PLANT03,PORT09,1935,3.2828840898081735,0.0
1447394118.7,2023-11-21,PORT04,V444_0,2,DTP,3,0,V555555555_3,1690616,PLANT03,PORT09,473,7.070256724262366,2.0
1447373464.7,2023-05-25,PORT04,V444_0,2,DTP,3,0,V55555_2,1666954,PLANT03,PORT09,1545,13.04,2.0
1447334879.7,2023-03-08,PORT04,V444_0,2,DTP,0,0,V555555555555555_29,1688571,PLANT03,PORT09,295,4.40449246755705,2.0
1447320652.7,2023-07-05,PORT04,V444_1,1,DTD,0,0,V5555555_22,1699794,PLANT03,PORT09,1915,3.1623683715461577,1.0
1447296141.7,2023-11-06,PORT04,V444_0,2,DTP,3,0,V55555_2,1660885,PLANT03,PORT09,2438,16.26,2.0
1447227098.7,2023-06-25,PORT04,V444_0,2,DTP,3,0,V5555555_22,1683200,PLANT03,PORT09,480,4.72,2.0
1447227074.7,2023-09-09,PORT04,V444_0,2,DTP,0,0,V55555_4,1699952,PLANT03,PORT09,436,7.37601180320416,2.0
1447226249.7,2023-06-16,PORT04,V444_1,1,DTD,0,0,V5555555_22,1656350,PLANT03,PORT09,463,8.623414559044711,1.0
1447219953.7,2023-10-17,PORT04,V444_1,1,DTD,3,0,V5555555_19,1699772,PLANT03,PORT09,335,0.11598896267361393,1.0
1447200720.7,2023-07-18,PORT04,V444_0,2,DTP,0,0,V55555555555_28,1676592,PLANT03,PORT09,38809,22.0260153256705,2.0
1447191657.7,2023-06-29,PORT04,V444_0,2,DTP,0,0,V5555_25,1699948,PLANT03,PORT09,2414,77.17531954619737,2.0
1447184602.7,2023-06-19,PORT04,V44_3,0,CRF,3,0,V55555555_32,1698988,PLANT03,PORT09,1162,4.9209422983,0.0
1447183403.7,2023-12-27,PORT04,V444_0,2,DTP,3,1,V555_15,1682832,PLANT03,PORT09,508,18.806450367323496,2.0
1447182481.7,2023-05-17,PORT04,V44_3,4,CRF,0,0,V555555555555555_29,1699327,PLANT03,PORT09,926,2.697477693159763,3.96
1447172946.7,2023-04-01,PORT04,V444_0,2,DTP,0,0,V555555555_14,1689469,PLANT03,PORT09,1243,20.416436242042316,2.0
1447170841.7,2023-11-10,PORT04,V444_0,2,DTP,0,0,V5555_33,1682805,PLANT03,PORT09,302,0.08591497479956575,2.0
1447167595.7,2023-08-12,PORT04,V444_0,2,DTP,3,0,V55555555_0,1671416,PLANT03,PORT09,524,0.36427587872931516,2.0
1447165247.7,2023-08-17,PORT04,V444_0,2,DTP,5,0,V55555555_7,1683409,PLANT03,PORT09,247,0.750595696286361,2.0
1447162918.7,2023-03-01,PORT04,V444_0,2,DTP,0,0,V555555555_27,1677891,PLANT03,PORT09,904,1.9842761421319794,2.0
1447149773.7,2023-11-17,PORT04,V444_1,1,DTD,0,0,V555555555555555555_45,1689547,PLANT03,PORT09,581,22.595881561941482,1.0
1447423180.7,2023-05-30,PORT04,V444_0,2,DTP,5,0,V55555555_7,1656246,PLANT03,PORT09,1236,4.096305732484077,2.0
1447413502.7,2023-10-13,PORT04,V444_0,2,DTP,3,0,V5555555_12,1673710,PLANT03,PORT09,319,5.044449292885953,2.0
1447405933.7,2023-09-03,PORT04,V44_3,0,CRF,0,0,V555555555555555_29,1699555,PLANT03,PORT09,660,1.4554903605602114,1.2
1447400278.7,2023-05-01,PORT04,V444_0,2,DTP,3,0,V55555555_5,1700130,PLANT03,PORT09,30558,27.782435541316687,2.0
1447359864.7,2023-06-11,PORT04,V444_0,2,DTP,0,0,V555555555_14,1672661,PLANT03,PORT09,342,0.6269900866212035,2.0
1447349670.7,2023-07-01,PORT04,V444_1,1,DTD,5,0,V55555555555555_8,1690630,PLANT03,PORT09,384,2.1806808657628105,1.0
1447332526.7,2023-07-28,PORT04,V444_0,2,DTP,0,0,V555555555_14,1689469,PLANT03,PORT09,2266,34.66,2.0
1447326519.7,2023-04-17,PORT04,V444_0,2,DTP,0,0,V55555555_5,1656246,PLANT03,PORT09,1308,4.096305732484077,2.0
1447320594.7,2023-11-10,PORT04,V44_3,0,CRF,3,0,V55555555_32,1699524,PLANT03,PORT09,1308,2.0711190903442818,0.0
1447320570.7,2023-09-22,PORT04,V444_1,1,DTD,0,0,V5555555_22,1672661,PLANT03,PORT09,835,10.470734446574097,1.0
1447312973.7,2023-10-25,PORT04,V444_0,2,DTP,3,0,V55555555_0,1689554,PLANT03,PORT09,307,0.16184767277856138,2.0
1447278594.7,2023-01-07,PORT04,V444_1,1,DTD,3,0,V5555555_19,1654766,PLANT03,PORT09,2080,34.06,1.0
1447266996.7,2023-01-29,PORT04,V444_0,2,DTP,3,0,V555555555_3,1689547,PLANT03,PORT09,709,29.79450874925531,2.0
1447240518.7,2023-08-11,PORT04,V444_1,1,DTD,3,0,V5555555_19,1697084,PLANT03,PORT09,1943,6.254890382814089,1.0
1447229297.7,2023-04-01,PORT04,V444_0,2,DTP,0,0,V555555555_27,1669685,PLANT03,PORT09,428,2.52,2.0
1447205760.7,2023-12-24,PORT04,V444_0,2,DTP,0,0,V555555555_27,1655818,PLANT03,PORT09,1075,2.575449014155183,2.0
1447204418.7,2023-11-22,PORT04,V444_0,2,DTP,0,0,V555555555_27,1699952,PLANT03,PORT09,1244,35.8800590160208,2.0
1447188644.7,2023-03-08,PORT04,V444_0,2,DTP,3,0,V555555555_3,1689547,PLANT03,PORT09,658,30.79450874925531,2.0
1447158077.7,2023-07-05,PORT04,V444_0,2,DTP,3,0,V55555_4,1676853,PLANT03,PORT09,558,0.7924876340864491,2.0
1447152842.7,2023-12-20,PORT04,V444_0,2,DTP,0,0,V555555555_27,1675615,PLANT03,PORT09,748,4.4226849011419676,2.0
1447152804.7,2023-01-24,PORT04,V444_0,2,DTP,0,0,V555555555_27,1652604,PLANT03,PORT09,608,7.4,2.0
1447146746.7,2023-04-18,PORT04,V444_0,2,DTP,0,0,V55555_26,1651302,PLANT03,PORT09,752,3.319802199424312,2.0
1447408418.7,2023-05-08,PORT04,V444_0,2,DTP,5,0,V55555555_7,1682739,PLANT03,PORT09,328,6.667117061021172,2.0
1447404684.7,2023-03-23,PORT04,V444_0,2,DTP,0,0,V5555_33,1689548,PLANT03,PORT09,259,0.3723989381551084,2.0
1447403222.7,2023-04-17,PORT04,V44_3,2,CRF,3,0,V55555_2,1672706,PLANT03,PORT09,240,0.5651222104144527,2.0
1447395127.7,2023-06-16,PORT04,V444_0,3,DTP,0,0,V55555555_5,1684862,PLANT03,PORT09,436703,439.49999999999994,3.0
1447383142.7,2023-09-06,PORT04,V444_1,1,DTD,0,0,V555555555555555555_45,1684755,PLANT03,PORT09,285,1.2787096774193547,1.0
1447377265.7,2023-08-24,PORT04,V444_0,2,DTP,3,0,V555555_6,1689786,PLANT03,PORT09,359,7.8,2.0
1447371544.7,2023-12-22,PORT04,V444_1,1,DTD,3,0,V5555555_19,1695349,PLANT03,PORT09,559,2.802368888186428,1.0
1447360917.7,2023-07-02,PORT04,V444_0,2,DTP,0,0,V55555555_5,1683203,PLANT03,PORT09,331,0.2146828511453865,2.0
1447357779.7,2023-12-11,PORT04,V444_0,2,DTP,0,0,V555555555_14,1696482,PLANT03,PORT09,711,4.24,2.0
1447329260.7,2023-07-23,PORT04,V44_3,0,CRF,3,0,V55555555_32,1699539,PLANT03,PORT09,1187,2.905743511346457,0.0
1447327246.7,2023-01-09,PORT04,V444_0,2,DTP,0,0,V555555555555555_29,1688575,PLANT03,PORT09,327,4.521704643092323,2.0
1447323883.7,2023-11-14,PORT04,V444_0,2,DTP,3,0,V555555_6,1667817,PLANT03,PORT09,1697,22.5,2.0
1447312454.7,2023-10-23,PORT04,V444_0,2,DTP,3,0,V55555_2,1664051,PLANT03,PORT09,20248,224.86697932210618,2.0
1447304369.7,2023-06-28,PORT04,V444_0,2,DTP,0,0,V5555_33,1689543,PLANT03,PORT09,273,0.4901147131376556,2.0
1447290444.7,2023-04-18,PORT04,V444_0,2,DTP,0,0,V555555555_27,1655818,PLANT03,PORT09,611,0.9657933803081936,2.0
1447286516.7,2023-12-14,PORT04,V444_0,2,DTP,3,0,V55555_4,1677878,PLANT03,PORT09,9332,21.52,2.0
1447280414.7,2023-10-07,PORT04,V44_3,0,CRF,3,0,V55555555_32,1699574,PLANT03,PORT09,12064,18.43259304620071,0.0
1447279850.7,2023-03-21,PORT04,V444_0,2,DTP,0,0,V5555_33,1682709,PLANT03,PORT09,517,19.322241502178933,2.0
1447265635.7,2023-08-25,PORT04,V444_0,2,DTP,3,0,V555555_6,1677889,PLANT03,PORT09,927,3.54,2.0
1447258862.7,2023-04-15,PORT04,V444_0,2,DTP,3,0,V55555_4,1651299,PLANT03,PORT09,5308,14.88,2.0
1447236167.7,2023-07-05,PORT04,V444_0,2,DTP,0,0,V555555555555555_29,1688571,PLANT03,PORT09,288,4.40449246755705,2.0
1447233204.7,2023-04-06,PORT04,V444_0,3,DTP,0,0,V55555555_5,1684862,PLANT03,PORT09,274601,363.5,2.99
1447229946.7,2023-09-22,PORT04,V444_0,2,DTP,5,0,V55555555_7,1668545,PLANT03,PORT09,395,1.267896402203211,2.0
1447225207.7,2023-06-12,PORT04,V444_1,1,DTD,5,0,V55555555555555_8,1688633,PLANT03,PORT09,416,9.278430745644487,1.0
1447216668.7,2023-09-02,PORT04,V444_0,2,DTP,0,0,V555555555_14,1668547,PLANT03,PORT09,5383,37.96,2.0
1447210815.7,2023-04-28,PORT04,V444_0,2,DTP,3,1,V555_15,1691700,PLANT08,PORT09,740,2.9824836623548663,2.0
1447206236.7,2023-11-21,PORT04,V444_0,2,DTP,0,0,V5555555_30,1666295,PLANT03,PORT09,1284,9.62,2.0
1447200617.7,2023-06-11,PORT04,V444_0,2,DTP,5,0,V55555555_7,1671836,PLANT03,PORT09,257,1.7722249186753283,2.0
1447178729.7,2023-09-18,PORT09,V44_3,1,CRF,3,0,V55555_53,1696799,PLANT16,PORT09,2034,337.12,1.0
1447162230.7,2023-08-11,PORT04,V444_1,1,DTD,0,0,V5555555_22,1692946,PLANT03,PORT09,921,3.441058415401349,1.0
1447159852.7,2023-12-17,PORT04,V444_0,2,DTP,3,0,V555555_6,1649002,PLANT03,PORT09,486,2.3574758653166943,2.0
1447159850.7,2023-07-22,PORT04,V444_0,2,DTP,0,0,V555555555_14,1668545,PLANT03,PORT09,2018,13.759999999999998,2.0
1447411648.7,2023-07-28,PORT04,V444_1,1,DTD,0,0,V55555555555555_8,1688633,PLANT03,PORT09,339,9.278430745644487,1.0
1447410132.7,2023-04-29,PORT04,V444_0,2,DTP,0,0,V555555_34,1682826,PLANT03,PORT09,336,5.4892551063843085,2.0
1447389186.7,2023-06-12,PORT04,V444_0,2,DTP,0,0,V55555_26,1644050,PLANT03,PORT09,270,2.5106373237378175,2.0
1447384425.7,2023-06-23,PORT04,V444_0,2,DTP,0,0,V5555_33,1688292,PLANT03,PORT09,258,0.4384074716799486,2.0
1447381347.7,2023-05-28,PORT04,V444_0,2,DTP,0,0,V555555555555555_29,1688575,PLANT03,PORT09,382,9.043409286184646,2.0
1447381332.7,2023-12-13,PORT04,V444_1,1,DTD,5,0,V55555555555555_8,1700887,PLANT03,PORT09,411,13.92,1.0
1447376805.7,2023-01-05,PORT04,V444_0,2,DTP,0,0,V555555555_35,1682799,PLANT03,PORT09,249,0.4987185149135438,2.0
1447375570.7,2023-12-05,PORT04,V444_0,2,DTP,0,0,V555555555_27,1687346,PLANT03,PORT09,271,0.417427544207205,2.0
1447374835.7,2023-06-12,PORT04,V444_0,2,DTP,0,0,V55555555555_28,1678000,PLANT03,PORT09,40295,20.339315571491365,2.0
1447371334.7,2023-06-30,PORT04,V444_1,1,DTD,0,0,V5555555_22,1683636,PLANT03,PORT09,358,2.1021576298464657,1.0
1447343673.7,2023-07-05,PORT04,V444_0,2,DTP,3,1,V555_15,1677878,PLANT03,PORT09,389,0.3718129313987877,2.0
1447327212.7,2023-03-05,PORT04,V444_0,2,DTP,3,0,V55555_4,1677878,PLANT03,PORT09,8244,23.68,2.0
1447325207.7,2023-06-18,PORT04,V444_0,2,DTP,0,0,V555555555_14,1696482,PLANT03,PORT09,402,1.692690491907171,2.0
1447301635.7,2023-11-22,PORT04,V444_0,2,DTD,0,0,V555_41,1692333,PLANT03,PORT09,16810,4.487117953314343,2.0
1447285081.7,2023-11-16,PORT04,V444_0,2,DTP,3,0,V55555555_5,1700139,PLANT03,PORT09,52239,63.82875757389397,2.0
1447254120.7,2023-10-06,PORT04,V444_1,1,DTD,5,0,V55555555555555_8,1690627,PLANT03,PORT09,288,1.1525515647503422,1.0
1447248799.7,2023-11-12,PORT04,V444_1,2,DTD,5,0,V55555555555555_8,1666961,PLANT12,PORT09,320,11.8,2.0
1447219340.7,2023-02-10,PORT09,V44_3,1,CRF,3,0,V55555_53,1700106,PLANT16,PORT09,1291,26.6,1.0
1447201794.7,2023-07-15,PORT04,V444_0,2,DTP,0,0,V55555_26,1655818,PLANT03,PORT09,2522,6.54,2.0
1447200632.7,2023-02-26,PORT04,V444_0,2,DTP,5,0,V55555555_7,1671836,PLANT03,PORT09,319,0.29537081977922136,2.0
1447168943.7,2023-01-08,PORT04,V444_0,2,DTP,3,0,V555555_6,1672661,PLANT03,PORT09,493,4.556127962780745,2.0
1447163247.7,2023-11-20,PORT04,V444_0,2,DTP,3,0,V55555_4,1663347,PLANT03,PORT09,416,9.084996252369823,2.0
1447157443.7,2023-01-09,PORT04,V444_1,1,DTD,0,0,V5555555_22,1682742,PLANT03,PORT09,287,0.6431305926016517,1.0
1447145173.7,2023-11-12,PORT04,V444_1,1,DTD,0,0,V5555555_22,1660585,PLANT03,PORT09,691,41.286646758028205,1.0
1447137091.7,2023-07-13,PORT04,V444_0,2,DTP,0,0,V5555_33,1677891,PLANT03,PORT09,2650,6.9,2.0
1447417879.7,2023-06-20,PORT04,V444_1,1,DTD,0,0,V55555555555555_8,1688571,PLANT03,PORT09,497,17.6179698702282,1.0
1447405427.7,2023-11-05,PORT04,V444_0,2,DTP,0,0,V555555555_14,1696482,PLANT03,PORT09,625,3.7,2.0
1447394276.7,2023-10-15,PORT04,V444_1,1,DTD,5,0,V55555555555555_8,1700366,PLANT03,PORT09,331,7.8285708112779515,1.0
1447386766.7,2023-09-22,PORT04,V444_0,2,DTP,0,0,V555555555_27,1687346,PLANT03,PORT09,294,0.83485508841441,2.0
1447384590.7,2023-01-26,PORT04,V444_0,2,DTP,0,0,V55555555_5,1652883,PLANT13,PORT09,462,79.68710434334186,2.0
1447377765.7,2023-10-08,PORT04,V444_0,2,DTP,0,0,V555555_24,1651302,PLANT03,PORT09,777,3.12,2.0
1447326103.7,2023-05-11,PORT04,V444_0,2,DTP,0,0,V555555555_27,1697081,PLANT03,PORT09,668,3.7198729823508128,2.0
1447301157.7,2023-02-12,PORT04,V444_1,2,DTD,5,0,V55555555555555_8,1697781,PLANT12,PORT09,291,5.9906250000000005,2.0
1447297436.7,2023-03-02,PORT04,V444_1,1,DTD,1,0,V555555555555555555_17,1651299,PLANT03,PORT09,2164,5.628240556483847,1.0
1447283554.7,2023-02-19,PORT04,V444_0,2,DTP,3,0,V55555_2,1689031,PLANT03,PORT09,333,0.5,2.0
1447281296.7,2023-12-12,PORT04,V444_0,2,DTP,5,0,V55555555_7,1655818,PLANT03,PORT09,2241,6.08,2.0
1447274598.7,2023-03-30,PORT04,V444_1,2,DTD,5,0,V55555555555555_8,1666961,PLANT12,PORT09,403,26.6,2.0
1447266103.7,2023-12-23,PORT04,V444_0,2,DTP,0,0,V55555555555_28,1700139,PLANT03,PORT09,10723,13.165751514778794,2.0
1447252496.7,2023-10-06,PORT04,V44_3,4,CRF,0,0,V555555555555555_29,1699416,PLANT03,PORT09,2682,7.881128479806221,3.68
1447250681.7,2023-05-22,PORT04,V444_0,2,DTP,0,0,V555555555_14,1662552,PLANT03,PORT09,4246,9.24,2.0
1447247176.7,2023-12-26,PORT04,V444_1,1,DTD,0,0,V5555555_22,1683203,PLANT03,PORT09,1215,18.26,1.0
1447231066.7,2023-06-02,PORT04,V444_0,2,DTP,3,0,V5555555_22,1683200,PLANT03,PORT09,1618,25.92,2.0
1447230009.7,2023-04-16,PORT04,V444_0,2,DTP,5,0,V55555555_7,1668545,PLANT03,PORT09,326,0.4860269541778976,2.0
1447228701.7,2023-08-06,PORT04,V444_0,2,DTP,3,1,V555_15,1689469,PLANT03,PORT09,468,3.2666297987267705,2.0
1447222990.7,2023-04-12,PORT04,V444_0,2,DTP,0,0,V5555_33,1689544,PLANT03,PORT09,316,0.6435729464146502,2.0
1447212842.7,2023-03-26,PORT04,V444_1,1,DTD,5,0,V55555555555555_8,1689547,PLANT03,PORT09,350,7.198627187313828,1.0
1447208251.7,2023-07-12,PORT04,V444_0,2,DTP,3,0,V55555555_5,1699948,PLANT03,PORT09,369,3.299262790136219,2.0
1447208167.7,2023-04-02,PORT04,V444_1,1,DTD,5,0,V55555555555555_8,1690614,PLANT03,PORT09,356,6.292980174739069,1.0
1447195165.7,2023-02-03,PORT04,V444_0,2,DTP,3,0,V55555_2,1668127,PLANT03,PORT09,494,16.52,2.0
1447195160.7,2023-02-01,PORT04,V444_0,2,DTP,3,0,V55555_2,1666954,PLANT03,PORT09,249,0.013724904915507203,2.0
1447189599.7,2023-12-10,PORT04,V44_3,0,CRF,3,0,V55555555_32,1699318,PLANT03,PORT09,36233,103.27089925288658,0.0
1447185907.7,2023-07-31,PORT04,V444_0,2,DTP,0,0,V5555_33,1688290,PLANT03,PORT09,356,3.582134441359363,2.0
1447179945.7,2023-07-01,PORT04,V444_1,1,DTD,0,0,V555555555555555555_45,1689545,PLANT03,PORT09,324,1.3594228209568842,1.0
1447178259.7,2023-08-03,PORT04,V444_0,2,DTP,5,0,V55555555_7,1682739,PLANT03,PORT09,338,13.593443337484436,2.0
1447172388.7,2023-10-27,PORT04,V444_0,2,DTP,3,0,V55555_2,1689032,PLANT03,PORT09,447,4.14,2.0
1447160056.7,2023-05-11,PORT04,V444_1,1,DTD,3,0,V5555_20,1699946,PLANT03,PORT09,415,2.1801863861224717,1.0
1447158075.7,2023-10-24,PORT04,V444_0,2,DTP,3,0,V55555_4,1689145,PLANT03,PORT09,532,0.7153838722587947,2.0
1447424606.7,2023-11-10,PORT04,V444_0,2,DTP,0,0,V555555555_14,1696746,PLANT03,PORT09,928,25.516590306502327,2.0
1447418983.7,2023-09-22,PORT04,V444_0,2,DTP,5,0,V55555555_7,1699268,PLANT03,PORT09,834,1.3266798494467595,2.0
1447411636.7,2023-08-23,PORT04,V444_1,1,DTD,0,0,V55555555555555_8,1688589,PLANT03,PORT09,270,1.8270204416603795,1.0
1447409777.7,2023-11-18,PORT04,V444_0,2,DTP,0,0,V5555_33,1683426,PLANT03,PORT09,286,3.2741339249097883,2.0
1447382562.7,2023-10-06,PORT04,V444_0,2,DTP,0,0,V5555555_30,1672706,PLANT03,PORT09,354,4.709351753453772,2.0
1447371673.7,2023-12-06,PORT04,V444_1,1,DTD,5,0,V55555555555555_8,1693747,PLANT03,PORT09,456,26.020000000000003,1.0
1447323800.7,2023-10-21,PORT04,V444_0,2,DTP,3,0,V55555_4,1662274,PLANT03,PORT09,344,4.153153153153152,2.0
1447320505.7,2023-12-18,PORT04,V444_1,1,DTD,0,0,V5555555_22,1676566,PLANT03,PORT09,256,0.010495376293631465,1.0
1447320448.7,2023-10-26,PORT04,V444_1,1,DTD,0,0,V5555555_22,1692946,PLANT03,PORT09,1635,6.882116830802698,1.0
1447318990.7,2023-03-01,PORT04,V444_0,2,DTP,0,0,V5555_33,1688288,PLANT03,PORT09,299,0.8528172641340142,2.0
1447317266.7,2023-08-22,PORT04,V444_1,1,DTD,0,0,V555555555555555555_45,1682832,PLANT03,PORT09,360,8.903225183661748,1.0
1447313756.7,2023-06-30,PORT04,V444_0,2,DTP,0,0,V55555_26,1683560,PLANT03,PORT09,4393,40.155258544586864,2.0
1447308847.7,2023-08-05,PORT04,V444_0,2,DTP,0,0,V555555555555555_29,1688575,PLANT03,PORT09,361,4.521704643092323,2.0
1447305066.7,2023-08-25,PORT04,V444_0,2,DTP,3,0,V55555_2,1664051,PLANT03,PORT09,25304,294.3337241526327,2.02
1447283688.7,2023-03-02,PORT04,V444_0,2,DTP,0,0,V55555_26,1677878,PLANT03,PORT09,256,0.07436258627975753,2.0
1447261161.7,2023-05-01,PORT04,V44_3,2,CRF,3,0,V55555_2,1672034,PLANT03,PORT09,264,0.22298671938033243,2.0
1447252558.7,2023-03-07,PORT04,V444_1,1,DTD,5,0,V55555555555555_8,1689547,PLANT03,PORT09,426,7.198627187313828,1.0
1447232844.7,2023-06-07,PORT04,V444_0,2,DTP,3,0,V55555_2,1658528,PLANT03,PORT09,363,1.2898659126151597,2.0
1447232389.7,2023-08-12,PORT04,V444_0,2,DTP,0,0,V5555_33,1689546,PLANT03,PORT09,323,1.685759716146325,2.0
1447228936.7,2023-01-08,PORT04,V444_0,2,DTP,0,0,V5555_25,1695346,PLANT03,PORT09,258,0.07663828733558294,2.0
1447214048.7,2023-11-14,PORT04,V444_0,2,DTP,0,0,V555555555_14,1668496,PLANT03,PORT09,651,6.653333333333333,2.0
1447206161.7,2023-04-12,PORT04,V444_0,2,DTP,0,0,V5555555_30,1668346,PLANT03,PORT09,459,15.38,2.0
1447193197.7,2023-12-23,PORT04,V444_1,1,DTD,5,0,V55555555555555_8,1690616,PLANT03,PORT09,246,0.47135044828415773,1.0
1447188579.7,2023-12-19,PORT04,V444_0,2,DTP,0,0,V5555555_30,1668545,PLANT03,PORT09,335,0.6339482011016055,2.0
1447185580.7,2023-05-05,PORT04,V444_0,2,DTP,5,0,V55555555_7,1683432,PLANT03,PORT09,251,0.3869331548668943,2.0
1447183404.7,2023-12-06,PORT04,V444_0,2,DTP,3,1,V555_15,1682832,PLANT03,PORT09,610,29.051610661182295,2.0
1447167730.7,2023-12-04,PORT04,V444_0,2,DTP,0,0,V55555555_5,1668547,PLANT03,PORT09,323,0.3983215434788333,2.0
1447146544.7,2023-10-29,PORT04,V444_0,2,DTP,3,0,V55555_4,1651302,PLANT03,PORT09,381,0.6639604398848624,2.0
1447423191.7,2023-09-18,PORT04,V444_0,2,DTP,5,0,V55555555_7,1675615,PLANT03,PORT09,941,5.300000000000001,2.0
1447408600.7,2023-05-18,PORT04,V444_0,2,DTP,0,0,V555555_24,1689546,PLANT03,PORT09,776,39.312720821507384,2.0
1447394111.7,2023-11-06,PORT04,V444_0,2,DTP,3,0,V555555555_3,1682769,PLANT03,PORT09,348,9.205357817305792,2.0
1447373496.7,2023-07-19,PORT04,V444_0,2,DTP,3,0,V55555_2,1668127,PLANT03,PORT09,455,18.68,2.0
1447359646.7,2023-04-11,PORT04,V444_1,1,DTD,0,0,V5555555_22,1683636,PLANT03,PORT09,363,1.9915177545913887,1.0
1447350363.7,2023-09-05,PORT04,V444_0,2,DTP,0,0,V555555555_27,1689147,PLANT03,PORT09,296,0.15063058830438553,2.0
1447343146.7,2023-07-17,PORT04,V444_1,1,DTD,5,0,V55555555555555_8,1688288,PLANT03,PORT09,287,1.0660215801675177,1.0
1447328072.7,2023-05-25,PORT04,V444_0,2,DTP,0,0,V555555555_27,1668608,PLANT03,PORT09,276,1.0096131896005074,2.0
1447327974.7,2023-09-19,PORT04,V444_0,2,DTP,3,0,V555555_6,1615677,PLANT03,PORT09,381,0.7907551835647708,2.0
1447327955.7,2023-11-09,PORT04,V444_0,2,DTP,3,0,V555555_6,1667817,PLANT03,PORT09,611,5.8978600823045255,2.0
1447325527.7,2023-06-02,PORT04,V444_0,2,DTP,3,0,V555555555_3,1689547,PLANT03,PORT09,650,28.79450874925531,2.0
1447320835.7,2023-03-26,PORT04,V444_1,1,DTD,0,0,V5555555_22,1696754,PLANT03,PORT09,308,0.5337087822334611,1.0
1447305209.7,2023-04-16,PORT04,V44_3,0,CRF,3,0,V55555555_32,1699690,PLANT03,PORT09,1987,3.1620246512857144,0.0
1447302865.7,2023-04-08,PORT04,V444_0,2,DTP,0,0,V55_13,1696754,PLANT03,PORT09,377,5.3370878223346105,2.0
1447264563.7,2023-03-14,PORT04,V444_1,1,DTD,3,0,V5555555_19,1696075,PLANT03,PORT09,2233,10.657028724235024,1.0
1447236958.7,2023-04-07,PORT04,V444_0,2,DTP,5,0,V55555555_7,1646909,PLANT03,PORT09,319,0.1319590058082608,2.0
1447225251.7,2023-07-06,PORT04,V444_1,1,DTD,5,0,V55555555555555_8,1688610,PLANT03,PORT09,267,2.477597048710119,1.0
1447172387.7,2023-02-10,PORT04,V444_0,2,DTP,3,0,V55555_2,1689032,PLANT03,PORT09,456,4.1,2.0
1447170982.7,2023-06-23,PORT04,V444_0,2,DTP,0,0,V55555555555_28,1667934,PLANT03,PORT09,4325,0.8190994870552318,2.0
1447163433.7,2023-04-24,PORT04,V444_0,2,DTP,3,0,V555555_6,1689547,PLANT03,PORT09,1328,72.98627187313828,2.0
1447156691.7,2023-09-24,PORT04,V444_0,2,DTP,3,0,V555555_6,1677878,PLANT03,PORT09,436,0.7064445696576965,2.0
1447144656.7,2023-06-10,PORT04,V444_0,2,DTP,0,0,V55555555_5,1651299,PLANT03,PORT09,2258,6.0,2.0
1447411619.7,2023-09-06,PORT04,V444_1,1,DTD,0,0,V55555555555555_8,1690630,PLANT03,PORT09,361,1.7445446926102484,1.0
1447405948.7,2023-03-06,PORT04,V44_3,0,CRF,0,0,V555555555555555_29,1699841,PLANT03,PORT09,8695,15.365997005134446,0.12
1447403221.7,2023-01-31,PORT04,V44_3,2,CRF,3,0,V55555_2,1696074,PLANT03,PORT09,257,0.17758296843234683,2.0
1447399905.7,2023-06-04,PORT04,V44_3,0,CRF,3,0,V55555555_32,1699842,PLANT03,PORT09,15370,28.789175690322583,0.0
1447392318.7,2023-08-01,PORT04,V444_0,2,DTP,3,0,V55555_2,1689031,PLANT03,PORT09,774,9.46,2.0
1447386473.7,2023-10-20,PORT04,V444_0,2,DTP,3,1,V555_15,1677878,PLANT03,PORT09,303,0.07436258627975753,2.0
1447384150.7,2023-12-20,PORT04,V44_3,0,CRF,0,0,V5555555_30,1699242,PLANT03,PORT09,870,1.77923094,0.0
1447382067.7,2023-08-19,PORT04,V444_1,1,DTD,0,0,V5555555_22,1680915,PLANT03,PORT09,484,3.7,1.0
1447373528.7,2023-10-08,PORT04,V444_0,2,DTP,0,0,V555555555_27,1677878,PLANT03,PORT09,551,0.8923510353570904,2.0
1447368586.7,2023-01-16,PORT04,V444_1,2,DTD,3,0,V55555555_9,1666958,PLANT12,PORT09,249,1.6747232472324725,2.0
1447359789.7,2023-05-20,PORT04,V444_1,1,DTD,3,0,V5555555_19,1695349,PLANT03,PORT09,936,6.23753075112463,1.0
1447353015.7,2023-05-23,PORT04,V444_0,2,DTP,0,3,V555555555_27,1676942,PLANT03,PORT09,6306,9.1,2.0
1447352529.7,2023-10-20,PORT04,V444_0,2,DTP,3,0,V55555555_0,1689553,PLANT03,PORT09,321,2.46,2.0
1447350448.7,2023-02-01,PORT04,V444_1,1,DTD,5,0,V55555555555555_8,1689544,PLANT03,PORT09,252,1.0726215773577505,1.0
1447349662.7,2023-02-03,PORT04,V444_0,2,DTP,3,0,V55555555_5,1689788,PLANT03,PORT09,302,0.6380979007027745,2.0
1447338891.7,2023-07-10,PORT04,V444_0,2,DTP,3,0,V555555_6,1689782,PLANT03,PORT09,352,2.1782880430201867,2.0
1447323807.7,2023-08-04,PORT04,V444_0,2,DTP,3,0,V555555_6,1666507,PLANT03,PORT09,409,1.7253807106598984,2.0
1447323746.7,2023-02-05,PORT04,V444_0,2,DTP,0,0,V5555555_30,1674120,PLANT03,PORT09,812,39.51273677335075,2.0
1447320705.7,2023-01-14,PORT04,V444_1,1,DTD,0,0,V5555555_22,1656246,PLANT03,PORT09,1302,4.096305732484077,1.0
1447319265.7,2023-02-16,PORT04,V444_0,3,DTD,0,0,V555555555555555555_42,1671426,PLANT03,PORT09,12262,7.676558079757033,3.0
1447318102.7,2023-08-09,PORT04,V444_1,1,DTD,5,0,V55555555555555_8,1690630,PLANT03,PORT09,314,3.140180446698447,1.0
1447310718.7,2023-06-24,PORT04,V444_0,2,DTP,3,1,V555_15,1689548,PLANT03,PORT09,421,12.108442623059814,2.0
1447308863.7,2023-10-26,PORT04,V444_1,1,DTD,5,0,V55555555555555_8,1688633,PLANT03,PORT09,528,18.556861491288974,1.0
1447307115.7,2023-12-16,PORT04,V444_0,2,DTP,3,1,V555_15,1677878,PLANT03,PORT09,496,0.7101626989716845,2.0
1447302786.7,2023-10-15,PORT04,V444_0,2,DTP,0,0,V555555555_27,1679638,PLANT03,PORT09,396,0.3381662044037619,2.0
1447300032.7,2023-08-16,PORT04,V444_0,2,DTP,0,0,V55_13,1696754,PLANT03,PORT09,285,0.7471922951268455,2.0
1447299256.7,2023-01-12,PORT04,V444_0,3,DTP,0,0,V55555555_5,1684862,PLANT03,PORT09,384637,558.4510063296143,2.99
1447295477.7,2023-05-25,PORT04,V444_0,2,DTP,3,0,V5555555_22,1683636,PLANT03,PORT09,351,1.4936383159435416,2.0
1447292066.7,2023-04-03,PORT04,V444_0,2,DTP,0,0,V5555_33,1689546,PLANT03,PORT09,298,0.2298763249290443,2.0
1447288317.7,2023-06-22,PORT04,V444_0,2,DTP,0,0,V5555_33,1688571,PLANT03,PORT09,285,1.057078192213692,2.0
1447284912.7,2023-04-06,PORT04,V444_1,1,DTD,0,0,V5555555_22,1672651,PLANT03,PORT09,503,4.32207610985654,1.0
1447281341.7,2023-02-17,PORT04,V444_0,2,DTP,5,0,V55555555_7,1687346,PLANT03,PORT09,422,2.3793370019810687,2.0
1447258820.7,2023-11-14,PORT04,V444_0,2,DTP,3,0,V555555_6,1675615,PLANT03,PORT09,1254,8.845369802283935,2.0
1447234276.7,2023-08-14,PORT04,V444_1,1,DTD,1,0,V555555555555555555_17,1694720,PLANT03,PORT09,372,1.2311862289294186,1.0
1447232555.7,2023-06-10,PORT04,V444_0,2,DTP,0,0,V55_13,1668545,PLANT03,PORT09,510,1.8701471932497364,2.0
1447232304.7,2023-08-17,PORT04,V444_0,2,DTP,0,0,V555555555_27,1668345,PLANT03,PORT09,340,8.594455110107285,2.0
1447231171.7,2023-06-26,PORT04,V444_1,1,DTD,3,0,V5555555_19,1697085,PLANT03,PORT09,847,2.543897426244661,1.0
1447231051.7,2023-06-09,PORT04,V44_3,0,CRF,3,0,V55555555_32,1699690,PLANT03,PORT09,3660,6.324049302571429,0.0
1447231021.7,2023-03-17,PORT04,V444_0,2,DTP,0,0,V555555555_27,1677878,PLANT03,PORT09,1297,3.7553106071277553,2.0
1447219467.7,2023-05-05,PORT04,V444_0,2,DTP,0,3,V555555555_27,1669702,PLANT03,PORT09,1011,14.118691823899374,2.0
1447204377.7,2023-12-19,PORT04,V444_0,2,DTP,0,0,V555555555_27,1662552,PLANT03,PORT09,764,2.0640430259280813,2.0
1447202430.7,2023-11-09,PORT09,V44_3,1,CRF,3,0,V55555_53,1700035,PLANT16,PORT09,1276,16.4,1.0
1447200081.7,2023-06-29,PORT04,V444_0,2,DTP,0,0,V55555_26,1655723,PLANT03,PORT09,305,0.05302120825016615,2.0
1447194414.7,2023-04-19,PORT04,V444_0,2,DTP,0,0,V555555555_27,1663347,PLANT03,PORT09,381,4.5424981261849116,2.0
1447178895.7,2023-01-25,PORT04,V444_0,2,DTP,0,0,V55555555_5,1682805,PLANT03,PORT09,587,26.774492439869725,2.0
1447178830.7,2023-05-10,PORT04,V444_1,1,DTD,0,0,V5555555_22,1682826,PLANT03,PORT09,836,45.855056012168916,1.0
1447160022.7,2023-01-07,PORT04,V444_0,2,DTP,3,0,V555555_6,1660578,PLANT03,PORT09,336,1.0633485414074382,2.0
1447145110.7,2023-01-11,PORT04,V444_1,1,DTD,0,0,V5555555_22,1686401,PLANT03,PORT09,569,9.06,1.0
1447133211.7,2023-12-06,PORT04,V444_0,2,DTP,0,0,V55555_26,1693230,PLANT03,PORT09,79487,428.97994150440775,2.02
1447418991.7,2023-02-01,PORT04,V444_0,2,DTP,5,0,V55555555_7,1699283,PLANT03,PORT09,2832,12.763034238274194,2.0
1447418084.7,2023-01-08,PORT04,V444_1,2,DTD,0,0,V55555_10,1682914,PLANT12,PORT09,339,2.6991406138248175,2.0
1447401805.7,2023-05-10,PORT04,V444_0,2,DTP,3,0,V5555555_22,1683199,PLANT03,PORT09,2473,40.175813554450336,2.0
1447392890.7,2023-10-26,PORT04,V444_0,2,DTP,3,0,V555555_6,1651298,PLANT03,PORT09,4257,7.74,2.0
1447373482.7,2023-10-10,PORT04,V44_3,2,CRF,3,0,V55555_2,1651126,PLANT03,PORT09,287,2.647666666666667,2.0
1447365273.7,2023-12-24,PORT04,V444_0,2,DTP,3,0,V55555_4,1668639,PLANT03,PORT09,598,6.607333333333333,2.0
1447355492.7,2023-10-15,PORT04,V444_1,1,DTD,1,0,V555555555555555555_17,1689146,PLANT03,PORT09,2310,3.0180618556701004,1.0
1447355138.7,2023-09-18,PORT04,V444_0,2,DTP,3,0,V555555_6,1682826,PLANT03,PORT09,332,3.92089650456022,2.0
1447351870.7,2023-11-07,PORT04,V444_0,2,DTP,3,0,V555555_6,1687644,PLANT03,PORT09,1498,14.98,2.0
1447334180.7,2023-01-11,PORT04,V444_0,2,DTP,0,0,V55555_26,1654498,PLANT03,PORT09,30270,671.64,2.0
1447327999.7,2023-05-09,PORT04,V444_0,2,DTP,3,0,V55555_4,1675662,PLANT03,PORT09,1232,8.84,2.0
1447323713.7,2023-03-09,PORT04,V444_0,2,DTP,3,0,V555555_6,1677891,PLANT03,PORT09,5262,14.680000000000001,2.0
1447318090.7,2023-05-19,PORT04,V444_1,1,DTD,5,0,V55555555555555_8,1688285,PLANT03,PORT09,290,4.6904786793020845,1.0
1447310433.7,2023-04-06,PORT04,V444_0,2,DTP,3,0,V55555_4,1667817,PLANT03,PORT09,616,5.8978600823045255,2.0
1447308627.7,2023-03-23,PORT04,V444_0,2,DTP,5,0,V55555555_7,1692955,PLANT03,PORT09,717,9.4,2.0
1447306328.7,2023-08-25,PORT04,V444_1,1,DTD,0,0,V5555555_22,1683634,PLANT03,PORT09,659,6.687872360669659,1.0
1447301177.7,2023-03-03,PORT04,V444_0,2,DTP,3,0,V5555555_12,1683203,PLANT03,PORT09,836,9.92,2.0
1447300172.7,2023-01-05,PORT04,V444_0,2,DTP,0,0,V555555555_14,1696746,PLANT03,PORT09,720,21.30166087955687,2.0
1447286555.7,2023-06-17,PORT04,V444_1,1,DTD,3,0,V5555555_19,1697085,PLANT03,PORT09,1071,3.3649436855088113,1.0
1447283826.7,2023-02-04,PORT04,V444_0,2,DTP,3,0,V555555_6,1675655,PLANT03,PORT09,555,3.22,2.0
1447283239.7,2023-08-02,PORT04,V444_0,2,DTP,3,0,V55555_2,1696758,PLANT03,PORT09,312,2.398898626411086,2.0
1447258688.7,2023-03-21,PORT04,V444_0,3,DTD,0,0,V555555555555555555_42,1671426,PLANT03,PORT09,18249,10.51483711963555,3.0
1447240419.7,2023-10-11,PORT04,V444_0,2,DTP,0,0,V555555555_27,1679638,PLANT03,PORT09,356,0.3381662044037619,2.0
1447238195.7,2023-10-06,PORT04,V444_0,2,DTP,3,0,V5555555_22,1683636,PLANT03,PORT09,326,1.3000185342471566,2.0
1447230812.7,2023-09-30,PORT04,V444_0,2,DTP,3,0,V55555_2,1689031,PLANT03,PORT09,769,9.42,2.0
1447229202.7,2023-05-04,PORT04,V44_3,2,CRF,3,0,V55555_2,1666954,PLANT03,PORT09,319,0.19214866881710083,2.0
1447225222.7,2023-04-30,PORT04,V444_0,2,DTP,3,0,V55555555_5,1700140,PLANT03,PORT09,22686,16.722900675299904,2.04
1447209041.7,2023-08-25,PORT04,V44_3,0,CRF,3,0,V55555555_32,1699834,PLANT03,PORT09,14706,18.30980551135294,0.0
1447205698.7,2023-01-28,PORT04,V444_1,1,DTD,0,0,V5555555_22,1672651,PLANT03,PORT09,414,1.4794798991432,1.0
1447204441.7,2023-04-09,PORT04,V444_0,2,DTP,0,0,V55555_26,1699948,PLANT03,PORT09,834,16.496313950681095,2.0
1447199730.7,2023-04-11,PORT04,V444_0,2,DTP,3,0,V55555_2,1691700,PLANT03,PORT09,810,2.9824836623548663,2.0
1447199507.7,2023-09-16,PORT04,V444_0,2,DTP,0,0,V5555_25,1699948,PLANT03,PORT09,2354,65.71109361655435,2.0
1447199506.7,2023-08-21,PORT04,V444_0,2,DTP,0,0,V5555_25,1693453,PLANT03,PORT09,2599,11.880807463291159,2.0
1447194890.7,2023-09-22,PORT04,V444_0,2,DTP,3,0,V555555555_3,1672707,PLANT03,PORT09,292,3.9215603137587465,2.0
1447174185.7,2023-12-10,PORT04,V444_0,2,DTP,3,0,V55555_2,1664061,PLANT03,PORT09,8709,110.48,2.0
1447167715.7,2023-01-29,PORT04,V444_0,2,DTP,0,0,V555555555_35,1688629,PLANT03,PORT09,311,0.3587306213565619,2.0
1447163495.7,2023-09-26,PORT04,V444_0,2,DTP,0,3,V555555555_27,1655818,PLANT03,PORT09,2278,6.438622535387958,2.0
1447162468.7,2023-09-17,PORT04,V444_1,1,DTD,5,0,V55555555555555_8,1689549,PLANT03,PORT09,311,1.9168708781045667,1.0
1447159912.7,2023-01-19,PORT04,V444_0,2,DTP,3,0,V555555_6,1675615,PLANT03,PORT09,376,1.1498980742969114,2.0
1447158687.7,2023-09-30,PORT04,V444_1,1,DTD,0,0,V555555555555555555_45,1690630,PLANT03,PORT09,346,1.3084085194576862,1.0
1447155742.7,2023-01-25,PORT04,V444_1,1,DTD,0,0,V5555555_22,1656353,PLANT03,PORT09,290,0.8607094413752691,1.0
1447152821.7,2023-06-18,PORT04,V444_0,2,DTP,0,0,V555555555_27,1655818,PLANT03,PORT09,2779,7.04,2.0
1447152429.7,2023-07-03,PORT04,V444_0,2,DTP,0,0,V555555555_27,1677891,PLANT03,PORT09,1035,2.6457015228426393,2.0
1447149934.7,2023-12-25,PORT04,V444_0,2,DTP,0,0,V5555_33,1689546,PLANT03,PORT09,300,0.38312720821507384,2.0
1447149103.7,2023-04-08,PORT04,V444_0,2,DTP,5,0,V55555555_7,1687353,PLANT12,PORT09,309,9.972463768115944,2.0
1447147837.7,2023-07-29,PORT04,V444_0,2,DTP,0,0,V5555_33,1688633,PLANT03,PORT09,302,0.18556861491288973,2.0
1447145177.7,2023-10-04,PORT04,V444_1,1,DTD,0,0,V5555555_22,1672661,PLANT03,PORT09,1215,18.084582441432552,1.0
1447417824.7,2023-01-07,PORT04,V444_1,1,DTD,0,0,V55555555555555_8,1688633,PLANT03,PORT09,413,9.278430745644487,1.0
1447405724.7,2023-06-16,PORT04,V444_1,1,DTD,0,0,V5555555_22,1693105,PLANT03,PORT09,615,3.553899636592591,1.0
1447385917.7,2023-05-28,PORT04,V44_3,0,CRF,3,0,V55555555_32,1699564,PLANT03,PORT09,44359,43.19369014965036,0.0
1447372975.7,2023-11-23,PORT04,V444_0,2,DTP,0,0,V5555_33,1688288,PLANT03,PORT09,276,1.7056345282680283,2.0
1447367167.7,2023-09-14,PORT04,V444_0,2,DTP,3,0,V555555_6,1685212,PLANT03,PORT09,443,3.5096804456171204,2.0
1447365768.7,2023-08-09,PORT04,V444_0,2,DTP,3,0,V555555_6,1662552,PLANT03,PORT09,347,0.3440071709880136,2.0
1447334800.7,2023-01-05,PORT04,V444_0,2,DTP,3,0,V555555_6,1675615,PLANT03,PORT09,287,0.04422684901141967,2.0
1447326621.7,2023-09-22,PORT04,V444_0,2,DTP,5,0,V55555555_7,1699268,PLANT03,PORT09,1534,2.653359698893519,2.0
1447305206.7,2023-04-15,PORT04,V44_3,0,CRF,3,0,V55555555_32,1699690,PLANT03,PORT09,5347,9.486073953857144,0.0
1447302782.7,2023-04-14,PORT04,V444_0,2,DTP,0,0,V55555_26,1668608,PLANT03,PORT09,519,5.72,2.0
1447283486.7,2023-12-23,PORT04,V444_0,2,DTP,0,0,V5555_33,1674635,PLANT12,PORT09,292,3.860521708203332,2.0
1447269698.7,2023-10-05,PORT04,V444_0,2,DTP,3,0,V55555555_5,1696074,PLANT03,PORT09,340,0.8879148421617342,2.0
1447269303.7,2023-09-16,PORT04,V44_3,4,CRF,0,0,V555555555555_31,1684560,PLANT03,PORT09,15268,6.685965344280644,4.0
1447268281.7,2023-08-25,PORT04,V444_1,1,DTD,5,0,V55555555555555_8,1690619,PLANT03,PORT09,325,1.2860334070694257,1.0
1447267052.7,2023-04-17,PORT04,V444_0,2,DTP,0,0,V55555_26,1672706,PLANT03,PORT09,403,8.1,2.0
1447265473.7,2023-07-11,PORT04,V444_0,2,DTP,3,0,V55555555_5,1666994,PLANT12,PORT09,237,1.1095990951829953,2.0
1447248458.7,2023-12-14,PORT04,V444_0,2,DTP,0,0,V55555_26,1683560,PLANT03,PORT09,6200,64.94284532250784,2.0
1447242712.7,2023-09-25,PORT04,V444_1,1,DTD,1,0,V555555555555555555_17,1676853,PLANT03,PORT09,1276,2.6416254469548304,1.0
1447241502.7,2023-03-12,PORT04,V444_1,1,DTD,5,0,V55555555555555_8,1689549,PLANT03,PORT09,308,1.9168708781045667,1.0
1447234929.7,2023-04-03,PORT04,V444_0,2,DTP,0,0,V555555555_27,1683700,PLANT03,PORT09,5108,2.7755185132891382,2.0
1447209474.7,2023-07-09,PORT04,V444_0,2,DTP,0,0,V555555555_27,1676853,PLANT03,PORT09,744,1.1623151966601253,2.0
1447207726.7,2023-05-15,PORT04,V444_0,2,DTP,0,0,V55_13,1694720,PLANT03,PORT09,764,5.367971958132266,2.0
1447204345.7,2023-03-04,PORT04,V444_0,2,DTP,0,0,V555555555_27,1655818,PLANT03,PORT09,749,1.4486900704622905,2.0
1447204324.7,2023-08-30,PORT04,V444_0,2,DTP,3,0,V555555_6,1657063,PLANT03,PORT09,435,2.4887023886378308,2.0
1447203760.7,2023-04-06,PORT04,V444_0,2,DTP,3,0,V555555_6,1695346,PLANT03,PORT09,1277,3.8319143667791464,2.0
1447195866.7,2023-04-07,PORT04,V444_0,2,DTP,0,0,V555555_24,1689551,PLANT03,PORT09,404,7.463581199611766,2.0
1447173856.7,2023-04-08,PORT04,V444_0,2,DTP,5,0,V55555555_7,1668545,PLANT03,PORT09,373,1.1939357787413571,2.0
1447173724.7,2023-09-12,PORT04,V444_0,2,DTP,3,0,V55555_2,1655818,PLANT03,PORT09,653,1.3263562422899193,2.0
1447171110.7,2023-10-13,PORT04,V444_0,2,DTP,3,0,V555555_6,1675615,PLANT03,PORT09,1243,8.845369802283935,2.0
1447167274.7,2023-06-19,PORT04,V444_0,2,DTP,3,0,V555555_6,1692109,PLANT03,PORT09,2333,15.1885593038036,2.0
1447163910.7,2023-03-02,PORT04,V444_0,2,DTP,0,0,V555555555_27,1671942,PLANT03,PORT09,386,15.259999999999998,2.0
1447159963.7,2023-05-26,PORT04,V444_0,2,DTP,0,0,V555555555_14,1660885,PLANT03,PORT09,543,2.206325935662168,2.0
1447158000.7,2023-11-19,PORT04,V444_0,2,DTP,0,0,V555555555_27,1668345,PLANT03,PORT09,1110,83.54,2.0
1447152849.7,2023-09-17,PORT04,V444_0,2,DTP,0,0,V555555555_27,1677878,PLANT03,PORT09,5555,14.319999999999999,2.0
1447152685.7,2023-06-26,PORT04,V444_0,2,DTP,0,0,V555555555_27,1679638,PLANT03,PORT09,2248,6.08,2.0
1447140282.7,2023-08-08,PORT04,V444_0,2,DTP,3,0,V55555_2,1680210,PLANT03,PORT09,258,0.019798238057956455,2.0
1447372974.7,2023-06-18,PORT04,V444_0,2,DTP,0,0,V5555_33,1688589,PLANT03,PORT09,280,1.0962122649962276,2.0
1447369705.7,2023-03-11,PORT04,V444_0,2,DTP,3,0,V555555555_3,1682832,PLANT03,PORT09,374,8.903225183661748,2.0
1447361669.7,2023-10-07,PORT04,V444_1,1,DTD,0,0,V5555555_22,1682826,PLANT03,PORT09,516,16.68358601824088,1.0
1447358430.7,2023-01-16,PORT04,V444_0,2,DTP,3,0,V555555_6,1676853,PLANT03,PORT09,325,0.09245689064341905,2.0
1447334860.7,2023-04-18,PORT04,V444_0,2,DTP,0,0,V555555555555555_29,1688571,PLANT03,PORT09,528,16.6179698702282,2.0
1447322269.7,2023-09-08,PORT04,V444_1,1,DTD,5,0,V55555555555555_8,1690632,PLANT03,PORT09,272,0.26251015177929565,1.0
1447321331.7,2023-09-11,PORT04,V444_0,2,DTP,0,0,V555555555_27,1677877,PLANT03,PORT09,2262,4.636129032258063,2.0
1447300147.7,2023-05-21,PORT04,V444_0,2,DTP,3,1,V555_15,1651298,PLANT03,PORT09,2326,4.596727272727272,2.0
1447295787.7,2023-09-30,PORT04,V444_0,2,DTP,0,0,V555555555555555_29,1682802,PLANT03,PORT09,258,1.5297234676472105,2.0
1447255582.7,2023-09-01,PORT04,V44_3,0,CRF,3,0,V55555555_32,1699553,PLANT03,PORT09,671,1.7408589019380563,0.0
1447231574.7,2023-03-07,PORT04,V444_0,2,DTP,0,0,V555555555_14,1677878,PLANT03,PORT09,8279,22.52,2.0
1447220580.7,2023-06-11,PORT04,V444_1,1,DTD,5,0,V55555555555555_8,1700382,PLANT03,PORT09,259,4.5478339350180494,1.0
1447214231.7,2023-08-30,PORT04,V444_0,2,DTP,0,0,V555555555555555_29,1688571,PLANT03,PORT09,295,4.40449246755705,2.0
1447194394.7,2023-07-10,PORT04,V44_3,2,CRF,3,0,V55555_2,1672713,PLANT03,PORT09,302,0.43008595988538684,2.0
1447175812.7,2023-02-03,PORT04,V444_0,2,DTP,0,0,V555555555_27,1679638,PLANT03,PORT09,484,0.5072493066056428,2.0
1447168942.7,2023-10-03,PORT04,V444_0,2,DTP,3,0,V555555_6,1668545,PLANT03,PORT09,1854,14.140000000000002,2.0
1447165475.7,2023-04-30,PORT04,V444_0,2,DTP,0,0,V55555_26,1655818,PLANT03,PORT09,1355,3.5412423944633766,2.0
1447158620.7,2023-08-07,PORT04,V444_0,2,DTP,0,0,V555555555_27,1685211,PLANT03,PORT09,1313,18.46,2.0
1447149295.7,2023-01-05,PORT04,V444_0,2,DTP,3,0,V55555555_0,1668128,PLANT03,PORT09,368,11.582655957944274,2.0
1447146019.7,2023-06-12,PORT04,V444_1,1,DTD,0,0,V5555555_22,1676566,PLANT03,PORT09,489,2.497899557884289,1.0
1447144470.7,2023-08-21,PORT04,V444_1,1,DTD,0,0,V555555555555555555_45,1690628,PLANT03,PORT09,348,1.731004426418025,1.0
1447141983.7,2023-08-09,PORT04,V444_0,2,DTP,0,0,V555555_24,1689145,PLANT03,PORT09,456,0.7153838722587947,2.0
1447411607.7,2023-01-24,PORT04,V444_0,2,DTP,0,0,V55555555_5,1651302,PLANT03,PORT09,1326,3.96,2.0
1447406046.7,2023-09-11,PORT04,V44_3,0,CRF,0,0,V555555555555555_29,1699248,PLANT03,PORT09,3250,9.967514308355264,1.12
1447382045.7,2023-10-01,PORT04,V444_1,1,DTD,0,0,V5555555_22,1676566,PLANT03,PORT09,1930,16.876565080159395,1.0
1447336273.7,2023-08-26,PORT04,V444_0,2,DTP,3,0,V555555_6,1649002,PLANT03,PORT09,596,3.04,2.0
1447334310.7,2023-07-26,PORT04,V444_1,1,DTD,5,0,V55555555555555_8,1689550,PLANT03,PORT09,447,15.333684805458734,1.0
1447328137.7,2023-10-15,PORT04,V444_1,1,DTD,1,0,V555555555555555555_17,1683190,PLANT03,PORT09,277,0.7986348122866896,1.0
1447305228.7,2023-08-06,PORT04,V444_0,2,DTP,0,0,V55555555_5,1671942,PLANT03,PORT09,247,1.2101339210637339,2.0
1447291530.7,2023-02-07,PORT04,V444_0,2,DTP,0,0,V555555555_14,1696488,PLANT03,PORT09,476,3.46,2.0
1447284630.7,2023-02-06,PORT04,V444_0,2,DTP,0,0,V5555_33,1682736,PLANT03,PORT09,303,4.013602941176471,2.0
1447282079.7,2023-07-27,PORT04,V444_0,2,DTP,0,0,V5555_33,1689547,PLANT03,PORT09,273,0.43191763123882965,2.0
1447281688.7,2023-07-25,PORT04,V444_1,1,DTD,3,0,V5555555_19,1697080,PLANT03,PORT09,2370,12.461916973387238,1.0
1447275845.7,2023-01-28,PORT04,V444_0,2,DTP,3,0,V55555_2,1689032,PLANT03,PORT09,651,7.199999999999999,2.0
1447214748.7,2023-01-24,PORT04,V444_1,1,DTD,0,0,V5555555_22,1683203,PLANT03,PORT09,289,0.8801996896960846,1.0
1447207592.7,2023-11-15,PORT04,V444_0,2,DTP,3,0,V555555_6,1651302,PLANT03,PORT09,774,3.1,2.0
1447189432.7,2023-04-01,PORT04,V444_0,2,DTP,0,0,V555555555_27,1683700,PLANT03,PORT09,7509,4.163277769933707,2.02
1447183386.7,2023-01-25,PORT04,V444_0,2,DTP,3,0,V55555555_0,1650685,PLANT03,PORT09,799,3.8884313088665157,2.0
1447175749.7,2023-10-10,PORT04,V444_0,2,DTP,3,0,V55555_4,1675662,PLANT03,PORT09,611,3.1974592420071986,2.0
1447158109.7,2023-06-28,PORT04,V444_0,2,DTP,3,0,V55555_2,1664051,PLANT03,PORT09,58278,692.06,2.01
1447149281.7,2023-04-10,PORT04,V444_0,2,DTP,3,0,V5555555_22,1683197,PLANT03,PORT09,463,4.78,2.0
1447406487.7,2023-12-04,PORT04,V444_0,2,DTP,5,0,V55555555_7,1668094,PLANT03,PORT09,356,7.380000000000001,2.0
1447392326.7,2023-06-20,PORT04,V44_3,0,CRF,0,0,V555555555555555_29,1699795,PLANT03,PORT09,3505,7.1656731941455805,2.56
1447390906.7,2023-05-25,PORT04,V444_0,2,DTP,3,0,V55555_2,1687346,PLANT03,PORT09,356,0.667884070731528,2.0
1447304798.7,2023-11-21,PORT04,V44_3,2,CRF,3,0,V55555_2,1674853,PLANT03,PORT09,419,7.420000000000001,2.0
1447302548.7,2023-01-12,PORT04,V444_1,2,DTD,0,0,V555555_11,1686762,PLANT12,PORT09,991,125.79999999999998,2.0
1447265591.7,2023-12-07,PORT04,V444_0,2,DTP,0,0,V555555555_27,1662552,PLANT03,PORT09,3080,6.779999999999999,2.0
1447250465.7,2023-05-09,PORT04,V444_0,2,DTP,0,0,V5555_33,1688589,PLANT03,PORT09,292,0.5481061324981138,2.0
1447248248.7,2023-10-08,PORT04,V444_1,1,DTD,5,0,V55555555555555_8,1689544,PLANT03,PORT09,267,1.0726215773577505,1.0
1447245303.7,2023-02-11,PORT04,V444_1,1,DTD,5,0,V55555555555555_8,1688589,PLANT03,PORT09,480,17.270204416603793,1.0
1447229520.7,2023-02-19,PORT04,V444_0,2,DTP,0,0,V5555_33,1688633,PLANT03,PORT09,297,0.09278430745644486,2.0
1447229268.7,2023-03-17,PORT04,V444_1,1,DTD,5,0,V55555555555555_8,1689548,PLANT03,PORT09,806,38.23989381551083,1.0
1447212838.7,2023-05-03,PORT04,V444_1,1,DTD,5,0,V55555555555555_8,1689546,PLANT03,PORT09,499,16.325088328602952,1.0
1447211843.7,2023-12-26,PORT04,V444_1,1,DTD,5,0,V55555555555555_8,1689541,PLANT03,PORT09,514,29.58,1.0
1447206320.7,2023-03-26,PORT04,V444_0,2,DTP,0,0,V5555555_30,1674120,PLANT03,PORT09,805,37.92,2.0
1447206311.7,2023-07-02,PORT04,V444_0,2,DTP,3,0,V555555_6,1615677,PLANT03,PORT09,349,0.7907551835647708,2.0
1447199509.7,2023-07-21,PORT04,V444_0,2,DTP,0,0,V5555_25,1699946,PLANT03,PORT09,272,0.5510361195694159,2.0
1447198515.7,2023-04-06,PORT04,V444_0,2,DTP,3,0,V55555_2,1672091,PLANT03,PORT09,506,26.8,2.0
1447186296.7,2023-01-29,PORT04,V444_0,2,DTP,3,0,V555555_6,1696758,PLANT03,PORT09,308,1.6192565728274833,2.0
1447184608.7,2023-11-19,PORT04,V44_3,0,CRF,3,0,V55555555_32,1699567,PLANT03,PORT09,2756,2.054532045599119,0.0
1447183450.7,2023-10-28,PORT04,V444_0,2,DTP,3,1,V555_15,1651298,PLANT03,PORT09,2312,4.596727272727272,2.0
1447165446.7,2023-01-20,PORT04,V444_0,2,DTP,0,0,V55555555_5,1660583,PLANT03,PORT09,259,0.9511617454157784,2.0
1447162298.7,2023-05-27,PORT04,V444_0,2,DTP,3,0,V555555_6,1617714,PLANT12,PORT09,374,13.066666666666668,2.0
1447149104.7,2023-01-10,PORT04,V444_0,2,DTP,0,0,V55555555555_28,1674598,PLANT03,PORT09,14294,6.511250796280189,2.0
1447146536.7,2023-06-10,PORT04,V444_0,2,DTP,3,0,V55555_4,1675615,PLANT03,PORT09,925,4.96,2.0
1447418071.7,2023-04-15,PORT04,V444_1,1,DTD,0,0,V55555555555555_8,1689547,PLANT03,PORT09,461,14.397254374627655,1.0
1447398242.7,2023-07-29,PORT04,V444_0,2,DTP,3,0,V55555555_5,1700140,PLANT03,PORT09,5927,3.9307251688249756,2.1
1447389177.7,2023-05-06,PORT04,V444_0,2,DTP,0,0,V55555_26,1668545,PLANT03,PORT09,363,0.3486715106058831,2.0
1447383186.7,2023-06-26,PORT04,V444_0,2,DTP,3,0,V555555_6,1651302,PLANT03,PORT09,308,0.06639604398848624,2.0
1447382546.7,2023-11-07,PORT04,V444_0,2,DTP,0,0,V55555555_5,1689546,PLANT03,PORT09,394,7.662544164301477,2.0
1447375423.7,2023-02-11,PORT04,V444_0,2,DTP,3,1,V555_15,1689469,PLANT03,PORT09,721,9.16,2.0
1447373494.7,2023-11-20,PORT04,V44_3,2,CRF,3,0,V55555_2,1666954,PLANT03,PORT09,2561,24.2,2.0
1447355998.7,2023-05-22,PORT04,V444_0,2,DTP,0,0,V5555_33,1682648,PLANT03,PORT09,298,1.0683295279804608,2.0
1447336006.7,2023-04-22,PORT04,V444_0,2,DTP,0,0,V55555555555_28,1686463,PLANT03,PORT09,1776,2.709907546178714,2.0
1447323888.7,2023-02-24,PORT04,V444_0,2,DTP,0,0,V5555555_30,1666295,PLANT03,PORT09,496,2.4640189039352904,2.0
1447323877.7,2023-01-07,PORT04,V444_0,2,DTP,3,0,V555555_6,1668346,PLANT03,PORT09,429,9.96,2.0
1447308591.7,2023-09-12,PORT09,V44_3,1,CRF,3,0,V55555_53,1699337,PLANT16,PORT09,304,9.27,1.0
1447306742.7,2023-09-21,PORT04,V444_1,1,DTD,5,0,V55555555555555_8,1690616,PLANT03,PORT09,279,0.1885401793136631,1.0
1447302673.7,2023-05-27,PORT04,V444_0,2,DTP,5,0,V55555555_7,1682784,PLANT03,PORT09,386,9.48571619204202,2.0
1447288450.7,2023-10-30,PORT04,V444_1,1,DTD,5,0,V55555555555555_8,1689549,PLANT03,PORT09,275,1.9168708781045667,1.0
1447249984.7,2023-10-24,PORT04,V444_0,2,DTP,0,0,V555555555_14,1670215,PLANT03,PORT09,4268,38.4737895176088,2.0
1447212841.7,2023-04-30,PORT04,V444_1,1,DTD,5,0,V55555555555555_8,1689547,PLANT03,PORT09,341,7.198627187313828,1.0
1447201877.7,2023-11-25,PORT04,V444_1,1,DTD,0,0,V5555555_22,1682742,PLANT03,PORT09,316,5.916801451935196,1.0
1447200609.7,2023-08-04,PORT04,V444_0,2,DTP,5,0,V55555555_7,1683409,PLANT03,PORT09,301,1.0320690823937464,2.0
1447200408.7,2023-10-19,PORT04,V444_1,1,DTD,5,0,V55555555555555_8,1700382,PLANT03,PORT09,294,4.5478339350180494,1.0
1447194793.7,2023-08-02,PORT04,V444_1,1,DTD,0,0,V55555555555555_8,1688290,PLANT03,PORT09,396,14.92556017233068,1.0
1447183328.7,2023-05-23,PORT04,V444_0,2,DTP,3,0,V555555555_3,1677229,PLANT12,PORT09,324,3.0939393939393947,2.0
1447173851.7,2023-07-08,PORT04,V444_0,2,DTP,5,0,V55555555_7,1687346,PLANT03,PORT09,337,1.586224667987379,2.0
1447163643.7,2023-03-18,PORT04,V444_0,2,DTP,3,0,V555555_6,1691532,PLANT03,PORT09,4333,6.417561459311334,2.0
1447146628.7,2023-12-24,PORT04,V444_0,2,DTP,0,0,V55555555555_28,1682210,PLANT03,PORT09,2771,1.9606051171953716,2.0
1447144471.7,2023-10-29,PORT04,V444_1,1,DTD,0,0,V555555555555555555_45,1683432,PLANT03,PORT09,443,16.477326194675772,1.0
1447418990.7,2023-04-28,PORT04,V444_0,2,DTP,5,0,V55555555_7,1699369,PLANT03,PORT09,6324,17.036734232430238,2.0
1447407629.7,2023-11-07,PORT04,V444_0,2,DTP,0,0,V5555_33,1682772,PLANT03,PORT09,334,2.910519801980199,2.0
1447405973.7,2023-05-23,PORT04,V444_1,1,DTD,0,0,V5555555_22,1651366,PLANT03,PORT09,851,19.203392976071434,1.0
1447399910.7,2023-05-15,PORT04,V44_3,0,CRF,3,0,V55555555_32,1699834,PLANT03,PORT09,5044,6.436601837117648,0.0
1447396243.7,2023-02-07,PORT04,V444_0,2,DTP,0,0,V555555_24,1666507,PLANT03,PORT09,977,6.36,2.0
1447395241.7,2023-07-15,PORT04,V444_0,2,DTP,3,0,V555555_6,1685212,PLANT03,PORT09,419,4.271650542362943,2.0
1447392979.7,2023-09-05,PORT04,V444_1,1,DTD,3,0,V5555555_19,1690006,PLANT03,PORT09,518,2.8975980503164895,1.0
1447369419.7,2023-09-25,PORT04,V444_0,2,DTP,0,0,V5555_33,1688629,PLANT03,PORT09,373,3.7666715242439,2.0
1447360381.7,2023-09-01,PORT04,V444_0,2,DTP,3,0,V555555_6,1695348,PLANT03,PORT09,7236,26.561879421671506,2.0
1447343553.7,2023-06-09,PORT04,V444_0,2,DTP,3,0,V555555_6,1615677,PLANT03,PORT09,1282,5.18,2.0
1447323838.7,2023-10-25,PORT04,V444_0,2,DTP,0,0,V555555555_14,1700097,PLANT03,PORT09,824,8.22,2.0
1447323810.7,2023-03-02,PORT04,V444_0,2,DTP,0,0,V55555_26,1675655,PLANT03,PORT09,394,0.6833724032010343,2.0
1447306609.7,2023-09-25,PORT04,V444_0,2,DTP,0,0,V555555555_27,1677878,PLANT03,PORT09,1127,3.048866037470059,2.0
1447305205.7,2023-12-27,PORT04,V44_3,0,CRF,3,0,V55555555_32,1699836,PLANT03,PORT09,9903,88.66,0.0
1447297885.7,2023-03-13,PORT04,V444_0,2,DTP,3,0,V55555555_5,1666994,PLANT12,PORT09,347,39.06197059344735,2.0
1447266970.7,2023-04-24,PORT04,V444_0,2,DTP,3,0,V55555_2,1689547,PLANT03,PORT09,1151,58.787644685824446,2.0
1447251022.7,2023-06-11,PORT04,V444_0,2,DTP,3,0,V55555_4,1650905,PLANT03,PORT09,1034,11.36,2.0
1447241593.7,2023-12-18,PORT04,V44_3,4,CRF,0,0,V555555555555555_29,1699555,PLANT03,PORT09,1094,2.910980721120423,3.96
1447237030.7,2023-11-13,PORT04,V444_1,1,DTD,5,0,V55555555555555_8,1693747,PLANT03,PORT09,440,23.124822291725906,1.0
1447229000.7,2023-05-26,PORT04,V44_3,2,CRF,3,0,V55555_2,1674853,PLANT03,PORT09,311,5.1506824925816,2.0
1447218546.7,2023-06-26,PORT04,V444_0,2,DTP,0,0,V555555555_14,1696747,PLANT03,PORT09,904,30.419629262921905,2.0
1447215489.7,2023-12-24,PORT04,V444_0,2,DTP,3,0,V55555555_5,1699946,PLANT03,PORT09,371,2.3958092155191997,2.0
1447205707.7,2023-11-29,PORT04,V444_1,1,DTD,0,0,V5555555_22,1686401,PLANT03,PORT09,270,0.6447819433817904,1.0
1447200225.7,2023-07-06,PORT04,V444_1,1,DTD,5,0,V55555555555555_8,1689551,PLANT03,PORT09,375,7.463581199611766,1.0
1447189615.7,2023-06-05,PORT04,V444_1,1,DTD,5,0,V55555555555555_8,1688633,PLANT03,PORT09,353,9.278430745644487,1.0
1447178900.7,2023-03-03,PORT04,V444_0,2,DTP,0,0,V55555555_5,1667817,PLANT03,PORT09,2421,37.92,2.0
1447170800.7,2023-05-09,PORT04,V444_0,2,DTP,5,0,V55555555_7,1682754,PLANT03,PORT09,248,0.5076809815950921,2.0
1447145252.7,2023-05-10,PORT04,V444_1,1,DTD,0,0,V5555555_22,1668344,PLANT03,PORT09,387,9.72,1.0
1447407616.7,2023-03-20,PORT04,V444_0,2,DTP,0,0,V555555555_27,1677891,PLANT03,PORT09,4313,11.5,2.0
1447403386.7,2023-09-16,PORT04,V444_0,2,DTP,5,0,V55555555_7,1683432,PLANT03,PORT09,398,6.11354384689693,2.0
1447398543.7,2023-08-10,PORT04,V444_0,2,DTP,0,0,V555555555_27,1689147,PLANT03,PORT09,366,0.1694594118424337,2.0
1447379082.7,2023-06-01,PORT04,V444_0,2,DTP,3,0,V555555_6,1700142,PLANT03,PORT09,26313,30.033170507959184,2.0
1447373163.7,2023-08-18,PORT04,V444_0,2,DTP,3,0,V555555555_3,1689549,PLANT03,PORT09,334,4.792177195261417,2.0
1447372641.7,2023-05-30,PORT04,V444_0,2,DTP,3,0,V5555555_12,1700141,PLANT03,PORT09,2893,6.44,2.0
1447339212.7,2023-12-21,PORT04,V444_0,2,DTP,3,0,V55555_4,1675670,PLANT03,PORT09,1306,8.92,2.0
1447329258.7,2023-07-17,PORT04,V44_3,0,CRF,3,0,V55555555_32,1699539,PLANT03,PORT09,1223,2.905743511346457,0.0
1447322567.7,2023-07-02,PORT04,V444_1,1,DTD,5,0,V55555555555555_8,1688575,PLANT03,PORT09,344,9.043409286184646,1.0
1447318089.7,2023-10-31,PORT04,V444_1,1,DTD,5,0,V55555555555555_8,1688571,PLANT03,PORT09,518,20.90336083129666,1.0
1447302713.7,2023-09-07,PORT04,V444_0,2,DTP,0,0,V55555555555_28,1685028,PLANT03,PORT09,35240,29.783402964229637,2.0
1447299588.7,2023-06-28,PORT04,V444_1,1,DTD,0,0,V5555555_22,1699553,PLANT03,PORT09,2761,11.445153411628338,1.0
1447285426.7,2023-03-18,PORT04,V444_0,2,DTP,3,0,V55555_2,1672347,PLANT08,PORT09,686,5.001012154349816,2.0
1447282638.7,2023-11-15,PORT04,V444_0,2,DTP,3,0,V555555_6,1655818,PLANT03,PORT09,10291,26.92,2.0
1447265551.7,2023-07-31,PORT04,V444_0,2,DTP,0,0,V555555555_27,1662552,PLANT03,PORT09,3320,7.44,2.0
1447230985.7,2023-12-26,PORT04,V444_0,2,DTP,0,0,V555555555_27,1677891,PLANT03,PORT09,1848,5.2914030456852785,2.0
1447167328.7,2023-02-22,PORT04,V444_1,1,DTD,5,0,V55555555555555_8,1688629,PLANT03,PORT09,380,8.968265533914048,1.0
1447162289.7,2023-09-11,PORT04,V444_0,2,DTP,0,0,V555555555_27,1678652,PLANT03,PORT09,910,13.920000000000002,2.0
1447146558.7,2023-02-07,PORT04,V444_0,2,DTP,5,0,V55555555_7,1660580,PLANT03,PORT09,517,26.04,2.0
1447145130.7,2023-02-06,PORT04,V444_1,1,DTD,0,0,V5555555_22,1676565,PLANT03,PORT09,701,5.58,1.0
1447137127.7,2023-11-28,PORT04,V444_1,1,DTD,3,0,V5555555_19,1654766,PLANT03,PORT09,3207,48.68,1.0
1447418572.7,2023-08-30,PORT04,V444_0,2,DTP,0,0,V555555_24,1689547,PLANT03,PORT09,1235,65.0990131919888,2.0
1447398415.7,2023-11-07,PORT09,V44_3,1,CRF,3,0,V55555_53,1700106,PLANT16,PORT09,2294,62.2,1.0
1447386265.7,2023-01-21,PORT04,V44_3,0,CRF,0,0,V555555555555555_29,1699378,PLANT03,PORT09,12256,23.35592797983334,0.8
1447351442.7,2023-04-13,PORT09,V44_3,1,CRF,3,0,V55555_53,1697317,PLANT16,PORT09,2115,344.12,1.0
1447343993.7,2023-04-26,PORT04,V444_1,2,DTD,5,0,V55555555555555_8,1666961,PLANT12,PORT09,370,39.4,2.0
1447339803.7,2023-08-11,PORT04,V444_0,2,DTP,0,0,V55555555_5,1667817,PLANT03,PORT09,2470,37.72,2.0
1447334186.7,2023-11-05,PORT04,V444_1,1,DTD,1,0,V555555555555555555_17,1677878,PLANT03,PORT09,2254,5.94,1.0
1447325524.7,2023-08-12,PORT04,V444_0,2,DTP,3,0,V555555555_3,1682832,PLANT03,PORT09,410,8.903225183661748,2.0
1447320591.7,2023-07-15,PORT04,V44_3,0,CRF,3,0,V55555555_32,1699553,PLANT03,PORT09,3651,12.92687121550445,0.0
1447320482.7,2023-03-25,PORT04,V444_1,1,DTD,0,0,V5555555_22,1676566,PLANT03,PORT09,712,4.261122775214375,1.0
1447313767.7,2023-12-02,PORT04,V444_0,2,DTP,0,0,V55555_26,1683560,PLANT03,PORT09,4440,43.073897370073794,2.0
1447310313.7,2023-02-09,PORT04,V444_0,2,DTP,3,0,V55555555_0,1693019,PLANT03,PORT09,421,12.895,2.0
1447309075.7,2023-01-26,PORT04,V44_3,2,CRF,3,0,V55555_2,1651302,PLANT03,PORT09,479,1.3279208797697248,2.0
1447297184.7,2023-07-14,PORT04,V444_0,2,DTP,3,0,V555555555_3,1682769,PLANT03,PORT09,341,4.602678908652896,2.0
1447268282.7,2023-04-18,PORT04,V444_1,1,DTD,5,0,V55555555555555_8,1690619,PLANT03,PORT09,270,0.6430167035347129,1.0
1447258705.7,2023-09-29,PORT04,V444_0,2,DTP,0,0,V55_13,1658532,PLANT03,PORT09,514,3.04,2.0
1447241004.7,2023-03-26,PORT09,V44_3,1,CRF,3,0,V55555_53,1699337,PLANT16,PORT09,544,46.35,1.0
1447234067.7,2023-08-01,PORT04,V444_0,2,DTP,0,0,V55555_26,1674853,PLANT03,PORT09,253,0.960296735905044,2.0
1447227168.7,2023-05-19,PORT04,V444_0,2,DTP,3,1,V555_15,1689548,PLANT03,PORT09,306,1.78751490314452,2.0
1447204793.7,2023-11-20,PORT04,V444_0,2,DTP,3,0,V555555_6,1677889,PLANT03,PORT09,534,1.6481605763774085,2.0
1447195325.7,2023-06-16,PORT04,V444_0,2,DTP,0,0,V555555555_27,1656246,PLANT03,PORT09,6266,22.57783439490446,2.0
1447187812.7,2023-01-28,PORT04,V444_0,2,DTP,0,0,V5555_33,1674635,PLANT12,PORT09,282,3.860521708203332,2.0
1447170834.7,2023-02-15,PORT04,V444_1,1,DTD,0,0,V5555555_22,1675655,PLANT03,PORT09,513,2.7334896128041373,1.0
1447162941.7,2023-12-30,PORT04,V444_0,2,DTP,0,0,V555555555_27,1662552,PLANT03,PORT09,1306,3.36,2.0
1447151467.7,2023-12-17,PORT04,V444_0,2,DTP,3,0,V55555555_5,1666957,PLANT12,PORT09,277,4.2,2.0
1447407246.7,2023-02-16,PORT04,V444_0,2,DTP,0,0,V5555_33,1675810,PLANT12,PORT09,288,1.4968242423223732,2.0
1447406935.7,2023-03-22,PORT04,V444_0,2,DTP,5,0,V55555555_7,1660580,PLANT03,PORT09,415,13.34,2.0
1447398368.7,2023-06-24,PORT04,V444_0,2,DTP,3,0,V555555555_3,1689544,PLANT03,PORT09,362,11.726215773577504,2.0
1447397002.7,2023-03-30,PORT04,V444_0,2,DTP,0,0,V55_13,1696754,PLANT03,PORT09,433,10.56743388822253,2.0
1447394304.7,2023-04-29,PORT04,V444_0,2,DTP,0,0,V5555_33,1688589,PLANT03,PORT09,317,2.831881684573588,2.0
1447392846.7,2023-01-27,PORT04,V44_3,4,CRF,0,0,V555555555555555_29,1699555,PLANT03,PORT09,1137,2.910980721120423,3.96
1447371475.7,2023-05-29,PORT04,V44_3,0,CRF,0,0,V5555555_12,1699540,PLANT03,PORT09,3453,5.743498400449389,0.0
1447348970.7,2023-03-25,PORT04,V444_0,2,DTP,0,0,V555555555_27,1677878,PLANT03,PORT09,1228,3.6065854345682404,2.0
1447346588.7,2023-02-18,PORT04,V444_0,2,DTP,3,0,V555555_6,1687346,PLANT03,PORT09,410,2.087137721036025,2.0
1447342389.7,2023-04-19,PORT04,V444_0,2,DTP,0,0,V5555_33,1689544,PLANT03,PORT09,333,0.2145243154715501,2.0
1447327247.7,2023-05-16,PORT04,V444_0,2,DTP,0,0,V555555555555555_29,1688575,PLANT03,PORT09,313,4.521704643092323,2.0
1447326474.7,2023-12-05,PORT04,V444_0,2,DTP,3,0,V555555_6,1697084,PLANT03,PORT09,2311,7.770050164986447,2.0
1447323790.7,2023-03-22,PORT04,V444_0,2,DTP,3,0,V555555_6,1668612,PLANT03,PORT09,588,8.96,2.0
1447321246.7,2023-04-26,PORT04,V444_1,2,DTD,5,0,V55555555555555_8,1666961,PLANT12,PORT09,345,32.0,2.0
1447306327.7,2023-12-03,PORT04,V444_1,1,DTD,0,0,V5555555_22,1683634,PLANT03,PORT09,592,6.668543249800672,1.0
1447300957.7,2023-11-25,PORT04,V444_1,1,DTD,5,0,V55555555555555_8,1689546,PLANT03,PORT09,660,29.650176657205908,1.0
1447292182.7,2023-05-09,PORT04,V444_0,2,DTP,0,0,V555555_24,1666519,PLANT03,PORT09,470,2.3786666666666667,2.0
1447288510.7,2023-07-14,PORT04,V444_0,2,DTP,0,0,V555555555555555_29,1682757,PLANT03,PORT09,334,4.176227925934496,2.0
1447258708.7,2023-07-22,PORT04,V444_0,2,DTP,0,0,V55_13,1658532,PLANT03,PORT09,348,0.4096364809636482,2.0
1447258689.7,2023-02-25,PORT04,V444_0,3,DTD,0,0,V555555555555555555_42,1671426,PLANT03,PORT09,6262,3.8382790398785165,3.0
1447258591.7,2023-06-22,PORT04,V444_0,2,DTP,0,0,V555555555_14,1696263,PLANT08,PORT09,3231,17.227057749489532,2.0
1447227005.7,2023-07-01,PORT04,V444_0,2,DTP,3,0,V55555555_0,1692997,PLANT03,PORT09,372,2.3039943820984856,2.0
1447220639.7,2023-01-15,PORT04,V444_0,2,DTP,5,0,V55555555_7,1682784,PLANT03,PORT09,386,9.310954255507985,2.0
1447207730.7,2023-09-15,PORT04,V444_0,2,DTP,0,0,V55_13,1684703,PLANT03,PORT09,330,0.6397053805317862,2.0
1447191734.7,2023-03-14,PORT04,V444_1,1,DTD,1,0,V555555555555555555_17,1679638,PLANT03,PORT09,739,1.6908310220188094,1.0
1447186297.7,2023-06-26,PORT04,V444_0,2,DTP,3,0,V555555_6,1696758,PLANT03,PORT09,294,1.3793667101863745,2.0
1447184474.7,2023-08-12,PORT04,V444_0,2,DTP,0,0,V5555555555_1,1690144,PLANT13,PORT09,320,1.323658536585366,2.0
1447175817.7,2023-12-15,PORT04,V444_0,2,DTP,0,0,V555555555_14,1689469,PLANT03,PORT09,1309,18.416436242042316,2.0
1447170833.7,2023-12-11,PORT04,V444_1,1,DTD,0,0,V5555555_22,1692984,PLANT03,PORT09,3213,38.69200962508263,1.0
1447154208.7,2023-12-21,PORT04,V444_1,1,DTD,5,0,V55555555555555_8,1688575,PLANT03,PORT09,786,44.21704643092323,1.0
1447423273.7,2023-02-22,PORT04,V444_0,2,DTP,3,0,V55555_2,1672706,PLANT03,PORT09,287,0.9418703506907544,2.0
1447418989.7,2023-05-07,PORT04,V444_0,2,DTP,5,0,V55555555_7,1699570,PLANT03,PORT09,10304,12.75140619902439,2.0
1447390905.7,2023-07-27,PORT04,V444_0,2,DTP,3,0,V55555_2,1696746,PLANT03,PORT09,330,0.353554537420031,2.0
1447373438.7,2023-01-19,PORT04,V444_0,2,DTP,3,0,V55555_2,1677878,PLANT03,PORT09,567,0.9667136216368479,2.0
1447345004.7,2023-09-15,PORT04,V444_0,2,DTP,0,0,V55555555_5,1668547,PLANT03,PORT09,7282,46.26,2.01
1447325917.7,2023-06-03,PORT04,V44_3,0,CRF,3,0,V55555555_32,1699625,PLANT03,PORT09,6311,23.14554808253085,0.0
1447325826.7,2023-05-13,PORT04,V44_3,4,CRF,0,0,V555555555555555_29,1699419,PLANT03,PORT09,897,1.7693575645066668,3.8
1447320585.7,2023-08-12,PORT04,V44_3,0,CRF,3,0,V55555555_32,1699553,PLANT03,PORT09,1961,6.963435607752225,0.0
1447306524.7,2023-12-07,PORT04,V444_1,1,DTD,0,0,V5555555_22,1656350,PLANT03,PORT09,416,8.623414559044711,1.0
1447302725.7,2023-11-20,PORT04,V444_0,2,DTP,3,0,V55555_4,1674853,PLANT03,PORT09,1013,55.7,2.0
1447284914.7,2023-10-17,PORT04,V444_1,1,DTD,0,0,V5555555_22,1672651,PLANT03,PORT09,517,4.189089152630184,1.0
1447269678.7,2023-07-06,PORT04,V444_1,1,DTD,0,0,V555555555555555555_45,1689782,PLANT03,PORT09,261,0.11464673910632563,1.0
1447265642.7,2023-11-23,PORT04,V444_0,2,DTP,5,0,V55555555_7,1660585,PLANT03,PORT09,520,30.311098384127618,2.0
1447248519.7,2023-03-12,PORT04,V444_0,2,DTP,0,0,V5555_33,1674635,PLANT12,PORT09,330,3.860521708203332,2.0
1447241609.7,2023-02-21,PORT04,V444_0,2,DTP,0,0,V55555555_5,1671942,PLANT03,PORT09,394,11.86,2.0
1447227367.7,2023-01-27,PORT04,V444_0,2,DTP,3,0,V55555555_0,1687346,PLANT03,PORT09,419,1.8784239489324226,2.0
1447212502.7,2023-02-05,PORT04,V444_0,2,DTP,0,0,V555555555_27,1695348,PLANT03,PORT09,292,0.07037787799905876,2.0
1447209100.7,2023-03-09,PORT04,V444_0,2,DTP,0,0,V55555_26,1683560,PLANT03,PORT09,44913,435.4868464422505,2.0
1447207121.7,2023-10-26,PORT04,V444_0,2,DTP,0,0,V555555555_14,1691700,PLANT08,PORT09,4086,21.85986929883893,2.0
1447200576.7,2023-01-15,PORT04,V444_0,2,DTP,5,0,V55555555_7,1683407,PLANT03,PORT09,382,6.943041802549658,2.0
1447200529.7,2023-12-18,PORT04,V444_0,2,DTP,5,0,V55555555_7,1683407,PLANT03,PORT09,357,6.943041802549658,2.0
1447199047.7,2023-12-20,PORT04,V444_0,2,DTP,3,0,V55555_2,1682802,PLANT03,PORT09,815,37.24308669118026,2.0
1447165550.7,2023-01-28,PORT04,V444_0,2,DTP,3,0,V555555_6,1660578,PLANT03,PORT09,596,31.52,2.0
1447165530.7,2023-09-15,PORT04,V444_0,2,DTP,5,0,V55555555_7,1682739,PLANT03,PORT09,309,3.5804887920298887,2.0
1447161375.7,2023-04-20,PORT04,V444_1,1,DTD,0,0,V5555555_22,1683634,PLANT03,PORT09,948,12.047149836566533,1.0
1447154269.7,2023-01-27,PORT04,V444_0,2,DTP,0,0,V55_13,1684703,PLANT03,PORT09,836,6.890160036144447,2.0
1447141860.7,2023-09-26,PORT04,V444_0,2,DTP,0,0,V55555_26,1683560,PLANT03,PORT09,57328,570.6983684056578,2.01
1447419066.7,2023-02-19,PORT04,V444_0,2,DTP,5,0,V55555555_7,1699369,PLANT09,PORT09,3301,8.018367116215119,2.0
1447405902.7,2023-10-28,PORT04,V444_1,1,DTD,0,0,V5555555_22,1656353,PLANT03,PORT09,395,3.196920782250999,1.0
1447392957.7,2023-11-05,PORT04,V444_0,2,DTP,3,1,V555_15,1680210,PLANT03,PORT09,556,0.5543506656227807,2.0
1447391186.7,2023-11-05,PORT04,V444_0,2,DTP,0,0,V55555_26,1613321,PLANT03,PORT09,328,0.06812428078250862,2.0
1447376344.7,2023-02-06,PORT04,V444_0,2,DTP,3,0,V55555_4,1676853,PLANT03,PORT09,828,1.3208127234774152,2.0
1447372030.7,2023-05-23,PORT04,V44_3,0,CRF,3,0,V55555555_32,1699798,PLANT03,PORT09,1851,3.7770561403726535,0.0
1447367933.7,2023-02-15,PORT04,V444_0,2,DTP,0,0,V55555_26,1693230,PLANT03,PORT09,3673,22.132977286805385,2.0
1447351882.7,2023-07-13,PORT04,V444_0,2,DTP,0,0,V5555_33,1689547,PLANT03,PORT09,289,1.0078078062239357,2.0
1447315627.7,2023-07-15,PORT04,V444_0,2,DTP,0,0,V555555555_14,1689469,PLANT03,PORT09,4283,74.68,2.0
1447312218.7,2023-05-26,PORT04,V444_0,2,DTP,3,0,V55555_2,1668608,PLANT03,PORT09,1243,23.46,2.0
1447295509.7,2023-12-07,PORT04,V444_0,2,DTP,0,0,V55555555_5,1654766,PLANT03,PORT09,619,6.396880733944955,2.0
1447294177.7,2023-02-14,PORT04,V444_0,2,DTP,0,0,V55555_26,1683560,PLANT03,PORT09,38952,412.5846817069992,2.0
1447262011.7,2023-08-07,PORT04,V44_3,0,CRF,0,0,V5555555_30,1658528,PLANT03,PORT09,304,0.5732737389400709,0.0
1447261158.7,2023-09-29,PORT04,V44_3,2,CRF,3,0,V55555_2,1669702,PLANT03,PORT09,1138,17.86,2.0
1447195861.7,2023-05-25,PORT04,V444_0,2,DTP,0,0,V555555_24,1660897,PLANT03,PORT09,647,3.176796443443076,2.0
1447192669.7,2023-12-01,PORT04,V444_0,2,DTP,0,0,V55555_26,1683560,PLANT03,PORT09,14258,154.38205539788086,2.0
1447178897.7,2023-01-01,PORT04,V444_0,2,DTP,0,0,V55555555_5,1660585,PLANT03,PORT09,482,14.16,2.0
1447150728.7,2023-09-06,PORT04,V444_0,2,DTP,0,0,V55555555_5,1682832,PLANT03,PORT09,306,0.3561290073464699,2.0
1447417929.7,2023-12-22,PORT04,V444_1,1,DTD,0,0,V55555555555555_8,1688587,PLANT03,PORT09,377,5.472457736418781,1.0
1447383516.7,2023-06-28,PORT04,V444_0,2,DTP,3,0,V555555_6,1698898,PLANT03,PORT09,289,0.7494990030364372,2.0
1447377642.7,2023-05-30,PORT04,V444_0,2,DTP,0,0,V555555555_27,1677692,PLANT03,PORT09,1812,111.83523582566201,2.0
1447373457.7,2023-12-10,PORT04,V44_3,2,CRF,3,0,V55555_2,1672085,PLANT03,PORT09,348,2.83363462724315,2.0
1447362528.7,2023-02-23,PORT04,V444_1,1,DTD,5,0,V55555555555555_8,1676563,PLANT03,PORT09,499,3.8,1.0
1447338096.7,2023-08-21,PORT04,V444_1,1,DTD,5,0,V55555555555555_8,1689547,PLANT03,PORT09,746,35.99313593656914,1.0
1447327940.7,2023-06-29,PORT04,V444_0,2,DTP,3,0,V5555555_22,1683636,PLANT03,PORT09,328,2.5447171308667746,2.0
1447319051.7,2023-03-02,PORT04,V444_0,2,DTP,0,0,V5555_33,1689544,PLANT03,PORT09,303,0.4290486309431002,2.0
1447312467.7,2023-03-03,PORT04,V444_1,1,DTD,5,0,V55555555555555_8,1688285,PLANT03,PORT09,335,0.19543661163758685,1.0
1447304653.7,2023-08-08,PORT04,V444_0,2,DTP,0,0,V555555555_27,1657064,PLANT03,PORT09,299,0.03879060943851692,2.0
1447302690.7,2023-08-02,PORT04,V444_0,2,DTP,0,0,V55555_26,1664067,PLANT03,PORT09,51889,370.4728872602925,2.0
1447292187.7,2023-11-26,PORT04,V444_0,2,DTP,0,0,V555555_24,1689551,PLANT03,PORT09,647,27.82399095065671,2.0
1447284628.7,2023-09-28,PORT04,V444_0,2,DTP,0,0,V5555_33,1688629,PLANT03,PORT09,302,0.17936531067828096,2.0
1447283480.7,2023-03-04,PORT04,V444_1,2,DTD,5,0,V55555555555555_8,1650715,PLANT12,PORT09,329,17.314886363636365,2.0
1447280506.7,2023-08-17,PORT04,V44_3,0,CRF,0,0,V5555555_12,1699283,PLANT03,PORT09,1123,3.921011412758065,0.0
1447269582.7,2023-03-14,PORT04,V444_0,2,DTP,0,0,V5555555_30,1683203,PLANT03,PORT09,604,7.728582641233914,2.0
1447269531.7,2023-05-25,PORT04,V444_0,2,DTP,3,0,V55555_2,1658528,PLANT03,PORT09,336,1.2898659126151597,2.0
1447251051.7,2023-08-10,PORT04,V444_1,1,DTD,5,0,V55555555555555_8,1690628,PLANT03,PORT09,311,1.3848035411344202,1.0
1447248460.7,2023-01-22,PORT04,V444_0,2,DTP,0,0,V55555_26,1683560,PLANT03,PORT09,19607,207.69063938535825,2.0
1447248247.7,2023-03-07,PORT04,V444_1,1,DTD,5,0,V55555555555555_8,1690619,PLANT03,PORT09,312,1.2860334070694257,1.0
1447243005.7,2023-06-28,PORT04,V444_1,1,DTD,5,0,V55555555555555_8,1689541,PLANT03,PORT09,834,67.92,1.0
1447241470.7,2023-04-04,PORT04,V444_0,2,DTP,0,0,V55555_26,1645070,PLANT03,PORT09,257,0.5896549773913049,2.0
1447211858.7,2023-08-23,PORT04,V444_0,2,DTP,3,0,V555555_6,1696074,PLANT03,PORT09,821,5.203180975067762,2.0
1447172420.7,2023-05-16,PORT04,V444_0,2,DTP,3,0,V55555_2,1689547,PLANT03,PORT09,664,27.195195155598395,2.0
1447164799.7,2023-03-16,PORT04,V444_0,2,DTP,0,0,V5555555_30,1658528,PLANT03,PORT09,423,1.275534069141658,2.0
1447161334.7,2023-02-13,PORT04,V444_0,2,DTP,0,0,V55555555555_28,1695862,PLANT09,PORT09,14293,12.5685653925279,2.0
1447155616.7,2023-08-23,PORT04,V444_1,2,DTD,0,0,V55555_10,1681701,PLANT12,PORT09,305,22.05110149037027,2.0
1447146027.7,2023-11-21,PORT04,V444_1,1,DTD,0,0,V5555555_22,1683636,PLANT03,PORT09,338,0.35957959457900074,1.0
1447405747.7,2023-03-21,PORT04,V444_1,1,DTD,0,0,V5555555_22,1693865,PLANT03,PORT09,1170,11.916703546049376,1.0
1447306504.7,2023-08-21,PORT04,V444_1,1,DTD,0,0,V5555555_22,1676565,PLANT03,PORT09,801,7.62,1.0
1447283783.7,2023-12-13,PORT04,V444_0,2,DTP,0,0,V55555_26,1656839,PLANT03,PORT09,303,0.8178770949720672,2.0
1447274597.7,2023-03-01,PORT04,V444_1,2,DTD,5,0,V55555555555555_8,1666961,PLANT12,PORT09,340,26.6,2.0
1447274422.7,2023-05-19,PORT04,V444_0,2,DTP,3,0,V55555_2,1668545,PLANT03,PORT09,488,1.9018446033048169,2.0
1447247289.7,2023-10-24,PORT04,V444_1,1,DTD,5,0,V55555555555555_8,1690621,PLANT03,PORT09,331,1.1446161911793797,1.0
1447244899.7,2023-06-07,PORT04,V444_1,1,DTD,5,0,V55555555555555_8,1689545,PLANT03,PORT09,267,1.1328523507974035,1.0
1447241412.7,2023-05-04,PORT04,V444_0,2,DTP,5,0,V55555555_7,1682805,PLANT03,PORT09,302,0.5154898487973945,2.0
1447238358.7,2023-07-20,PORT04,V444_0,2,DTP,0,0,V555555555_14,1668547,PLANT03,PORT09,5357,34.74,2.0
1447236976.7,2023-02-03,PORT04,V444_1,1,DTD,3,0,V5555555_19,1697080,PLANT03,PORT09,2041,10.66640539804899,1.0
1447232832.7,2023-01-08,PORT09,V44_3,1,CRF,3,0,V55555_53,1699337,PLANT16,PORT09,2108,271.1,1.0
1447227097.7,2023-06-25,PORT04,V444_0,2,DTP,3,0,V5555555_22,1683200,PLANT03,PORT09,579,7.46,2.0
1447208181.7,2023-07-03,PORT04,V444_0,2,DTP,3,0,V555555_6,1689012,PLANT03,PORT09,1849,9.098284904005373,2.0
1447201738.7,2023-07-09,PORT04,V444_1,1,DTD,5,0,V55555555555555_8,1689548,PLANT03,PORT09,793,35.23989381551083,1.0
1447191814.7,2023-02-09,PORT04,V444_0,2,DTP,3,0,V55555_2,1657064,PLANT03,PORT09,296,0.465487313262203,2.0
1447184701.7,2023-11-01,PORT04,V444_0,2,DTP,3,0,V55555_2,1651299,PLANT03,PORT09,417,0.3954979850502163,2.0
1447184226.7,2023-09-19,PORT04,V444_1,1,DTD,5,0,V55555555555555_8,1676563,PLANT03,PORT09,620,4.82,1.0
1447168949.7,2023-02-01,PORT04,V444_1,1,DTD,0,0,V5555555_22,1683203,PLANT03,PORT09,861,13.039999999999997,1.0
1447165540.7,2023-07-01,PORT04,V444_0,2,DTP,3,0,V555555_6,1689547,PLANT03,PORT09,274,1.4397254374627655,2.0
1447162799.7,2023-03-28,PORT04,V444_0,2,DTP,5,0,V55555555_7,1660580,PLANT03,PORT09,431,17.105407586763523,2.0
1447160055.7,2023-03-05,PORT04,V444_1,1,DTD,3,0,V5555_20,1699948,PLANT03,PORT09,687,11.570191230418994,1.0
1447157754.7,2023-04-26,PORT04,V444_0,2,DTD,0,0,V555555_40,1663347,PLANT03,PORT09,2772,193.0,2.0
1447156640.7,2023-09-22,PORT04,V444_0,2,DTP,3,0,V555555_6,1677878,PLANT03,PORT09,367,0.3718129313987877,2.0
1447410379.7,2023-09-10,PORT04,V444_0,2,DTP,3,0,V55555555_0,1677884,PLANT03,PORT09,454,1.7684988705592444,2.0
1447394089.7,2023-03-08,PORT04,V444_0,2,DTP,0,0,V555555555_14,1691700,PLANT08,PORT09,4117,24.85986929883893,2.0
1447377762.7,2023-05-10,PORT04,V444_0,2,DTP,0,0,V555555_24,1688629,PLANT03,PORT09,333,1.9730184174610905,2.0
1447367888.7,2023-01-10,PORT04,V444_0,2,DTP,3,0,V5555555_22,1697872,PLANT03,PORT09,360,0.9675906725811323,2.0
1447352012.7,2023-03-31,PORT04,V44_3,0,CRF,0,0,V5555555_12,1699696,PLANT03,PORT09,2765,5.002353774176471,0.0
1447346599.7,2023-05-21,PORT04,V444_0,2,DTP,3,0,V555555_6,1689548,PLANT03,PORT09,1156,69.82917799978557,2.0
1447323942.7,2023-07-18,PORT04,V444_0,2,DTP,0,0,V55555_26,1655982,PLANT03,PORT09,919,3.02,2.0
1447301466.7,2023-08-08,PORT04,V44_3,2,CRF,3,0,V55555_2,1668612,PLANT03,PORT09,374,1.786919431279621,2.0
1447295791.7,2023-11-04,PORT04,V444_0,2,DTP,0,0,V555555555555555_29,1688629,PLANT03,PORT09,471,12.452398300871073,2.0
1447290074.7,2023-01-08,PORT04,V444_0,2,DTP,3,0,V555555_6,1683704,PLANT03,PORT09,1136,4.077443734370658,2.0
1447283825.7,2023-12-10,PORT04,V444_0,2,DTP,0,0,V555555555_27,1695345,PLANT03,PORT09,3289,11.315746316036824,2.0
1447267045.7,2023-03-29,PORT04,V444_0,2,DTP,0,0,V55555555_5,1651299,PLANT03,PORT09,824,1.5211460963469858,2.0
1447258856.7,2023-04-16,PORT04,V444_0,2,DTP,0,0,V5555_33,1688290,PLANT03,PORT09,256,1.1940448137864546,2.0
1447249174.7,2023-04-17,PORT04,V444_0,2,DTP,0,0,V555555555_14,1660885,PLANT03,PORT09,479,1.7650607485297343,2.0
1447235002.7,2023-07-07,PORT04,V44_3,0,CRF,0,0,V5555555_12,1699372,PLANT03,PORT09,1134,0.7897632766190477,0.0
1447224365.7,2023-04-08,PORT04,V444_0,2,DTP,5,0,V55555555_7,1660580,PLANT03,PORT09,551,21.98,2.0
1447212022.7,2023-04-07,PORT04,V444_0,3,DTP,0,0,V55555555_5,1671461,PLANT03,PORT09,31977,34.52,2.73
1447207678.7,2023-12-01,PORT04,V444_0,2,DTP,3,0,V555555_6,1699952,PLANT03,PORT09,443,6.195849914691495,2.0
1447200252.7,2023-12-27,PORT04,V444_0,2,DTP,3,0,V55555_4,1699952,PLANT03,PORT09,474,7.560412098284265,2.0
1447189439.7,2023-02-26,PORT04,V444_0,2,DTP,0,0,V55555555555_28,1685028,PLANT03,PORT09,22806,20.146473334147622,2.0
1447185917.7,2023-01-24,PORT04,V444_0,2,DTP,0,0,V555555555_27,1699948,PLANT03,PORT09,342,2.6724028600103376,2.0
1447185557.7,2023-07-19,PORT04,V444_0,2,DTP,0,0,V5555_33,1674635,PLANT12,PORT09,297,3.860521708203332,2.0
1447183234.7,2023-12-05,PORT04,V444_0,2,DTP,3,1,V555_15,1672986,PLANT08,PORT09,697,3.042107920985247,2.0
1447178872.7,2023-01-20,PORT04,V444_0,2,DTP,3,0,V555555_6,1696073,PLANT03,PORT09,316,0.02595184077327372,2.0
1447164384.7,2023-02-03,PORT04,V444_0,2,DTP,5,0,V55555555_7,1693626,PLANT03,PORT09,337,0.0707924100821297,2.0
1447164250.7,2023-05-16,PORT04,V444_0,2,DTP,0,0,V555555555_27,1668547,PLANT03,PORT09,240,0.031865723478306664,2.0
1447156746.7,2023-05-02,PORT04,V444_1,1,DTD,5,0,V55555555555555_8,1688587,PLANT03,PORT09,355,3.648305157612521,1.0
1447146537.7,2023-10-02,PORT04,V444_0,2,DTP,3,0,V55555_4,1675670,PLANT03,PORT09,625,3.62,2.0
1447146420.7,2023-12-03,PORT04,V444_0,2,DTP,0,0,V55555555555_28,1682210,PLANT03,PORT09,60261,51.054522812688916,2.0
1447142644.7,2023-11-17,PORT04,V444_1,1,DTD,3,0,V5555_20,1697084,PLANT03,PORT09,579,1.3131384778827095,1.0
1447405848.7,2023-07-09,PORT04,V444_1,1,DTD,0,0,V5555555_22,1686401,PLANT03,PORT09,482,4.28,1.0
1447404348.7,2023-05-06,PORT04,V444_1,1,DTD,0,0,V5555555_22,1699799,PLANT03,PORT09,5311,4.191591788535211,1.0
1447389308.7,2023-04-27,PORT04,V444_0,2,DTP,3,0,V555555_6,1673710,PLANT03,PORT09,986,45.444492928859525,2.0
1447369899.7,2023-02-02,PORT04,V444_0,2,DTP,3,0,V55555555_0,1696954,PLANT03,PORT09,473,2.1650584419055514,2.0
1447367967.7,2023-03-01,PORT04,V444_0,2,DTP,0,0,V55555_26,1660897,PLANT03,PORT09,1321,7.94199110860769,2.0
1447364854.7,2023-11-27,PORT04,V444_1,1,DTD,5,0,V55555555555555_8,1693747,PLANT03,PORT09,411,13.940000000000001,1.0
1447346488.7,2023-01-31,PORT04,V444_0,2,DTP,0,0,V55555555555_28,1674598,PLANT03,PORT09,14288,6.511250796280189,2.0
1447332068.7,2023-01-29,PORT04,V444_0,2,DTP,0,0,V55555_26,1664069,PLANT03,PORT09,4526,23.541341016038533,2.0
1447327239.7,2023-11-20,PORT04,V444_0,2,DTP,0,0,V555555555555555_29,1688589,PLANT03,PORT09,356,4.567551104150948,2.0
1447323876.7,2023-12-14,PORT04,V444_0,2,DTP,3,0,V555555_6,1666954,PLANT03,PORT09,348,0.27449809831014405,2.0
1447320592.7,2023-05-01,PORT04,V44_3,0,CRF,3,0,V55555555_32,1699697,PLANT03,PORT09,10256,6.6157474876997,0.0
1447305835.7,2023-07-09,PORT04,V444_0,2,DTP,3,0,V55555_2,1676563,PLANT03,PORT09,277,0.7823411371237459,2.0
1447305017.7,2023-03-09,PORT04,V44_3,2,CRF,3,0,V55555_2,1696757,PLANT03,PORT09,299,2.177284597389611,2.0
1447226769.7,2023-07-01,PORT04,V444_0,2,DTP,0,0,V5555_33,1674635,PLANT12,PORT09,286,3.860521708203332,2.0
1447224400.7,2023-06-12,PORT04,V444_0,2,DTP,0,3,V555555555_27,1655723,PLANT03,PORT09,357,5.302120825016615,2.0
1447223050.7,2023-04-12,PORT09,V44_3,1,CRF,3,0,V55555_53,1699336,PLANT16,PORT09,1464,171.22,1.0
1447207292.7,2023-02-02,PORT04,V444_1,1,DTD,1,0,V555555555555555555_17,1699770,PLANT03,PORT09,759,3.2204919462233192,1.0
1447204372.7,2023-07-25,PORT04,V444_0,2,DTP,5,0,V55555555_7,1660585,PLANT03,PORT09,696,37.42220494988749,2.0
1447200262.7,2023-10-28,PORT04,V444_1,1,DTD,5,0,V55555555555555_8,1699433,PLANT03,PORT09,385,15.578608023538004,1.0
1447188081.7,2023-09-23,PORT04,V444_0,2,DTP,5,0,V55555555_7,1668547,PLANT03,PORT09,257,0.1593286173915333,2.0
1447187563.7,2023-08-07,PORT04,V44_3,2,CRF,3,0,V55555_2,1669702,PLANT03,PORT09,910,13.680000000000001,2.0
1447185808.7,2023-02-20,PORT04,V444_0,2,DTP,0,0,V55555_26,1660885,PLANT03,PORT09,367,0.8825303742648671,2.0
1447185656.7,2023-06-05,PORT04,V444_0,2,DTP,0,0,V5555555_30,1668346,PLANT03,PORT09,443,14.3,2.0
1447158019.7,2023-01-30,PORT09,V44_3,1,CRF,3,0,V55555_53,1700035,PLANT16,PORT09,696,6.16,1.0
1447146577.7,2023-02-24,PORT04,V444_0,2,DTP,5,0,V55555555_7,1668094,PLANT03,PORT09,343,11.8,2.0
1447418575.7,2023-11-24,PORT04,V444_0,2,DTP,0,0,V555555_24,1675655,PLANT03,PORT09,1258,8.96,2.0
1447418375.7,2023-05-13,PORT04,V444_0,2,DTP,5,0,V55555555_7,1669409,PLANT03,PORT09,778,4.62,2.0
1447417830.7,2023-05-22,PORT04,V444_1,1,DTD,0,0,V55555555555555_8,1688589,PLANT03,PORT09,295,3.654040883320759,1.0
1447377403.7,2023-01-18,PORT04,V444_0,2,DTP,0,0,V55555_26,1693230,PLANT03,PORT09,41828,266.74075217718337,2.0
1447373366.7,2023-10-27,PORT04,V444_0,2,DTP,3,0,V55555_2,1643057,PLANT03,PORT09,689,4.13893864473259,2.0
1447371280.7,2023-10-18,PORT04,V444_1,1,DTD,0,0,V5555555_22,1683634,PLANT03,PORT09,389,1.6429744238639337,1.0
1447368958.7,2023-07-20,PORT09,V44_3,1,CRF,3,0,V55555_53,1702653,PLANT16,PORT09,447,32.9,1.0
1447368715.7,2023-03-23,PORT09,V444_0,0,DTP,3,0,V555555_6,1692731,PLANT16,PORT09,333,1.49,0.0
1447320587.7,2023-08-26,PORT04,V44_3,0,CRF,3,0,V55555555_32,1699022,PLANT03,PORT09,2265,6.66,0.0
1447306365.7,2023-07-10,PORT04,V444_0,2,DTP,3,0,V55555555_5,1700142,PLANT03,PORT09,5494,5.606634101591837,2.06
1447302739.7,2023-11-20,PORT04,V444_0,2,DTP,0,0,V5555555_30,1668346,PLANT03,PORT09,363,9.18,2.0
1447302708.7,2023-06-09,PORT04,V444_0,2,DTP,0,0,V55555555555_28,1682210,PLANT03,PORT09,20264,14.684840937562972,2.0
1447300962.7,2023-12-11,PORT04,V444_1,1,DTD,5,0,V55555555555555_8,1690632,PLANT03,PORT09,300,0.13125507588964783,1.0
1447284974.7,2023-07-17,PORT04,V444_0,2,DTP,3,0,V55555_4,1677878,PLANT03,PORT09,275,0.07436258627975753,2.0
1447269445.7,2023-12-12,PORT04,V444_0,2,DTP,0,0,V555555555_27,1677878,PLANT03,PORT09,904,2.1193337089730897,2.0
1447266886.7,2023-05-02,PORT04,V444_0,2,DTP,3,0,V555555_6,1663347,PLANT03,PORT09,1279,77.5,2.0
1447243635.7,2023-04-12,PORT04,V444_0,2,DTP,0,0,V5555_36,1700557,PLANT03,PORT09,10315,15.251976971343286,2.0
1447241606.7,2023-05-09,PORT04,V444_0,2,DTP,3,0,V55555_2,1668545,PLANT03,PORT09,292,0.5282901675846713,2.0
1447226779.7,2023-11-27,PORT04,V444_1,2,DTD,0,0,V555555_11,1686762,PLANT12,PORT09,311,3.2,2.0
1447221847.7,2023-10-09,PORT04,V444_0,2,DTP,0,0,V5555_33,1688285,PLANT03,PORT09,363,4.397323761845704,2.0
1447204376.7,2023-11-29,PORT04,V444_0,2,DTP,5,0,V55555555_7,1699570,PLANT03,PORT09,10310,12.75140619902439,2.0
1447185805.7,2023-05-17,PORT04,V444_0,2,DTP,0,0,V55555_26,1645070,PLANT03,PORT09,307,0.5896549773913049,2.0
1447172852.7,2023-09-18,PORT04,V444_0,2,DTP,0,0,V555555555_14,1689469,PLANT03,PORT09,1304,19.416436242042316,2.0
1447164398.7,2023-12-01,PORT04,V444_0,2,DTP,3,0,V555555_6,1697306,PLANT03,PORT09,2235,1.5252257639875235,2.0
1447164222.7,2023-08-16,PORT04,V444_0,2,DTP,5,0,V55555555_7,1669701,PLANT03,PORT09,881,6.11,2.0
1447163438.7,2023-01-15,PORT04,V444_0,2,DTP,3,0,V555555_6,1660885,PLANT03,PORT09,10323,78.2,2.0
1447149896.7,2023-09-28,PORT09,V444_0,0,DTP,3,0,V555555_6,1692708,PLANT16,PORT09,357,4.791903967763159,0.0
1447137214.7,2023-08-25,PORT04,V444_0,2,DTP,0,0,V55_13,1672670,PLANT03,PORT09,289,0.27062677309756233,2.0
1447418961.7,2023-04-25,PORT04,V444_0,2,DTP,5,0,V55555555_7,1682784,PLANT03,PORT09,386,4.631191318151892,2.0
1447401977.7,2023-12-11,PORT04,V444_0,2,DTP,0,0,V555555_24,1689549,PLANT03,PORT09,254,1.72518379029411,2.0
1447401851.7,2023-07-04,PORT04,V444_0,2,DTP,3,0,V555555_6,1700094,PLANT03,PORT09,262,0.6301690507152147,2.0
1447366019.7,2023-11-05,PORT04,V444_0,2,DTP,0,0,V5555_33,1688294,PLANT03,PORT09,268,0.9155727294679412,2.0
1447361237.7,2023-08-19,PORT04,V444_0,2,DTP,3,0,V55555555_5,1695348,PLANT03,PORT09,530,0.7037787799905876,2.0
1447349631.7,2023-04-15,PORT04,V444_0,2,DTP,0,0,V555555555_27,1676853,PLANT03,PORT09,572,0.8189038885559974,2.0
1447348785.7,2023-06-14,PORT04,V444_0,2,DTP,0,0,V55555_26,1675615,PLANT03,PORT09,1247,8.845369802283935,2.0
1447320864.7,2023-03-16,PORT04,V444_1,1,DTD,5,0,V55555555555555_8,1693747,PLANT03,PORT09,496,29.059999999999995,1.0
1447318906.7,2023-03-16,PORT04,V444_0,2,DTP,0,0,V555555555_14,1696262,PLANT08,PORT09,1711,6.6079650035146305,2.0
1447306598.7,2023-05-09,PORT04,V44_3,4,CRF,0,0,V555555555555555_29,1699022,PLANT03,PORT09,10278,35.52,3.28
1447306480.7,2023-07-15,PORT04,V444_1,1,DTD,0,0,V5555555_22,1672651,PLANT03,PORT09,408,2.4602587086875687,1.0
1447281351.7,2023-03-09,PORT04,V444_0,2,DTP,5,0,V55555555_7,1669701,PLANT03,PORT09,931,6.11,2.0
1447267041.7,2023-07-12,PORT04,V444_0,2,DTP,0,0,V55555555_5,1689548,PLANT03,PORT09,342,2.979191505240867,2.0
1447251381.7,2023-08-19,PORT04,V444_1,1,DTD,5,0,V55555555555555_8,1688629,PLANT03,PORT09,459,11.555571747479668,1.0
1447251216.7,2023-04-12,PORT04,V444_0,2,DTP,3,0,V555555_6,1660885,PLANT03,PORT09,600,2.6917176415078448,2.0
1447216087.7,2023-09-11,PORT04,V444_0,2,DTP,3,0,V55555_2,1672091,PLANT03,PORT09,556,39.4,2.0
1447211845.7,2023-03-06,PORT04,V444_1,1,DTD,5,0,V55555555555555_8,1690621,PLANT03,PORT09,329,1.1446161911793797,1.0
1447211458.7,2023-12-29,PORT04,V444_0,2,DTP,0,0,V5555_33,1688290,PLANT03,PORT09,287,0.9950373448220453,2.0
1447208346.7,2023-05-18,PORT04,V444_0,2,DTP,3,0,V555555_6,1668607,PLANT03,PORT09,308,0.27057745187901006,2.0
1447204979.7,2023-03-23,PORT04,V444_0,2,DTP,0,0,V555555555_27,1686758,PLANT03,PORT09,3755,34.82,2.0
1447194679.7,2023-03-05,PORT04,V444_0,2,DTP,3,0,V555555_6,1668550,PLANT03,PORT09,438,3.215719357435451,2.0
1447189368.7,2023-11-22,PORT04,V444_0,2,DTP,0,0,V555555555_27,1677878,PLANT03,PORT09,1442,4.2014861248063005,2.0
1447183210.7,2023-10-17,PORT04,V444_0,2,DTP,0,0,V55555_26,1683560,PLANT03,PORT09,18672,202.23240284821333,2.0
1447181334.7,2023-12-24,PORT04,V444_0,2,DTP,0,0,V5555_36,1682341,PLANT03,PORT09,214962,191.5,2.23
1447165362.7,2023-05-16,PORT04,V444_0,2,DTP,0,0,V5555555_30,1666295,PLANT03,PORT09,1245,9.56,2.0
1447148659.7,2023-08-20,PORT04,V444_1,1,DTD,5,0,V55555555555555_8,1688633,PLANT03,PORT09,403,13.91764611846673,1.0
1447146749.7,2023-05-19,PORT04,V444_0,2,DTP,3,1,V555_15,1668554,PLANT03,PORT09,1169,2.594302610559872,2.0
1447137128.7,2023-11-05,PORT04,V444_1,1,DTD,3,0,V5555555_19,1678493,PLANT03,PORT09,1330,9.489330537642493,1.0
1447405778.7,2023-05-02,PORT04,V444_1,1,DTD,0,0,V5555555_22,1692950,PLANT03,PORT09,909,4.380363928413702,1.0
1447393091.7,2023-03-30,PORT04,V444_0,2,DTP,0,0,V555555555_14,1696747,PLANT03,PORT09,738,26.516357719101585,2.0
1447386297.7,2023-07-21,PORT04,V444_1,1,DTD,0,0,V5555555_22,1699799,PLANT03,PORT09,2740,2.0957958942676056,1.0
1447356086.7,2023-06-06,PORT04,V444_0,2,DTP,0,0,V55555555555_28,1666443,PLANT03,PORT09,12271,9.453971035377245,2.0
1447338434.7,2023-06-01,PORT04,V444_0,2,DTP,0,0,V555555555_27,1672707,PLANT03,PORT09,469,16.299999999999997,2.0
1447334708.7,2023-05-21,PORT04,V444_0,2,DTP,0,0,V5555_33,1689549,PLANT03,PORT09,371,6.709048073365984,2.0
1447312016.7,2023-05-23,PORT04,V444_0,2,DTP,0,0,V5555_33,1688571,PLANT03,PORT09,270,0.352359397404564,2.0
1447305234.7,2023-03-05,PORT04,V444_0,2,DTP,0,0,V55555555_5,1677878,PLANT03,PORT09,503,0.7436258627975754,2.0
1447296427.7,2023-07-21,PORT04,V444_1,1,DTD,0,0,V555555555555555555_45,1688629,PLANT03,PORT09,434,18.936531067828096,1.0
1447265401.7,2023-06-17,PORT04,V444_0,2,DTP,3,0,V55555555_5,1653237,PLANT13,PORT09,255,3.6,2.0
1447250833.7,2023-02-16,PORT04,V444_0,2,DTP,5,0,V55555555_7,1683432,PLANT03,PORT09,308,0.8512529407071675,2.0
1447237186.7,2023-01-18,PORT04,V444_0,2,DTP,3,0,V55555_4,1675670,PLANT03,PORT09,473,2.64006217213911,2.0
1447237017.7,2023-07-11,PORT04,V444_1,1,DTD,5,0,V55555555555555_8,1689551,PLANT03,PORT09,355,3.731790599805883,1.0
1447227134.7,2023-03-07,PORT04,V444_0,2,DTP,0,0,V555555555_27,1695345,PLANT03,PORT09,1932,6.072783856273096,2.0
1447225310.7,2023-09-14,PORT04,V444_0,2,DTP,3,0,V555555_6,1658528,PLANT03,PORT09,420,1.5765027820851951,2.0
1447206006.7,2023-05-01,PORT04,V444_0,2,DTP,0,0,V555555555_14,1681878,PLANT08,PORT09,1894,6.195552093325831,2.0
1447187129.7,2023-11-25,PORT04,V444_0,2,DTP,0,0,V555555555_27,1675615,PLANT03,PORT09,251,0.08845369802283934,2.0
1447185790.7,2023-05-11,PORT04,V444_0,2,DTP,3,0,V55555_4,1675670,PLANT03,PORT09,450,1.8365649893141636,2.0
1447178884.7,2023-01-17,PORT04,V444_0,2,DTP,3,0,V555555_6,1677889,PLANT03,PORT09,1795,5.04,2.0
1447158123.7,2023-11-30,PORT04,V444_0,2,DTP,3,0,V55555_2,1677889,PLANT03,PORT09,339,0.23132078264946088,2.0
1447155743.7,2023-11-22,PORT04,V444_1,1,DTD,0,0,V5555555_22,1656353,PLANT03,PORT09,603,11.992613948379061,1.0
1447155226.7,2023-04-16,PORT04,V444_0,2,DTP,0,0,V5555_33,1689549,PLANT03,PORT09,320,0.19168708781045668,2.0
1447150408.7,2023-05-09,PORT04,V444_0,2,DTP,0,0,V55_13,1672714,PLANT03,PORT09,323,1.4609921790619929,2.0
1447150323.7,2023-03-20,PORT04,V444_0,2,DTP,0,0,V555555555_14,1681878,PLANT08,PORT09,1896,6.195552093325831,2.0
1447146307.7,2023-06-30,PORT04,V444_1,1,DTD,0,0,V555555555555555555_45,1689545,PLANT03,PORT09,436,12.80123156401066,1.0
1447414930.7,2023-02-04,PORT04,V444_0,2,DTP,3,0,V55555_4,1655818,PLANT03,PORT09,4286,11.9,2.0
1447402011.7,2023-11-01,PORT04,V444_0,2,DTP,3,0,V555555555_3,1617826,PLANT12,PORT09,440,38.97575757575758,2.0
1447387189.7,2023-03-05,PORT04,V444_1,1,DTD,0,0,V55555555555555_8,1688589,PLANT03,PORT09,354,3.654040883320759,1.0
1447386481.7,2023-07-01,PORT04,V444_0,2,DTP,3,1,V555_15,1677878,PLANT03,PORT09,344,0.3086047330609938,2.0
1447378362.7,2023-07-10,PORT04,V444_0,2,DTP,3,0,V55555555_5,1650404,PLANT12,PORT09,236,0.9674636373375052,2.0
1447377318.7,2023-04-13,PORT09,V44_3,1,CRF,3,0,V55555_53,1702652,PLANT16,PORT09,491,27.81,1.0
1447353778.7,2023-08-17,PORT04,V444_1,1,DTD,5,0,V55555555555555_8,1676566,PLANT03,PORT09,340,0.08396301034905172,1.0
1447353050.7,2023-07-14,PORT04,V444_1,1,DTD,5,0,V55555555555555_8,1688571,PLANT03,PORT09,613,28.06965028587653,1.0
1447346496.7,2023-03-04,PORT04,V444_0,2,DTP,3,0,V555555_6,1687346,PLANT03,PORT09,696,8.3485508841441,2.0
1447327242.7,2023-05-23,PORT04,V444_0,2,DTP,0,0,V555555555555555_29,1688575,PLANT03,PORT09,295,4.521704643092323,2.0
1447317044.7,2023-01-23,PORT04,V444_0,2,DTP,0,0,V55555555_5,1667817,PLANT03,PORT09,1326,18.38,2.0
1447291619.7,2023-04-09,PORT04,V444_0,2,DTP,3,0,V555555_6,1689546,PLANT03,PORT09,864,43.14399290365812,2.0
1447251510.7,2023-10-11,PORT04,V444_1,2,DTD,3,0,V55555555_9,1685330,PLANT12,PORT09,261,3.253793037162616,2.0
1447250186.7,2023-08-30,PORT04,V444_1,1,DTD,5,0,V55555555555555_8,1688633,PLANT03,PORT09,348,9.278430745644487,1.0
1447231575.7,2023-06-13,PORT04,V444_0,2,DTP,0,0,V555555555_14,1677878,PLANT03,PORT09,8284,19.56,2.0
1447229531.7,2023-05-15,PORT04,V444_0,2,DTP,3,0,V555555_6,1687661,PLANT03,PORT09,418,2.4800000000000004,2.0
1447223762.7,2023-05-06,PORT04,V444_1,1,DTD,5,0,V55555555555555_8,1651298,PLANT03,PORT09,4250,7.86,1.0
1447215350.7,2023-02-03,PORT04,V444_0,2,DTP,0,0,V555555_24,1689548,PLANT03,PORT09,306,2.3833532041926935,2.0
1447205713.7,2023-03-03,PORT04,V444_1,1,DTD,0,0,V5555555_22,1672664,PLANT03,PORT09,316,0.6071401543817164,1.0
1447200579.7,2023-04-30,PORT04,V444_0,2,DTP,5,0,V55555555_7,1682760,PLANT03,PORT09,314,5.465755051522252,2.0
1447418072.7,2023-11-17,PORT04,V444_1,1,DTD,5,0,V55555555555555_8,1693747,PLANT03,PORT09,404,15.940000000000001,1.0
1447402564.7,2023-06-12,PORT04,V44_3,2,CRF,3,0,V55555_2,1700382,PLANT03,PORT09,339,2.9106137184115517,2.0
1447383070.7,2023-01-14,PORT04,V444_0,2,DTP,0,0,V555555555_27,1679638,PLANT03,PORT09,2247,6.24,2.0
1447370099.7,2023-07-30,PORT04,V444_0,2,DTP,0,0,V55555555_5,1655818,PLANT03,PORT09,2298,6.04,2.0
1447343585.7,2023-10-14,PORT04,V444_0,2,DTP,3,1,V555_15,1680210,PLANT03,PORT09,299,0.019798238057956455,2.0
1447339095.7,2023-02-27,PORT04,V444_1,1,DTD,0,0,V555555555555555555_45,1689547,PLANT03,PORT09,655,28.938481293001587,1.0
1447320817.7,2023-01-14,PORT04,V444_0,2,DTP,3,0,V555555_6,1675615,PLANT03,PORT09,5315,38.08,2.0
1447317257.7,2023-09-30,PORT04,V444_1,1,DTD,0,0,V555555555555555555_45,1683424,PLANT03,PORT09,300,0.351576777716092,1.0
1447257473.7,2023-07-08,PORT04,V444_0,2,DTP,3,0,V55555_2,1664051,PLANT03,PORT09,25275,326.3337241526327,2.02
1447240031.7,2023-02-06,PORT04,V444_1,1,DTD,5,0,V55555555555555_8,1688610,PLANT03,PORT09,384,6.193992621775298,1.0
1447224250.7,2023-08-03,PORT04,V444_0,2,DTP,3,0,V55555_4,1646393,PLANT13,PORT09,784,102.6,2.0
1447198766.7,2023-04-06,PORT04,V444_0,2,DTP,3,0,V555555555_3,1684755,PLANT03,PORT09,338,1.28,2.0
1447194632.7,2023-07-13,PORT04,V444_0,2,DTP,0,0,V5555_33,1688575,PLANT03,PORT09,277,0.7234727428947717,2.0
1447182393.7,2023-04-02,PORT04,V44_3,0,CRF,0,0,V5555555_30,1698924,PLANT03,PORT09,8340,22.612448240800003,0.0
1447182250.7,2023-12-12,PORT04,V444_1,1,DTD,0,0,V5555555_22,1683634,PLANT03,PORT09,256,0.1739619978208871,1.0
1447175715.7,2023-11-08,PORT04,V444_0,2,DTP,3,0,V5555555_22,1676566,PLANT03,PORT09,497,2.518890310471552,2.0
1447152756.7,2023-05-31,PORT04,V444_0,2,DTP,0,0,V555555555_27,1692114,PLANT03,PORT09,921,5.955424579438134,2.0
1447152754.7,2023-02-05,PORT04,V444_0,2,DTP,0,0,V555555555_27,1680781,PLANT03,PORT09,320,2.574584999203653,2.0
1447152686.7,2023-08-05,PORT04,V444_0,2,DTP,0,0,V555555555_27,1689145,PLANT03,PORT09,2317,6.1,2.0
1447151465.7,2023-02-11,PORT04,V444_0,2,DTP,3,0,V55555555_5,1666994,PLANT12,PORT09,742,268.5365891776379,2.0
1447149416.7,2023-05-27,PORT04,V444_0,2,DTP,0,0,V55555_26,1699951,PLANT03,PORT09,320,1.891598937860139,2.0
1447144467.7,2023-11-13,PORT04,V444_1,1,DTD,0,0,V555555555555555555_45,1690619,PLANT03,PORT09,322,3.2150835176735644,1.0
1447411403.7,2023-02-11,PORT04,V444_0,2,DTP,3,0,V555555555_3,1685333,PLANT12,PORT09,341,4.2,2.0
1447405816.7,2023-08-30,PORT04,V444_1,1,DTD,0,0,V5555555_22,1686401,PLANT03,PORT09,541,6.68,1.0
1447389167.7,2023-11-28,PORT04,V444_0,2,DTP,3,0,V555555_6,1672661,PLANT03,PORT09,509,4.179933910808023,2.0
1447360909.7,2023-05-10,PORT04,V444_1,1,DTD,0,0,V555555555555555555_45,1699976,PLANT03,PORT09,320,1.662934168774731,1.0
1447340779.7,2023-07-18,PORT04,V444_1,1,DTD,5,0,V55555555555555_8,1689544,PLANT03,PORT09,269,2.145243154715501,1.0
1447334715.7,2023-09-08,PORT04,V444_1,1,DTD,5,0,V55555555555555_8,1688571,PLANT03,PORT09,342,2.290336083129666,1.0
1447300223.7,2023-07-01,PORT04,V444_0,2,DTP,5,0,V55555555_7,1669409,PLANT03,PORT09,2441,14.44,2.0
1447296418.7,2023-07-04,PORT04,V444_0,2,DTP,3,0,V5555555_12,1644062,PLANT03,PORT09,424,3.0927714713483936,2.0
1447283235.7,2023-01-28,PORT04,V444_0,2,DTP,3,0,V55555_2,1689548,PLANT03,PORT09,1283,68.47978763102167,2.0
1447281299.7,2023-08-29,PORT04,V444_0,2,DTP,5,0,V55555555_7,1660580,PLANT03,PORT09,370,13.56,2.0
1447273171.7,2023-12-15,PORT04,V444_0,2,DTP,0,0,V555555555_27,1662552,PLANT03,PORT09,459,0.963220078766438,2.0
1447258884.7,2023-12-17,PORT04,V444_0,2,DTP,0,0,V5555_33,1689546,PLANT03,PORT09,258,0.3065017665720591,2.0
1447228696.7,2023-01-03,PORT04,V444_1,1,DTD,0,0,V5555555_22,1683203,PLANT03,PORT09,2537,42.440000000000005,1.0
1447226777.7,2023-03-16,PORT04,V444_0,2,DTP,0,0,V5555_33,1675810,PLANT12,PORT09,302,1.4968242423223732,2.0
1447222989.7,2023-05-28,PORT04,V444_0,2,DTP,0,0,V5555_33,1688571,PLANT03,PORT09,319,0.176179698702282,2.0
1447212032.7,2023-11-24,PORT04,V444_1,1,DTD,1,0,V555555555555555555_17,1679639,PLANT03,PORT09,6323,9.0,1.0
1447191270.7,2023-05-23,PORT09,V44_3,1,CRF,3,0,V55555_53,1697884,PLANT16,PORT09,662,74.1,1.0
1447175699.7,2023-02-04,PORT04,V444_0,2,DTP,0,0,V55555555555_28,1666524,PLANT03,PORT09,47793,27.21758622411695,2.0
1447174491.7,2023-10-21,PORT04,V444_1,1,DTD,5,0,V55555555555555_8,1688633,PLANT03,PORT09,387,9.278430745644487,1.0
1447147908.7,2023-06-08,PORT04,V444_0,2,DTP,0,0,V5555_33,1688290,PLANT03,PORT09,341,4.975186724110227,2.0
1447145181.7,2023-06-13,PORT04,V444_1,1,DTD,0,0,V5555555_22,1676565,PLANT03,PORT09,1678,21.4,1.0
1447423150.7,2023-06-11,PORT04,V444_0,2,DTP,5,0,V55555555_7,1655818,PLANT03,PORT09,794,1.8028143099086282,2.0
1447395054.7,2023-05-28,PORT04,V444_0,2,DTP,0,3,V555555555_27,1660885,PLANT03,PORT09,634,3.1771093473535217,2.0
1447393108.7,2023-12-27,PORT04,V44_3,2,CRF,3,0,V55555_2,1620510,PLANT03,PORT09,374,3.5,2.0
1447392206.7,2023-03-24,PORT04,V444_1,1,DTD,0,0,V55555555555555_8,1690627,PLANT03,PORT09,244,0.23051031295006844,1.0
1447383139.7,2023-03-30,PORT04,V444_1,1,DTD,0,0,V555555555555555555_45,1682832,PLANT03,PORT09,329,4.451612591830874,1.0
1447371076.7,2023-02-14,PORT04,V444_0,2,DTP,0,0,V55555_26,1683560,PLANT03,PORT09,40309,381.8058725653739,2.0
1447367966.7,2023-03-01,PORT04,V444_0,2,DTP,0,0,V55555_26,1660897,PLANT03,PORT09,2330,14.88398221721538,2.0
1447355123.7,2023-10-14,PORT04,V44_3,0,CRF,3,0,V55555555_32,1699674,PLANT03,PORT09,7479,24.502451128000004,0.0
1447334331.7,2023-03-31,PORT04,V444_1,1,DTD,5,0,V55555555555555_8,1688629,PLANT03,PORT09,464,17.936531067828096,1.0
1447329820.7,2023-04-22,PORT04,V444_0,2,DTP,0,0,V55_13,1672670,PLANT03,PORT09,362,1.8041784873170823,2.0
1447323836.7,2023-10-01,PORT04,V444_0,2,DTP,0,0,V55555_26,1664346,PLANT03,PORT09,347,1.2440625,2.0
1447323413.7,2023-12-08,PORT04,V44_3,0,CRF,0,0,V5555555_30,1699242,PLANT03,PORT09,895,1.77923094,0.0
1447320834.7,2023-05-23,PORT04,V444_1,1,DTD,0,0,V5555555_22,1696753,PLANT03,PORT09,277,0.7770392749244713,1.0
1447320584.7,2023-05-02,PORT04,V44_3,0,CRF,3,0,V55555555_32,1699834,PLANT03,PORT09,5049,6.436601837117648,0.0
1447320500.7,2023-02-13,PORT04,V444_1,1,DTD,0,0,V5555555_22,1660579,PLANT03,PORT09,314,0.9039066599164297,1.0
1447320212.7,2023-09-20,PORT04,V444_0,2,DTP,0,0,V5555_33,1689546,PLANT03,PORT09,272,0.15325088328602954,2.0
1447310033.7,2023-02-08,PORT04,V444_1,1,DTD,1,0,V555555555555555555_17,1677878,PLANT03,PORT09,1825,5.06,1.0
1447302839.7,2023-04-26,PORT04,V444_0,2,DTP,3,1,V555_15,1689548,PLANT03,PORT09,748,30.77110655764954,2.0
1447296430.7,2023-06-02,PORT04,V444_1,1,DTD,0,0,V555555555555555555_45,1689547,PLANT03,PORT09,906,45.191763123882964,1.0
1447295786.7,2023-08-03,PORT04,V444_0,2,DTP,3,0,V555555_6,1660578,PLANT03,PORT09,545,26.64706207659339,2.0
1447284945.7,2023-03-01,PORT04,V444_0,2,DTP,0,0,V555555_24,1689601,PLANT03,PORT09,414,4.16,2.0
1447266946.7,2023-11-06,PORT04,V444_0,2,DTP,5,0,V55555555_7,1682805,PLANT03,PORT09,271,0.343659899198263,2.0
1447238384.7,2023-11-30,PORT04,V444_0,2,DTP,3,0,V555555_6,1649002,PLANT03,PORT09,637,3.0400000000000005,2.0
1447224944.7,2023-08-09,PORT04,V444_0,2,DTP,3,0,V555555_6,1699771,PLANT03,PORT09,1239,6.964304881308732,2.0
1447212592.7,2023-01-18,PORT04,V444_0,2,DTP,0,0,V5555555_30,1660579,PLANT03,PORT09,750,49.19533299582149,2.0
1447185825.7,2023-05-10,PORT04,V444_0,2,DTP,5,0,V55555555_7,1680562,PLANT03,PORT09,346,0.8205243681537772,2.0
1447178955.7,2023-08-30,PORT04,V444_0,2,DTP,3,0,V55555_4,1677891,PLANT03,PORT09,2751,8.267817258883248,2.0
1447168793.7,2023-09-15,PORT04,V444_0,2,DTP,0,0,V55555555555_28,1666524,PLANT03,PORT09,10274,5.5194918366562,2.0
1447149443.7,2023-05-25,PORT04,V444_0,2,DTP,3,0,V55555555_0,1689556,PLANT03,PORT09,358,1.7349999999999997,2.0
1447149300.7,2023-02-11,PORT04,V444_0,2,DTP,3,0,V5555555_22,1683200,PLANT03,PORT09,595,8.395955687830686,2.0
1447145413.7,2023-02-27,PORT04,V444_1,1,DTD,3,0,V5555555_19,1678493,PLANT03,PORT09,3890,34.96443512547498,1.0
1447386442.7,2023-09-15,PORT04,V444_1,2,DTD,0,0,V55555_10,1696476,PLANT12,PORT09,337,3.087360532001369,2.0
1447371640.7,2023-09-27,PORT04,V444_1,1,DTD,5,0,V55555555555555_8,1690630,PLANT03,PORT09,336,3.052953212067935,1.0
1447352440.7,2023-05-29,PORT04,V444_0,2,DTP,0,0,V55555555_5,1677891,PLANT03,PORT09,10317,24.4,2.11
1447348037.7,2023-04-20,PORT04,V444_0,2,DTP,3,1,V555_15,1689145,PLANT03,PORT09,313,0.07511530658717344,2.0
1447329891.7,2023-09-27,PORT04,V444_1,1,DTD,0,0,V5555555_22,1660677,PLANT03,PORT09,680,23.114710289888144,1.0
1447319054.7,2023-08-05,PORT04,V444_0,2,DTP,0,0,V5555_33,1688589,PLANT03,PORT09,245,0.18270204416603794,2.0
1447304373.7,2023-02-01,PORT04,V444_0,2,DTP,0,0,V5555_33,1682709,PLANT03,PORT09,295,0.09677257858180445,2.0
1447288749.7,2023-08-22,PORT04,V444_0,2,DTP,3,0,V555555_6,1685212,PLANT03,PORT09,484,4.618000586338317,2.0
1447286436.7,2023-04-12,PORT04,V44_3,4,CRF,0,0,V555555555555555_29,1699575,PLANT03,PORT09,26242,63.040000000000006,2.0
1447283700.7,2023-04-30,PORT04,V444_0,2,DTP,0,0,V55555_26,1623991,PLANT03,PORT09,404,0.8447011775161076,2.0
1447260460.7,2023-12-02,PORT04,V444_0,2,DTP,0,0,V55555555555_28,1678000,PLANT03,PORT09,85269,46.47104558941915,2.0
1447245105.7,2023-11-03,PORT04,V444_1,1,DTD,0,0,V5555555_22,1692948,PLANT03,PORT09,1677,5.951939725371899,1.0
1447227070.7,2023-12-07,PORT04,V444_0,2,DTP,3,0,V55555_4,1656246,PLANT03,PORT09,2276,8.192611464968154,2.0
1447225248.7,2023-02-20,PORT04,V444_0,2,DTP,0,0,V5555_33,1688285,PLANT03,PORT09,313,1.1726196698255211,2.0
1447214938.7,2023-08-16,PORT04,V444_0,2,DTP,0,0,V555555555_27,1689147,PLANT03,PORT09,379,0.48954941198925295,2.0
1447189541.7,2023-03-29,PORT04,V444_1,1,DTD,5,0,V55555555555555_8,1688587,PLANT03,PORT09,348,1.8241525788062605,1.0
1447181238.7,2023-01-26,PORT04,V444_0,2,DTP,0,0,V5555_33,1683405,PLANT03,PORT09,245,0.6549473684210527,2.0
1447170809.7,2023-04-28,PORT04,V444_0,2,DTP,0,0,V55555_26,1666954,PLANT03,PORT09,658,4.803716720427521,2.0
1447167301.7,2023-04-06,PORT04,V444_1,1,DTD,5,0,V55555555555555_8,1689546,PLANT03,PORT09,430,7.662544164301477,1.0
1447158864.7,2023-06-09,PORT04,V444_0,3,DTP,0,0,V55555555_5,1684862,PLANT03,PORT09,66087,87.5,2.96
1447158159.7,2023-12-01,PORT04,V444_0,2,DTP,0,0,V555555555_27,1699951,PLANT03,PORT09,4794,185.18460900221083,2.0
1447157909.7,2023-02-25,PORT04,V444_0,2,DTP,0,0,V55_13,1682784,PLANT03,PORT09,328,1.2233335557382357,2.0
1447148736.7,2023-12-14,PORT04,V444_1,1,DTD,5,0,V55555555555555_8,1693747,PLANT03,PORT09,556,43.540000000000006,1.0
1447145087.7,2023-04-21,PORT04,V444_1,1,DTD,0,0,V5555555_22,1672651,PLANT03,PORT09,403,1.5792201170629663,1.0
1447404968.7,2023-03-21,PORT04,V444_0,2,DTP,3,0,V55555_2,1689032,PLANT03,PORT09,841,12.5,2.0
1447398416.7,2023-04-23,PORT09,V44_3,1,CRF,3,0,V55555_53,1700035,PLANT16,PORT09,3266,43.2,1.0
1447362912.7,2023-11-20,PORT04,V444_1,1,DTD,0,0,V5555555_22,1682826,PLANT03,PORT09,321,2.509373762918541,1.0
1447355979.7,2023-07-23,PORT04,V444_1,1,DTD,5,0,V55555555555555_8,1688575,PLANT03,PORT09,364,6.3303865003292525,1.0
1447352171.7,2023-09-17,PORT04,V444_1,2,DTD,3,0,V55555555_9,1685330,PLANT12,PORT09,298,9.761379111487848,2.0
1447343701.7,2023-03-12,PORT04,V444_0,2,DTP,3,1,V555_15,1689469,PLANT03,PORT09,322,1.0208218121021158,2.0
1447336059.7,2023-10-28,PORT04,V444_0,2,DTP,3,0,V5555555_22,1683200,PLANT03,PORT09,892,13.5,2.0
1447320831.7,2023-05-06,PORT04,V444_1,1,DTD,0,0,V5555555_22,1676564,PLANT03,PORT09,285,0.15537100559667807,1.0
1447293680.7,2023-02-02,PORT04,V444_0,2,DTP,3,1,V555_15,1650905,PLANT03,PORT09,649,6.436571428571427,2.0
1447288339.7,2023-06-22,PORT04,V444_0,2,DTP,6,6,V555555555_14,1672661,PLANT03,PORT09,406,3.134950433106017,2.0
1447283105.7,2023-05-26,PORT04,V444_0,2,DTP,3,0,V55555_2,1688600,PLANT03,PORT09,483,33.24,2.0
1447282467.7,2023-07-07,PORT04,V444_0,2,DTP,3,0,V555555_6,1700094,PLANT03,PORT09,290,0.6301690507152147,2.0
1447281233.7,2023-02-23,PORT04,V444_0,2,DTP,0,0,V555555555_27,1622685,PLANT03,PORT09,285,0.6629337539432176,2.0
1447226800.7,2023-08-17,PORT04,V444_0,2,DTP,5,0,V55555555_7,1687353,PLANT12,PORT09,327,11.972463768115944,2.0
1447208166.7,2023-12-29,PORT04,V444_1,1,DTD,5,0,V55555555555555_8,1689546,PLANT03,PORT09,725,29.650176657205908,1.0
1447206586.7,2023-10-08,PORT04,V444_0,2,DTP,0,0,V555555555_14,1676853,PLANT03,PORT09,2263,5.283250893909661,2.0
1447206419.7,2023-03-14,PORT04,V444_0,2,DTP,3,0,V555555_6,1699948,PLANT03,PORT09,1279,30.99262790136219,2.0
1447188651.7,2023-12-04,PORT04,V444_1,1,DTD,5,0,V55555555555555_8,1693747,PLANT03,PORT09,419,13.88,1.0
1447179949.7,2023-06-25,PORT04,V444_1,1,DTD,0,0,V555555555555555555_45,1682648,PLANT03,PORT09,310,0.3561098426601536,1.0
1447177502.7,2023-08-01,PORT04,V444_0,2,DTP,0,0,V555555555_14,1677878,PLANT03,PORT09,8244,20.4,2.0
1447173716.7,2023-11-23,PORT04,V444_0,2,DTP,3,0,V55555_2,1667817,PLANT03,PORT09,691,5.8978600823045255,2.0
1447137237.7,2023-11-09,PORT04,V444_0,2,DTP,3,0,V55555555_5,1697080,PLANT03,PORT09,878,3.780648135530698,2.0
1447133054.7,2023-10-28,PORT04,V444_0,2,DTP,0,0,V555555_24,1678648,PLANT03,PORT09,356,1.4629700940594061,2.0
1447400272.7,2023-07-03,PORT04,V444_0,2,DTP,3,0,V55555_2,1660885,PLANT03,PORT09,3518,28.44,2.0
1447382548.7,2023-12-13,PORT04,V444_0,2,DTP,0,0,V55555555_5,1689546,PLANT03,PORT09,479,11.493816246452216,2.0
1447382118.7,2023-05-12,PORT04,V444_0,2,DTP,0,0,V555555555_27,1685211,PLANT03,PORT09,1243,18.68,2.0
1447369706.7,2023-08-24,PORT04,V444_0,2,DTP,3,0,V555555555_3,1688589,PLANT03,PORT09,410,13.789143091622655,2.0
1447349613.7,2023-09-28,PORT04,V444_0,2,DTP,0,0,V555555555_27,1622685,PLANT03,PORT09,935,4.7,2.0
1447326663.7,2023-01-20,PORT04,V444_0,2,DTP,0,0,V555555555_27,1675655,PLANT03,PORT09,1010,5.8,2.0
1447320328.7,2023-08-02,PORT04,V44_3,0,CRF,3,0,V55555555_32,1699315,PLANT03,PORT09,34516,106.48719577093595,0.0
1447306627.7,2023-10-08,PORT04,V444_0,2,DTP,0,0,V555555555_27,1677878,PLANT03,PORT09,1476,4.536117763065209,2.0
1447296081.7,2023-06-13,PORT04,V444_0,2,DTP,3,0,V55555555_5,1652887,PLANT13,PORT09,281,22.0,2.0
1447286434.7,2023-08-02,PORT04,V44_3,0,CRF,3,0,V55555555_32,1699268,PLANT03,PORT09,904,1.3266798494467595,0.0
1447258854.7,2023-09-05,PORT04,V444_0,2,DTP,0,0,V555555555_14,1694720,PLANT03,PORT09,1258,12.78,2.0
1447251866.7,2023-11-14,PORT04,V444_1,1,DTD,5,0,V55555555555555_8,1693747,PLANT03,PORT09,377,15.079999999999998,1.0
1447250136.7,2023-02-18,PORT04,V444_1,1,DTD,5,0,V55555555555555_8,1688633,PLANT03,PORT09,356,9.835136590383156,1.0
1447245119.7,2023-01-29,PORT04,V444_1,1,DTD,0,0,V5555555_22,1676566,PLANT03,PORT09,747,4.345085785563427,1.0
1447236654.7,2023-08-28,PORT04,V444_1,2,DTD,3,0,V55555555_9,1686657,PLANT12,PORT09,335,2.719137466307277,2.0
1447219294.7,2023-02-27,PORT04,V444_0,2,DTP,3,0,V55555_2,1674853,PLANT03,PORT09,382,4.80148367952522,2.0
1447212590.7,2023-08-04,PORT04,V444_0,2,DTP,3,0,V55555_2,1682745,PLANT03,PORT09,559,33.10360818823307,2.0
1447185872.7,2023-11-24,PORT04,V444_0,2,DTP,3,0,V555555_6,1695346,PLANT03,PORT09,262,0.07280637296880378,2.0
1447184604.7,2023-11-16,PORT04,V44_3,0,CRF,3,0,V55555555_32,1699553,PLANT03,PORT09,685,1.7408589019380563,0.0
1447172372.7,2023-03-25,PORT04,V444_0,2,DTP,0,0,V555555555_14,1681890,PLANT08,PORT09,1131,3.194417112319999,2.0
1447170692.7,2023-04-18,PORT04,V444_0,2,DTP,3,0,V55555_2,1669702,PLANT03,PORT09,902,9.34,2.0
1447165368.7,2023-01-02,PORT04,V444_0,2,DTP,0,0,V55555_26,1662551,PLANT03,PORT09,2323,3.7980487804878047,2.0
1447158703.7,2023-03-25,PORT04,V444_1,1,DTD,0,0,V555555555555555555_45,1689469,PLANT03,PORT09,369,2.0416436242042315,1.0
1447158007.7,2023-06-24,PORT04,V444_1,1,DTD,5,0,V55555555555555_8,1689541,PLANT03,PORT09,495,29.800000000000004,1.0
1447146531.7,2023-08-01,PORT04,V444_0,2,DTP,3,0,V55555_4,1668608,PLANT03,PORT09,579,8.974339463115621,2.0
1447139386.7,2023-04-30,PORT04,V444_1,1,DTD,0,0,V5555555_22,1683636,PLANT03,PORT09,270,0.7468191579717708,1.0
1447421470.7,2023-01-20,PORT04,V444_0,2,DTP,5,0,V55555555_7,1699268,PLANT03,PORT09,847,1.3266798494467595,2.0
1447418576.7,2023-11-10,PORT04,V444_0,2,DTP,0,0,V555555_24,1651302,PLANT03,PORT09,1450,4.54,2.0
1447410053.7,2023-07-03,PORT04,V444_0,2,DTP,0,0,V55555555_5,1687644,PLANT03,PORT09,1251,12.86,2.0
1447404197.7,2023-02-08,PORT04,V444_0,2,DTP,0,0,V555555555_27,1677692,PLANT03,PORT09,5234,385.56000000000006,2.0
1447403132.7,2023-09-01,PORT04,V444_0,2,DTP,3,0,V55555555_5,1697084,PLANT03,PORT09,9257,33.70104403682947,2.0
1447394185.7,2023-11-29,PORT04,V444_0,2,DTP,0,0,V555555555_14,1683200,PLANT03,PORT09,277,0.7445954585537917,2.0
1447373180.7,2023-02-26,PORT04,V444_0,2,DTP,0,0,V555555555555555_29,1689544,PLANT03,PORT09,296,5.363107886788752,2.0
1447369369.7,2023-07-15,PORT04,V444_1,1,DTD,5,0,V55555555555555_8,1689547,PLANT03,PORT09,386,7.198627187313828,1.0
1447336031.7,2023-01-04,PORT04,V444_0,2,DTP,3,0,V555555_6,1657063,PLANT03,PORT09,301,0.8295674628792769,2.0
1447316093.7,2023-01-24,PORT04,V444_1,1,DTD,1,0,V555555555555555555_17,1697085,PLANT03,PORT09,272,0.049352507387462566,1.0
1447292282.7,2023-08-10,PORT04,V444_0,2,DTP,3,0,V55555555_5,1700140,PLANT03,PORT09,45062,31.445801350599805,2.0
1447275912.7,2023-12-28,PORT04,V444_0,2,DTP,3,0,V55555_2,1689033,PLANT03,PORT09,732,8.02,2.0
1447269650.7,2023-05-27,PORT04,V444_1,1,DTD,0,0,V555555555555555555_45,1688629,PLANT03,PORT09,651,33.87306213565619,1.0
1447268261.7,2023-12-12,PORT04,V444_0,2,DTP,0,0,V555555555_14,1670215,PLANT03,PORT09,4326,37.4737895176088,2.0
1447261181.7,2023-10-08,PORT04,V444_0,2,DTP,3,0,V55555_2,1651299,PLANT03,PORT09,2333,6.06,2.0
1447231022.7,2023-04-11,PORT04,V444_0,2,DTP,0,0,V555555555_27,1676853,PLANT03,PORT09,975,1.7963053039292844,2.0
1447229171.7,2023-12-27,PORT04,V444_1,1,DTD,1,0,V555555555555555555_17,1683190,PLANT03,PORT09,295,0.665529010238908,1.0
1447226282.7,2023-04-24,PORT04,V444_1,1,DTD,0,0,V5555555_22,1675655,PLANT03,PORT09,471,2.58542559211058,1.0
1447209518.7,2023-09-05,PORT04,V444_0,2,DTP,3,0,V555555_6,1687346,PLANT03,PORT09,1064,14.78,2.0
1447185859.7,2023-04-28,PORT04,V444_0,2,DTP,0,0,V555555555_14,1668421,PLANT03,PORT09,705,2.8849927001516122,2.0
1447173855.7,2023-09-02,PORT04,V444_0,2,DTP,5,0,V55555555_7,1687346,PLANT03,PORT09,424,1.9619094577738636,2.0
1447165207.7,2023-08-11,PORT04,V444_0,2,DTP,5,0,V55555555_7,1687353,PLANT12,PORT09,353,5.486231884057972,2.0
1447159321.7,2023-08-31,PORT04,V444_0,2,DTP,3,0,V555555555_3,1672707,PLANT03,PORT09,345,2.352936188255248,2.0
1447156708.7,2023-08-04,PORT04,V444_0,2,DTP,0,0,V5555555_30,1693618,PLANT03,PORT09,829,5.170807054911123,2.0
1447149175.7,2023-02-07,PORT04,V444_0,2,DTP,5,0,V55555555_7,1689548,PLANT03,PORT09,275,0.14895957526204334,2.0
1447137152.7,2023-03-30,PORT04,V444_0,2,DTP,3,0,V55555555_5,1695348,PLANT03,PORT09,457,0.7037787799905876,2.0
1447393109.7,2023-11-22,PORT04,V44_3,2,CRF,3,0,V55555_2,1669409,PLANT03,PORT09,545,2.6564782052247238,2.0
1447390305.7,2023-03-13,PORT04,V444_0,2,DTP,3,0,V5555555_22,1683200,PLANT03,PORT09,1041,18.24,2.0
1447382049.7,2023-11-30,PORT04,V444_1,1,DTD,0,0,V5555555_22,1676566,PLANT03,PORT09,471,1.8891677328536638,1.0
1447377498.7,2023-05-12,PORT04,V444_0,2,DTP,0,0,V5555_36,1693740,PLANT03,PORT09,20277,38.711727160185184,2.0
1447374136.7,2023-07-26,PORT04,V444_0,2,DTP,0,0,V55555555555_28,1666443,PLANT03,PORT09,18294,14.180956553065867,2.0
1447364831.7,2023-12-30,PORT04,V44_3,0,CRF,0,0,V555555555555555_29,1699540,PLANT03,PORT09,3462,5.743498400449389,0.68
1447355493.7,2023-05-27,PORT04,V444_1,1,DTD,1,0,V555555555555555555_17,1680210,PLANT03,PORT09,1248,1.9798238057956454,1.0
1447330340.7,2023-03-24,PORT04,V444_0,2,DTP,3,0,V55555_2,1658528,PLANT03,PORT09,1486,9.9,2.0
1447328086.7,2023-03-03,PORT04,V444_1,1,DTD,3,0,V5555555_19,1695349,PLANT03,PORT09,355,0.9943889603242163,1.0
1447326664.7,2023-10-24,PORT04,V444_0,2,DTP,3,0,V555555_6,1685212,PLANT03,PORT09,730,8.52,2.0
1447320569.7,2023-04-05,PORT04,V444_1,1,DTD,0,0,V5555555_22,1683203,PLANT03,PORT09,2047,33.54,1.0
1447318797.7,2023-07-16,PORT04,V444_1,1,DTD,5,0,V55555555555555_8,1690619,PLANT03,PORT09,286,0.6430167035347129,1.0
1447306655.7,2023-04-20,PORT04,V444_1,1,DTD,0,0,V5555555_22,1676565,PLANT03,PORT09,1482,17.4,1.0
1447306417.7,2023-02-14,PORT04,V444_1,1,DTD,0,0,V5555555_22,1683636,PLANT03,PORT09,826,14.521483627228877,1.0
1447293043.7,2023-07-25,PORT04,V444_1,1,DTD,0,0,V5555555_22,1692948,PLANT03,PORT09,1618,5.951939725371899,1.0
1447273170.7,2023-01-06,PORT04,V444_0,2,DTP,0,0,V555555555_27,1622685,PLANT03,PORT09,426,2.0153186119873814,2.0
1447215491.7,2023-06-23,PORT04,V444_0,2,DTP,3,0,V55555555_5,1699946,PLANT03,PORT09,395,2.3958092155191997,2.0
1447215337.7,2023-12-12,PORT04,V444_1,1,DTD,5,0,V55555555555555_8,1688629,PLANT03,PORT09,351,7.174612427131239,1.0
1447211487.7,2023-04-24,PORT04,V444_0,2,DTP,0,0,V5555_33,1688633,PLANT03,PORT09,335,0.18556861491288973,2.0
1447204422.7,2023-09-26,PORT04,V444_0,2,DTP,0,0,V555555555_27,1675615,PLANT03,PORT09,2254,16.2,2.0
1447201447.7,2023-11-25,PORT04,V444_0,2,DTP,0,0,V555555_24,1685329,PLANT12,PORT09,271,1.2522727272727272,2.0
1447193205.7,2023-11-29,PORT04,V444_0,2,DTP,0,0,V55_13,1663396,PLANT03,PORT09,1089,40.8777059121046,2.0
1447178893.7,2023-07-22,PORT04,V444_0,2,DTP,0,0,V55555555_5,1682805,PLANT03,PORT09,690,39.66173865980459,2.0
1447168914.7,2023-04-04,PORT04,V444_0,2,DTP,3,0,V55555_4,1677878,PLANT03,PORT09,5250,14.52,2.0
1447158126.7,2023-02-17,PORT04,V444_0,2,DTP,3,0,V55555_2,1682745,PLANT03,PORT09,550,31.462419408821653,2.0
1447146542.7,2023-01-22,PORT04,V444_0,2,DTP,3,0,V55555_4,1683200,PLANT03,PORT09,367,1.5662180335096998,2.0
1447405970.7,2023-02-16,PORT04,V444_1,1,DTD,0,0,V5555555_22,1676566,PLANT03,PORT09,367,1.0915191345376725,1.0
1447405918.7,2023-08-13,PORT04,V444_1,1,DTD,0,0,V5555555_22,1682784,PLANT03,PORT09,349,3.8447626037487406,1.0
1447390904.7,2023-11-21,PORT04,V444_0,2,DTP,3,0,V55555_2,1696746,PLANT03,PORT09,248,0.30936022024252713,2.0
1447378364.7,2023-05-20,PORT04,V444_0,2,DTP,3,0,V55555555_5,1671248,PLANT12,PORT09,329,1.6902572253872548,2.0
1447367946.7,2023-09-06,PORT04,V444_0,2,DTP,0,0,V55555_26,1689145,PLANT03,PORT09,496,0.8942298403234934,2.0
1447351881.7,2023-05-13,PORT04,V444_0,2,DTP,0,0,V5555_33,1688288,PLANT03,PORT09,324,2.9848604244690495,2.0
1447339826.7,2023-01-09,PORT04,V444_1,1,DTD,3,0,V5555555_19,1689146,PLANT03,PORT09,4264,6.036123711340201,1.0
1447334094.7,2023-01-30,PORT04,V444_0,2,DTP,0,0,V55555555555_28,1674598,PLANT03,PORT09,10764,4.883438097210141,2.0
1447325989.7,2023-07-01,PORT04,V444_0,2,DTP,3,1,V555_15,1691700,PLANT08,PORT09,1680,8.947450987064599,2.0
1447306616.7,2023-09-03,PORT04,V444_1,1,DTD,0,0,V5555555_22,1644308,PLANT03,PORT09,499,7.7373369491035575,1.0
1447299519.7,2023-03-28,PORT04,V444_1,1,DTD,5,0,V55555555555555_8,1699369,PLANT03,PORT09,1263,2.672789038738373,1.0
1447245122.7,2023-02-02,PORT04,V444_1,1,DTD,0,0,V5555555_22,1683634,PLANT03,PORT09,428,2.938024852086093,1.0
1447234949.7,2023-03-03,PORT04,V44_3,0,CRF,0,0,V5555555_30,1699540,PLANT03,PORT09,1892,2.8717492002246945,0.0
1447226285.7,2023-12-28,PORT04,V444_1,1,DTD,0,0,V5555555_22,1680915,PLANT03,PORT09,710,9.225625262631775,1.0
1447224968.7,2023-09-27,PORT04,V444_0,2,DTP,3,0,V555555_6,1699769,PLANT03,PORT09,806,2.7162142295905265,2.0
1447219465.7,2023-07-07,PORT04,V444_0,2,DTP,0,0,V5555555_30,1651302,PLANT03,PORT09,569,1.991881319654587,2.0
1447207734.7,2023-07-18,PORT04,V444_0,2,DTP,0,0,V55_13,1684703,PLANT03,PORT09,385,1.7858441873179032,2.0
1447185738.7,2023-11-16,PORT04,V444_0,2,DTP,0,0,V55555_26,1669409,PLANT03,PORT09,400,0.8854927350749079,2.0
1447162410.7,2023-03-23,PORT04,V444_0,2,DTP,3,0,V555555_6,1656246,PLANT03,PORT09,5332,18.481528662420384,2.0
1447151480.7,2023-07-19,PORT04,V444_1,1,DTD,5,0,V55555555555555_8,1690616,PLANT03,PORT09,374,1.885401793136631,1.0
1447150680.7,2023-12-06,PORT04,V444_0,2,DTP,0,0,V555555555_14,1691700,PLANT08,PORT09,4173,21.85986929883893,2.0
1447149402.7,2023-11-23,PORT04,V444_0,2,DTP,0,0,V55555_26,1699952,PLANT03,PORT09,378,3.0610448983297265,2.0
1447399744.7,2023-01-21,PORT04,V444_0,2,DTP,0,0,V55_13,1672670,PLANT03,PORT09,351,1.1366324470097617,2.0
1447394112.7,2023-06-25,PORT04,V444_0,2,DTP,3,0,V555555555_3,1682832,PLANT03,PORT09,358,8.903225183661748,2.0
1447381486.7,2023-09-29,PORT04,V444_1,1,DTD,5,0,V55555555555555_8,1688571,PLANT03,PORT09,788,51.449417143127555,1.0
1447362519.7,2023-08-08,PORT04,V444_1,1,DTD,5,0,V55555555555555_8,1676563,PLANT03,PORT09,520,3.8,1.0
1447348191.7,2023-08-24,PORT04,V444_0,2,DTP,3,0,V55555_4,1683704,PLANT03,PORT09,934,2.9834954153931643,2.0
1447344872.7,2023-06-10,PORT04,V444_1,1,DTD,5,0,V55555555555555_8,1689550,PLANT03,PORT09,311,3.0667369610917468,1.0
1447339000.7,2023-03-09,PORT04,V444_1,1,DTD,5,0,V55555555555555_8,1688589,PLANT03,PORT09,335,3.654040883320759,1.0
1447323091.7,2023-11-26,PORT04,V444_0,2,DTP,0,0,V55555555_5,1666994,PLANT12,PORT09,947,325.95530729169894,2.0
1447322279.7,2023-03-10,PORT04,V444_1,1,DTD,0,0,V5555555_22,1676563,PLANT03,PORT09,256,0.19558528428093647,1.0
1447321412.7,2023-10-06,PORT04,V444_0,2,DTP,0,0,V555555555_14,1695139,PLANT03,PORT09,489,7.321589153464479,2.0
1447308361.7,2023-07-21,PORT04,V444_0,2,DTP,0,0,V5555_33,1689543,PLANT03,PORT09,315,1.4703441394129668,2.0
1447306315.7,2023-06-11,PORT04,V444_0,2,DTP,5,0,V55555555_7,1687353,PLANT12,PORT09,317,21.6,2.0
1447304762.7,2023-07-09,PORT04,V444_0,2,DTP,0,0,V55_13,1663396,PLANT03,PORT09,419,8.551471870462391,2.0
1447304371.7,2023-07-05,PORT04,V444_0,2,DTP,0,0,V5555_33,1688633,PLANT03,PORT09,310,0.18556861491288973,2.0
1447295513.7,2023-09-12,PORT04,V444_0,2,DTP,0,0,V55555555_5,1651299,PLANT03,PORT09,2282,6.084584385387943,2.0
1447265546.7,2023-02-20,PORT04,V444_0,2,DTP,5,0,V55555555_7,1668547,PLANT03,PORT09,372,0.9559717043491999,2.0
1447229943.7,2023-07-20,PORT04,V444_0,2,DTP,5,0,V55555555_7,1668545,PLANT03,PORT09,332,0.3169741005508028,2.0
1447218311.7,2023-02-01,PORT04,V444_0,2,DTP,0,0,V555555555_27,1623991,PLANT03,PORT09,369,0.8447011775161076,2.0
1447209472.7,2023-06-01,PORT04,V444_0,2,DTP,0,0,V555555555_27,1677878,PLANT03,PORT09,703,1.5244330187350295,2.0
1447204419.7,2023-04-16,PORT04,V444_0,2,DTP,0,0,V555555555_27,1699953,PLANT03,PORT09,751,15.45610726494293,2.0
1447200003.7,2023-10-24,PORT04,V444_0,2,DTP,0,3,V555555555_27,1699948,PLANT03,PORT09,2051,61.73709882738383,2.0
1447199663.7,2023-09-13,PORT04,V444_0,2,DTP,3,0,V55555555_5,1652883,PLANT13,PORT09,358,40.03874590117681,2.0
1447198767.7,2023-10-16,PORT04,V444_0,2,DTP,3,0,V555555555_3,1691544,PLANT03,PORT09,331,3.647689989718212,2.0
1447184591.7,2023-04-18,PORT04,V44_3,0,CRF,3,0,V55555555_32,1699539,PLANT03,PORT09,5659,18.43446106807874,0.0
1447182402.7,2023-12-18,PORT04,V44_3,0,CRF,0,0,V5555555_30,1699173,PLANT03,PORT09,604,3.42,0.0
1447178348.7,2023-11-27,PORT04,V444_0,2,DTP,3,0,V555555_6,1696149,PLANT03,PORT09,427,8.42498013975965,2.0
1447174486.7,2023-04-18,PORT04,V444_0,2,DTP,0,0,V55555_4,1699946,PLANT03,PORT09,422,2.5155996762951593,2.0
1447170793.7,2023-08-03,PORT09,V44_3,1,CRF,3,0,V55555_53,1696798,PLANT16,PORT09,3927,619.88,1.0
1447162472.7,2023-05-05,PORT04,V444_1,1,DTD,3,0,V5555555_19,1680210,PLANT03,PORT09,1322,1.9798238057956454,1.0
1447159828.7,2023-06-19,PORT04,V444_0,2,DTP,3,0,V555555_6,1654623,PLANT03,PORT09,394,1.9580487804878046,2.0
1447135962.7,2023-11-13,PORT04,V444_0,2,DTP,0,0,V55555_26,1652499,PLANT03,PORT09,298,2.92,2.0
1447133213.7,2023-09-15,PORT04,V444_0,2,DTP,0,0,V55555_26,1693230,PLANT03,PORT09,8246,42.89799415044078,2.0
1447418974.7,2023-07-10,PORT04,V444_0,2,DTP,5,0,V55555555_7,1692998,PLANT03,PORT09,785,23.78,2.0
1447367942.7,2023-02-13,PORT04,V444_0,2,DTP,3,0,V555555_6,1662552,PLANT03,PORT09,358,0.4586762279840181,2.0
1447343144.7,2023-08-01,PORT04,V444_1,1,DTD,5,0,V55555555555555_8,1688285,PLANT03,PORT09,335,4.104168844389324,1.0
1447295510.7,2023-12-17,PORT04,V444_0,2,DTP,0,0,V55555555_5,1662317,PLANT03,PORT09,341,2.74,2.0
1447280405.7,2023-12-02,PORT04,V44_3,0,CRF,3,0,V55555555_32,1698913,PLANT03,PORT09,7288,33.08,0.0
1447278134.7,2023-09-27,PORT04,V444_0,2,DTP,3,0,V55555_2,1684796,PLANT03,PORT09,591,7.700000000000001,2.0
1447264569.7,2023-09-08,PORT04,V44_3,0,CRF,0,0,V5555555_12,1699231,PLANT03,PORT09,5284,9.0,0.0
1447229787.7,2023-11-09,PORT04,V444_0,2,DTP,5,0,V55555555_7,1655818,PLANT03,PORT09,663,1.2877245070775916,2.0
1447227035.7,2023-08-07,PORT04,V444_0,2,DTP,5,0,V55555555_7,1672117,PLANT03,PORT09,309,0.8120000000000003,2.0
1447226873.7,2023-12-05,PORT04,V444_0,2,DTP,0,0,V5555_38,1671426,PLANT03,PORT09,6333,3.8382790398785165,2.0
1447226773.7,2023-10-07,PORT04,V444_1,2,DTD,5,0,V55555555555555_8,1657013,PLANT12,PORT09,360,17.1,2.0
1447225220.7,2023-03-05,PORT04,V444_1,2,DTD,3,0,V55555555_9,1677229,PLANT12,PORT09,397,46.0,2.0
1447219295.7,2023-04-11,PORT04,V444_0,2,DTP,3,0,V55555_2,1674853,PLANT03,PORT09,382,9.32,2.0
1447184601.7,2023-02-11,PORT04,V44_3,0,CRF,3,0,V55555555_32,1698977,PLANT03,PORT09,1164,2.444724275256637,0.0
1447179947.7,2023-09-22,PORT04,V444_1,1,DTD,0,0,V555555555555555555_45,1689548,PLANT03,PORT09,580,21.684572466664893,1.0
1447179094.7,2023-01-28,PORT04,V444_0,2,DTP,3,0,V55555_2,1682763,PLANT03,PORT09,259,0.9902267304909793,2.0
1447173728.7,2023-03-04,PORT04,V444_0,2,DTP,3,0,V55555_2,1680210,PLANT03,PORT09,346,0.059394714173869365,2.0
1447145769.7,2023-09-18,PORT04,V444_0,2,DTP,0,0,V5555_33,1683419,PLANT03,PORT09,245,0.27824326474723204,2.0
1447423389.7,2023-01-29,PORT04,V444_0,2,DTP,5,0,V55555555_7,1699670,PLANT09,PORT09,3898,11.095600176002277,2.0
1447421399.7,2023-05-02,PORT04,V444_0,2,DTP,0,0,V55555555555_28,1692333,PLANT03,PORT09,5759,1.4957059844381142,2.0
1447418347.7,2023-04-19,PORT04,V444_0,2,DTP,5,0,V55555555_7,1668545,PLANT03,PORT09,828,5.14,2.0
1447391532.7,2023-05-12,PORT04,V444_0,2,DTP,0,0,V55555555_5,1662238,PLANT03,PORT09,334,2.0876190476190475,2.0
1447375287.7,2023-05-13,PORT04,V444_0,2,DTP,0,0,V555555555_14,1668550,PLANT03,PORT09,2294,33.15719357435451,2.0
1447371896.7,2023-04-09,PORT04,V444_0,2,DTP,0,0,V555555555_27,1676853,PLANT03,PORT09,1419,2.905787991650313,2.0
1447365956.7,2023-12-13,PORT04,V444_0,2,DTP,0,0,V555555555555555_29,1689544,PLANT03,PORT09,418,10.726215773577504,2.0
1447346575.7,2023-10-30,PORT04,V444_0,2,DTP,3,0,V555555_6,1662274,PLANT03,PORT09,319,1.661261261261261,2.0
1447329753.7,2023-12-13,PORT04,V444_0,2,DTP,0,0,V55555555_5,1651299,PLANT03,PORT09,5298,13.96,2.03
1447320437.7,2023-12-04,PORT04,V444_1,1,DTD,0,0,V5555555_22,1692950,PLANT03,PORT09,960,4.380363928413702,1.0
1447307775.7,2023-04-06,PORT04,V444_0,2,DTP,0,0,V5555_36,1671461,PLANT03,PORT09,32243,54.68241465534057,2.0
1447306520.7,2023-10-16,PORT04,V444_1,1,DTD,0,0,V5555555_22,1683633,PLANT03,PORT09,404,5.52,1.0
1447295515.7,2023-08-18,PORT04,V444_0,2,DTP,0,0,V55555555_5,1677887,PLANT03,PORT09,1292,3.98,2.0
1447266833.7,2023-06-30,PORT04,V444_0,2,DTP,0,0,V55_13,1668545,PLANT03,PORT09,732,4.06,2.0
1447237189.7,2023-06-14,PORT04,V444_0,2,DTP,3,0,V55555555_5,1688288,PLANT03,PORT09,585,33.98064740502553,2.0
1447231562.7,2023-03-29,PORT04,V444_0,2,DTP,3,1,V555_15,1689548,PLANT03,PORT09,497,18.51370435932768,2.0
1447227124.7,2023-03-18,PORT04,V44_3,2,CRF,3,0,V55555_2,1668547,PLANT03,PORT09,395,0.6373144695661332,2.0
1447227071.7,2023-06-09,PORT04,V444_0,2,DTP,3,0,V55555_4,1675662,PLANT03,PORT09,1272,9.0,2.0
1447191651.7,2023-06-22,PORT04,V444_1,1,DTD,5,0,V55555555555555_8,1689541,PLANT03,PORT09,377,14.42,1.0
1447188082.7,2023-05-28,PORT04,V444_0,2,DTP,5,0,V55555555_7,1682784,PLANT03,PORT09,287,0.3495238730680673,2.0
1447187833.7,2023-08-11,PORT04,V444_0,2,DTP,0,0,V55555_26,1666295,PLANT03,PORT09,514,3.019631009724621,2.0
1447182388.7,2023-09-08,PORT04,V44_3,0,CRF,3,0,V55555555_32,1699674,PLANT03,PORT09,8425,25.315257519000006,0.0
1447181236.7,2023-01-20,PORT04,V444_0,2,DTP,0,0,V5555_33,1688633,PLANT03,PORT09,291,0.18556861491288973,2.0
1447175219.7,2023-10-07,PORT04,V444_0,2,DTP,3,0,V55555_4,1652644,PLANT03,PORT09,440,4.56,2.0
1447146923.7,2023-09-07,PORT04,V444_0,2,DTP,0,0,V55555_26,1699952,PLANT03,PORT09,1459,45.40359105528905,2.0
1447396704.7,2023-06-07,PORT04,V444_0,2,DTP,0,0,V55_13,1694720,PLANT03,PORT09,255,0.1723660720501186,2.0
1447390910.7,2023-07-23,PORT04,V444_1,1,DTD,0,0,V55555555555555_8,1688633,PLANT03,PORT09,451,18.556861491288974,1.0
1447385930.7,2023-09-15,PORT04,V444_0,2,DTP,3,0,V55555_2,1669702,PLANT03,PORT09,355,0.8874606289308178,2.0
1447381544.7,2023-10-02,PORT04,V444_1,1,DTD,3,0,V5555555_19,1697085,PLANT03,PORT09,1300,4.486591580678415,1.0
1447378572.7,2023-12-26,PORT04,V444_1,1,DTD,5,0,V55555555555555_8,1688589,PLANT03,PORT09,312,2.740530662490569,1.0
1447336154.7,2023-02-26,PORT04,V444_0,2,DTP,0,0,V55555555555_28,1684560,PLANT03,PORT09,21269,9.360351481992902,2.0
1447332327.7,2023-06-07,PORT04,V444_1,1,DTD,5,0,V55555555555555_8,1688633,PLANT03,PORT09,611,29.83529223693346,1.0
1447308856.7,2023-07-22,PORT04,V444_0,2,DTP,0,0,V555555555555555_29,1688587,PLANT03,PORT09,349,4.560381447015651,2.0
1447297188.7,2023-04-20,PORT04,V444_0,2,DTP,3,0,V555555555_3,1688629,PLANT03,PORT09,1106,77.74612427131238,2.0
1447267029.7,2023-11-23,PORT04,V444_0,2,DTP,3,0,V555555_6,1685212,PLANT03,PORT09,451,3.4635004397537377,2.0
1447261163.7,2023-04-10,PORT04,V44_3,2,CRF,3,0,V55555_2,1689541,PLANT03,PORT09,280,2.0419910625620643,2.0
1447245217.7,2023-08-02,PORT04,V44_3,0,CRF,3,0,V55555555_32,1699834,PLANT03,PORT09,1877,2.1455339457058824,0.0
1447238360.7,2023-01-20,PORT04,V444_0,2,DTP,0,0,V555555555_14,1668547,PLANT03,PORT09,5415,40.6,2.0
1447225591.7,2023-08-10,PORT04,V444_0,2,DTP,3,0,V55555_4,1653588,PLANT03,PORT09,498,21.146907216494842,2.0
1447177812.7,2023-06-03,PORT04,V444_0,2,DTP,3,0,V55555_2,1689541,PLANT03,PORT09,401,9.501668321747758,2.0
1447158137.7,2023-03-06,PORT04,V444_0,2,DTP,3,0,V55555_2,1682805,PLANT03,PORT09,319,5.154898487973945,2.0
1447148732.7,2023-03-30,PORT04,V444_1,1,DTD,5,0,V55555555555555_8,1690630,PLANT03,PORT09,340,4.361361731525621,1.0
1447423151.7,2023-08-20,PORT04,V444_0,2,DTP,5,0,V55555555_7,1655818,PLANT03,PORT09,974,2.3179041127396647,2.0
1447387283.7,2023-11-12,PORT04,V444_1,1,DTD,0,0,V55555555555555_8,1690634,PLANT03,PORT09,336,0.8746556849644674,1.0
1447367119.7,2023-04-07,PORT04,V444_0,2,DTP,0,0,V5555_33,1683419,PLANT03,PORT09,258,0.27824326474723204,2.0
1447355994.7,2023-09-24,PORT04,V444_1,1,DTD,5,0,V55555555555555_8,1690630,PLANT03,PORT09,283,1.7445446926102484,1.0
1447350459.7,2023-06-24,PORT04,V444_0,2,DTP,0,0,V555555555_27,1680781,PLANT03,PORT09,345,2.0596679993629223,2.0
1447327213.7,2023-11-18,PORT04,V444_0,2,DTP,3,0,V55555_4,1651298,PLANT03,PORT09,2238,4.596727272727272,2.0
1447310314.7,2023-07-26,PORT04,V444_0,2,DTP,3,0,V55555555_0,1693019,PLANT03,PORT09,412,6.44,2.0
1447308852.7,2023-07-02,PORT04,V444_0,2,DTP,0,0,V555555555555555_29,1688571,PLANT03,PORT09,310,4.40449246755705,2.0
1447280063.7,2023-11-25,PORT04,V444_0,2,DTP,0,0,V5555_33,1688292,PLANT03,PORT09,243,0.4384074716799486,2.0
1447275926.7,2023-08-05,PORT04,V444_0,2,DTP,3,0,V55555_2,1689033,PLANT03,PORT09,725,9.96,2.0
1447266606.7,2023-02-03,PORT04,V444_0,2,DTP,3,0,V55555_2,1689032,PLANT03,PORT09,371,4.28,2.0
1447265689.7,2023-05-10,PORT04,V444_0,2,DTP,0,0,V555555555_27,1650685,PLANT03,PORT09,2269,13.955505034101982,2.0
1447265611.7,2023-07-24,PORT04,V444_0,2,DTP,0,0,V55555555555_28,1676592,PLANT03,PORT09,80811,42.720000000000006,2.0
1447232806.7,2023-08-16,PORT04,V444_1,1,DTD,5,0,V55555555555555_8,1688575,PLANT03,PORT09,373,9.043409286184646,1.0
1447231241.7,2023-10-04,PORT04,V444_1,1,DTD,5,0,V55555555555555_8,1688294,PLANT03,PORT09,330,1.1444659118349265,1.0
1447172403.7,2023-04-21,PORT04,V444_0,2,DTP,3,0,V55555_2,1667817,PLANT03,PORT09,1028,10.795720164609051,2.0
1447146541.7,2023-01-06,PORT04,V444_0,2,DTP,3,0,V55555_4,1636782,PLANT03,PORT09,379,2.40498335643756,2.0
1447146073.7,2023-08-18,PORT04,V444_1,1,DTD,0,0,V5555555_22,1683203,PLANT03,PORT09,2175,36.54,1.0
1447420901.7,2023-07-26,PORT04,V444_0,2,DTP,5,0,V55555555_7,1660580,PLANT03,PORT09,332,6.414527845036321,2.0
1447408737.7,2023-07-21,PORT04,V444_0,2,DTP,5,0,V55555555_7,1689546,PLANT03,PORT09,260,1.685759716146325,2.0
1447391026.7,2023-06-19,PORT04,V44_3,0,CRF,3,0,V55555555_32,1699548,PLANT03,PORT09,35306,52.95738461875866,0.0
1447375009.7,2023-08-12,PORT04,V444_0,2,DTP,0,0,V555555555_14,1681885,PLANT08,PORT09,1898,5.866213574062154,2.0
1447371274.7,2023-10-28,PORT04,V444_1,2,DTD,0,0,V555555_11,1686764,PLANT12,PORT09,348,2.05645891266875,2.0
1447364708.7,2023-04-12,PORT04,V444_0,2,DTP,0,0,V55555555555_28,1676592,PLANT03,PORT09,28293,16.060000000000002,2.0
1447363163.7,2023-07-05,PORT04,V444_0,2,DTP,0,0,V5555_33,1689547,PLANT03,PORT09,295,1.1517803499702124,2.0
1447350547.7,2023-06-07,PORT04,V444_1,1,DTD,1,0,V555555555555555555_17,1693626,PLANT03,PORT09,374,0.8849051260266213,1.0
1447349597.7,2023-06-20,PORT04,V444_0,2,DTP,0,0,V555555555_27,1622685,PLANT03,PORT09,327,0.31820820189274446,2.0
1447339005.7,2023-11-03,PORT04,V444_0,2,DTP,3,0,V55555555_5,1683282,PLANT03,PORT09,533,4.26,2.0
1447334920.7,2023-03-15,PORT04,V444_0,2,DTP,0,0,V555555_24,1677878,PLANT03,PORT09,1284,3.718129313987877,2.0
1447328238.7,2023-07-10,PORT04,V444_1,1,DTD,5,0,V55555555555555_8,1690621,PLANT03,PORT09,360,2.2892323823587595,1.0
1447325841.7,2023-11-07,PORT04,V444_0,2,DTP,3,0,V55555_4,1655373,PLANT03,PORT09,250,0.0655439637340364,2.0
1447323831.7,2023-07-11,PORT04,V444_0,2,DTP,5,0,V55555555_7,1682739,PLANT03,PORT09,334,2.8396980074719806,2.0
1447322609.7,2023-12-30,PORT04,V444_1,1,DTD,5,0,V55555555555555_8,1688589,PLANT03,PORT09,323,5.481061324981138,1.0
1447317049.7,2023-12-05,PORT04,V444_0,2,DTP,0,0,V55555555_5,1668545,PLANT03,PORT09,611,3.169741005508028,2.0
1447308853.7,2023-05-21,PORT04,V444_0,2,DTP,0,0,V555555555555555_29,1688571,PLANT03,PORT09,342,4.40449246755705,2.0
1447306587.7,2023-05-01,PORT04,V444_1,1,DTD,0,0,V5555555_22,1699553,PLANT03,PORT09,2755,11.445153411628338,1.0
1447305208.7,2023-06-22,PORT04,V44_3,0,CRF,3,0,V55555555_32,1699842,PLANT03,PORT09,10347,19.192783793548386,0.0
1447300168.7,2023-09-13,PORT04,V444_0,2,DTP,5,0,V55555555_7,1699417,PLANT03,PORT09,10310,25.58849844200639,2.0
1447296063.7,2023-04-16,PORT04,V444_0,2,DTP,3,0,V55555_2,1690171,PLANT13,PORT09,307,27.5,2.0
1447286458.7,2023-09-17,PORT04,V444_0,2,DTP,3,0,V5555555_12,1684559,PLANT03,PORT09,6244,2.3239515560077395,2.0
1447283713.7,2023-01-22,PORT04,V444_0,2,DTP,3,0,V55555_2,1700094,PLANT03,PORT09,316,2.3,2.0
1447283695.7,2023-08-15,PORT04,V444_0,2,DTP,0,0,V55555_26,1666466,PLANT03,PORT09,392,2.22,2.0
1447275607.7,2023-04-30,PORT04,V444_0,2,DTP,3,0,V555555_6,1676853,PLANT03,PORT09,1175,2.2453816299116056,2.0
1447240288.7,2023-01-16,PORT04,V444_0,2,DTP,3,0,V555555_6,1699772,PLANT03,PORT09,1264,10.598896267361393,2.0
1447232621.7,2023-07-01,PORT04,V444_0,2,DTP,0,0,V55_13,1684703,PLANT03,PORT09,591,3.425089224930605,2.0
1447208255.7,2023-03-21,PORT04,V444_0,2,DTP,3,0,V55555555_5,1699948,PLANT03,PORT09,427,3.299262790136219,2.0
1447192267.7,2023-02-07,PORT04,V444_1,1,DTD,1,0,V555555555555555555_17,1689145,PLANT03,PORT09,733,1.4307677445175895,1.0
1447172410.7,2023-08-29,PORT04,V444_0,2,DTP,3,0,V55555_2,1664051,PLANT03,PORT09,30314,382.04,2.0
1447167729.7,2023-02-05,PORT04,V444_0,2,DTP,0,0,V55555555_5,1668547,PLANT03,PORT09,414,0.7966430869576666,2.0
1447162882.7,2023-07-05,PORT04,V444_0,2,DTP,0,0,V555555555_27,1677891,PLANT03,PORT09,847,1.9842761421319794,2.0
1447157081.7,2023-06-04,PORT09,V444_0,0,DTP,3,0,V555555_6,1692737,PLANT16,PORT09,303,11.662460240271738,0.0
1447137166.7,2023-05-01,PORT04,V444_0,2,DTP,3,0,V55555555_5,1696074,PLANT03,PORT09,352,0.8879148421617342,2.0
1447423182.7,2023-12-28,PORT04,V444_0,2,DTP,5,0,V55555555_7,1675615,PLANT03,PORT09,700,3.5381479209135738,2.0
1447399742.7,2023-08-07,PORT04,V444_0,2,DTP,0,0,V55_13,1672670,PLANT03,PORT09,604,5.105825119107343,2.0
1447389183.7,2023-07-28,PORT04,V444_0,2,DTP,3,0,V55555_2,1660885,PLANT03,PORT09,2803,21.239765431474652,2.0
1447348353.7,2023-06-06,PORT04,V444_1,1,DTD,5,0,V55555555555555_8,1689546,PLANT03,PORT09,369,5.363780915011034,1.0
1447340937.7,2023-10-11,PORT04,V444_0,2,DTP,0,0,V5555_33,1689547,PLANT03,PORT09,321,0.14397254374627655,2.0
1447316091.7,2023-01-04,PORT04,V444_1,1,DTD,1,0,V555555555555555555_17,1697080,PLANT03,PORT09,298,0.20740232718428595,1.0
1447289655.7,2023-02-11,PORT04,V444_1,1,DTD,1,0,V555555555555555555_17,1687346,PLANT03,PORT09,315,0.02087137721036025,1.0
1447273197.7,2023-12-04,PORT04,V444_0,2,DTP,3,0,V555555_6,1635536,PLANT03,PORT09,917,17.66,2.0
1447265592.7,2023-05-14,PORT04,V444_0,2,DTP,3,1,V555_15,1651298,PLANT03,PORT09,2302,4.596727272727272,2.0
1447243120.7,2023-05-20,PORT04,V444_1,2,DTD,5,0,V55555555555555_8,1666961,PLANT12,PORT09,319,27.6,2.0
1447231049.7,2023-06-10,PORT04,V44_3,0,CRF,3,0,V55555555_32,1699380,PLANT03,PORT09,2776,3.071395348837209,0.0
1447227138.7,2023-10-04,PORT04,V444_0,2,DTP,3,0,V55555_2,1687346,PLANT03,PORT09,382,1.0435688605180125,2.0
1447187800.7,2023-10-23,PORT04,V444_0,2,DTP,0,0,V555555555555555_29,1682802,PLANT03,PORT09,318,1.5297234676472105,2.0
1447185794.7,2023-09-15,PORT04,V444_0,2,DTP,0,0,V55555_26,1649008,PLANT03,PORT09,409,0.9982300884955754,2.0
1447184610.7,2023-06-27,PORT04,V44_3,0,CRF,3,0,V55555555_32,1699561,PLANT03,PORT09,2806,2.1790930397656245,0.0
1447179952.7,2023-11-18,PORT04,V444_1,1,DTD,0,0,V555555555555555555_45,1682802,PLANT03,PORT09,826,40.24308669118026,1.0
1447174692.7,2023-09-06,PORT04,V444_0,2,DTP,0,0,V555555_24,1660897,PLANT03,PORT09,2350,16.6,2.0
1447164223.7,2023-05-24,PORT04,V444_0,2,DTP,5,0,V55555555_7,1680915,PLANT03,PORT09,261,0.22723611694737275,2.0
1447159851.7,2023-12-10,PORT04,V444_0,2,DTP,3,0,V555555_6,1657063,PLANT03,PORT09,432,2.4887023886378308,2.0
1447158160.7,2023-01-23,PORT04,V444_0,2,DTP,0,0,V555555555_27,1699952,PLANT03,PORT09,303,2.28656365899329,2.0
1447146074.7,2023-12-26,PORT04,V444_1,1,DTD,0,0,V5555555_22,1675655,PLANT03,PORT09,315,0.6719828631476837,1.0
1447145092.7,2023-01-26,PORT04,V444_1,1,DTD,0,0,V5555555_22,1682784,PLANT03,PORT09,440,9.874049414172902,1.0
1447423176.7,2023-08-10,PORT04,V444_0,2,DTP,5,0,V55555555_7,1668097,PLANT03,PORT09,359,7.22,2.0
1447421861.7,2023-10-17,PORT04,V444_0,2,DTP,0,0,V555555_34,1682826,PLANT03,PORT09,253,0.784179300912044,2.0
1447398159.7,2023-04-14,PORT04,V444_0,2,DTP,3,0,V55555555_5,1700139,PLANT03,PORT09,5503,6.582875757389397,2.07
1447395267.7,2023-04-14,PORT04,V444_0,2,DTP,0,0,V555555555_27,1700094,PLANT03,PORT09,273,1.2603381014304293,2.0
1447383124.7,2023-09-11,PORT04,V444_1,1,DTD,0,0,V555555555555555555_45,1688571,PLANT03,PORT09,272,2.290336083129666,1.0
1447361235.7,2023-12-23,PORT04,V444_0,2,DTP,3,0,V55555555_5,1695348,PLANT03,PORT09,1277,3.518893899952938,2.0
1447360898.7,2023-12-19,PORT04,V444_1,1,DTD,0,0,V555555555555555555_45,1690627,PLANT03,PORT09,381,3.073470839334246,1.0
1447329689.7,2023-10-09,PORT04,V444_0,2,DTP,3,0,V55555_4,1650905,PLANT03,PORT09,665,6.436571428571427,2.0
1447323645.7,2023-10-29,PORT04,V444_0,2,DTP,5,0,V55555555_7,1682784,PLANT03,PORT09,323,5.24285809602101,2.0
1447318621.7,2023-12-26,PORT04,V444_1,1,DTD,0,0,V55555555555555_8,1650904,PLANT03,PORT09,625,6.292058823529412,1.0
1447296416.7,2023-12-31,PORT04,V444_0,2,DTP,3,0,V555555_6,1697085,PLANT03,PORT09,2286,8.97318316135683,2.0
1447283673.7,2023-08-14,PORT04,V444_0,2,DTP,3,0,V55555_2,1663347,PLANT03,PORT09,371,4.5424981261849116,2.0
1447275574.7,2023-12-27,PORT04,V444_0,3,DTD,0,0,V555555555555555555_42,1671426,PLANT03,PORT09,6273,3.8382790398785165,3.0
1447245100.7,2023-07-17,PORT04,V444_1,1,DTD,0,0,V5555555_22,1676566,PLANT03,PORT09,720,4.166664388571692,1.0
1447214233.7,2023-05-19,PORT04,V444_0,2,DTP,0,0,V555555555555555_29,1682760,PLANT03,PORT09,305,4.2701211340017595,2.0
1447211551.7,2023-03-23,PORT09,V44_3,1,CRF,3,0,V55555_53,1699336,PLANT16,PORT09,890,84.7,1.0
1447209218.7,2023-02-25,PORT04,V444_0,2,DTP,3,0,V55555555_5,1693700,PLANT03,PORT09,355,0.26071357714966564,2.0
1447208887.7,2023-08-19,PORT04,V444_0,2,DTP,0,0,V55555_26,1658532,PLANT03,PORT09,278,0.4096364809636482,2.0
1447178242.7,2023-01-30,PORT04,V44_3,0,CRF,0,0,V5555555_30,1698924,PLANT03,PORT09,12917,38.2860305968,0.0
1447158700.7,2023-02-05,PORT04,V444_1,1,DTD,0,0,V555555555555555555_45,1682832,PLANT03,PORT09,611,25.709675550985242,1.0
1447152757.7,2023-04-14,PORT04,V444_0,2,DTP,0,0,V555555555_27,1695348,PLANT03,PORT09,254,0.03518893899952938,2.0
1447145219.7,2023-06-01,PORT04,V444_1,1,DTD,0,0,V5555555_22,1683633,PLANT03,PORT09,292,1.2878629032258067,1.0
1447139286.7,2023-07-31,PORT04,V444_0,2,DTP,3,0,V55555555_0,1660673,PLANT03,PORT09,348,1.0979481744813155,2.0
1447418045.7,2023-12-01,PORT04,V444_0,2,DTP,0,0,V5555_33,1689548,PLANT03,PORT09,279,0.2979191505240867,2.0
1447408856.7,2023-05-17,PORT04,V444_0,2,DTP,5,0,V55555555_7,1689547,PLANT03,PORT09,360,4.247190040515158,2.0
1447407273.7,2023-11-28,PORT04,V444_0,2,DTP,0,3,V555555555_27,1655818,PLANT03,PORT09,2319,6.02,2.0
1447397001.7,2023-06-05,PORT04,V444_0,2,DTP,0,0,V55_13,1696758,PLANT03,PORT09,474,12.994493132055432,2.0
1447396988.7,2023-02-07,PORT04,V444_0,2,DTP,0,0,V555555555_14,1683200,PLANT03,PORT09,345,0.7445954585537917,2.0
1447351877.7,2023-12-30,PORT04,V444_0,2,DTP,0,0,V55_13,1696757,PLANT03,PORT09,328,1.1612184519411257,2.0
1447336776.7,2023-06-01,PORT04,V444_0,2,DTP,0,0,V5555_36,1684862,PLANT03,PORT09,253663,354.0,2.57
1447321406.7,2023-01-15,PORT04,V444_0,2,DTP,0,0,V555555_34,1682829,PLANT03,PORT09,927,50.33142064271076,2.0
1447321237.7,2023-01-18,PORT04,V444_1,2,DTD,5,0,V55555555555555_8,1650715,PLANT12,PORT09,359,16.05,2.0
1447292368.7,2023-02-09,PORT04,V444_0,2,DTP,3,0,V55555_4,1668606,PLANT03,PORT09,338,1.9364199655765921,2.0
1447285602.7,2023-09-04,PORT04,V444_1,1,DTD,5,0,V55555555555555_8,1693747,PLANT03,PORT09,398,19.14,1.0
1447284617.7,2023-12-04,PORT04,V444_0,2,DTP,0,0,V5555_33,1688587,PLANT03,PORT09,293,1.8241525788062605,2.0
1447282167.7,2023-12-14,PORT04,V444_0,2,DTP,3,0,V555555555_3,1689547,PLANT03,PORT09,904,41.91162584261435,2.0
1447224979.7,2023-03-03,PORT04,V444_0,2,DTP,3,0,V555555_6,1699766,PLANT03,PORT09,1330,5.393875147885526,2.0
1447202689.7,2023-04-08,PORT04,V444_0,2,DTP,0,0,V5555_33,1688633,PLANT03,PORT09,294,0.09278430745644486,2.0
1447185829.7,2023-02-23,PORT04,V444_0,2,DTP,0,0,V55555_26,1655982,PLANT03,PORT09,382,0.7830015057721266,2.0
1447182266.7,2023-06-27,PORT04,V444_0,2,DTP,0,0,V5555_33,1682757,PLANT03,PORT09,267,0.8352455851868992,2.0
1447167329.7,2023-10-28,PORT04,V444_1,1,DTD,0,0,V55555555555555_8,1688290,PLANT03,PORT09,313,1.9900746896440906,1.0
1447167275.7,2023-01-26,PORT04,V444_0,2,DTP,3,0,V555555_6,1697067,PLANT03,PORT09,304,0.1396371263765076,2.0
1447156870.7,2023-09-08,PORT04,V444_0,2,DTP,0,0,V5555_33,1689547,PLANT03,PORT09,254,0.6478764468582445,2.0
1447155282.7,2023-06-23,PORT04,V444_1,1,DTD,1,0,V555555555555555555_17,1689145,PLANT03,PORT09,818,1.7884596806469868,1.0
1447150971.7,2023-01-04,PORT04,V444_0,2,DTP,3,0,V55555_2,1687491,PLANT03,PORT09,477,3.658759424429373,2.0
1447146708.7,2023-01-20,PORT04,V444_0,2,DTP,5,0,V55555555_7,1668547,PLANT03,PORT09,378,0.6373144695661332,2.0
1447139826.7,2023-07-24,PORT04,V444_1,1,DTD,1,0,V555555555555555555_17,1668550,PLANT03,PORT09,382,0.8039298393588628,1.0
1447419530.7,2023-03-13,PORT04,V444_0,2,DTP,3,0,V555555555_3,1666958,PLANT12,PORT09,301,5.024169741697417,2.0
1447400907.7,2023-12-01,PORT04,V444_0,2,DTP,0,0,V5555_36,1682681,PLANT03,PORT09,26285,50.247591968915195,2.0
1447396706.7,2023-09-24,PORT04,V444_0,2,DTP,0,0,V55_13,1677877,PLANT03,PORT09,2309,4.636129032258063,2.0
1447391526.7,2023-09-18,PORT04,V444_0,2,DTP,0,0,V55555555_5,1658528,PLANT03,PORT09,360,1.4331843473501775,2.0
1447360923.7,2023-08-19,PORT04,V444_0,2,DTP,0,0,V55555555_5,1660885,PLANT03,PORT09,3305,24.74,2.0
1447360921.7,2023-12-25,PORT04,V444_0,2,DTP,0,0,V55555555_5,1660897,PLANT03,PORT09,4288,32.76796443443076,2.0
1447348547.7,2023-07-28,PORT04,V444_1,2,DTD,0,0,V555555_11,1682959,PLANT12,PORT09,301,2.9662448401504067,2.0
1447347948.7,2023-06-10,PORT04,V444_0,2,DTP,3,1,V555_15,1689548,PLANT03,PORT09,736,37.82477785052142,2.0
1447339097.7,2023-01-10,PORT04,V444_1,1,DTD,0,0,V555555555555555555_45,1688633,PLANT03,PORT09,484,14.91764611846673,1.0
1447308058.7,2023-11-15,PORT04,V444_0,2,DTP,3,0,V55555_4,1683704,PLANT03,PORT09,8915,34.12,2.0
1447299630.7,2023-08-05,PORT04,V44_3,0,CRF,3,0,V55555555_32,1699416,PLANT03,PORT09,14718,43.28677087883732,0.0
1447296446.7,2023-03-15,PORT09,V44_3,1,CRF,3,0,V55555_53,1700106,PLANT16,PORT09,808,14.3,1.0
1447292064.7,2023-03-25,PORT04,V444_0,2,DTP,3,0,V555555_6,1650880,PLANT03,PORT09,999,6.584615384615384,2.0
1447288453.7,2023-08-18,PORT04,V444_1,1,DTD,5,0,V55555555555555_8,1689546,PLANT03,PORT09,556,23.98763249290443,1.0
1447286365.7,2023-10-31,PORT04,V444_0,2,DTP,3,0,V55555_2,1660885,PLANT03,PORT09,4980,43.30242151559578,2.0
1447269753.7,2023-11-11,PORT04,V444_1,1,DTD,3,0,V5555_20,1693453,PLANT03,PORT09,4763,20.428286032739702,1.0
1447266882.7,2023-08-09,PORT04,V44_3,2,CRF,3,0,V55555_2,1658532,PLANT03,PORT09,344,1.2289094428909446,2.0
1447234278.7,2023-03-23,PORT04,V444_1,1,DTD,1,0,V555555555555555555_17,1668550,PLANT03,PORT09,377,0.8039298393588628,1.0
1447230929.7,2023-10-27,PORT04,V444_1,1,DTD,0,0,V5555555_22,1683636,PLANT03,PORT09,874,15.627882379779647,1.0
1447225484.7,2023-08-07,PORT04,V444_0,2,DTP,0,0,V555555555_27,1668547,PLANT03,PORT09,311,0.11949646304364998,2.0
1447224420.7,2023-01-16,PORT04,V444_0,2,DTP,5,0,V55555555_7,1687346,PLANT03,PORT09,588,5.301329811431503,2.0
1447222997.7,2023-07-17,PORT04,V444_0,2,DTP,0,0,V5555_33,1682754,PLANT03,PORT09,360,2.601865030674847,2.0
1447167717.7,2023-03-07,PORT04,V444_0,2,DTP,0,0,V555555555_35,1689547,PLANT03,PORT09,292,0.5758901749851062,2.0
1447164212.7,2023-07-01,PORT04,V444_0,2,DTP,5,0,V55555555_7,1668547,PLANT03,PORT09,326,0.47798585217459993,2.0
1447161687.7,2023-11-21,PORT04,V444_1,1,DTD,5,0,V55555555555555_8,1689544,PLANT03,PORT09,279,2.145243154715501,1.0
1447152393.7,2023-11-05,PORT04,V444_0,2,DTP,0,0,V555555555_27,1677878,PLANT03,PORT09,1563,4.56,2.0
1447417833.7,2023-11-21,PORT04,V444_1,1,DTD,0,0,V55555555555555_8,1688589,PLANT03,PORT09,362,9.135102208301896,1.0
1447405913.7,2023-03-17,PORT04,V444_1,1,DTD,0,0,V5555555_22,1660677,PLANT03,PORT09,720,33.177067625334885,1.0
1447390286.7,2023-05-10,PORT04,V444_0,2,DTP,3,0,V5555555_22,1697872,PLANT03,PORT09,379,2.8817374379046767,2.0
1447389294.7,2023-07-20,PORT04,V444_0,2,DTP,0,0,V5555_33,1688575,PLANT03,PORT09,256,0.18086818572369293,2.0
1447386864.7,2023-04-07,PORT04,V444_0,2,DTP,0,0,V5555_33,1689548,PLANT03,PORT09,284,0.223439362893065,2.0
1447381352.7,2023-11-06,PORT04,V444_0,2,DTP,0,0,V555555555555555_29,1688575,PLANT03,PORT09,347,9.043409286184646,2.0
1447375159.7,2023-04-13,PORT04,V444_0,2,DTP,3,0,V555555_6,1651298,PLANT03,PORT09,2270,4.596727272727272,2.0
1447373443.7,2023-08-02,PORT04,V444_0,2,DTP,3,0,V55555_2,1680210,PLANT03,PORT09,262,0.019798238057956455,2.0
1447357416.7,2023-05-12,PORT04,V444_0,2,DTP,3,0,V5555555_22,1683200,PLANT03,PORT09,691,7.9,2.0
1447355306.7,2023-10-01,PORT04,V444_1,1,DTD,5,0,V55555555555555_8,1689547,PLANT03,PORT09,453,13.397254374627655,1.0
1447326508.7,2023-10-21,PORT04,V44_3,0,CRF,3,0,V55555555_32,1699842,PLANT03,PORT09,1989,3.5321306322580646,0.0
1447289356.7,2023-09-03,PORT04,V444_0,2,DTP,3,0,V55555555_0,1692997,PLANT03,PORT09,613,9.215977528393942,2.0
1447288534.7,2023-11-11,PORT04,V444_0,2,DTP,0,0,V555555555555555_29,1688571,PLANT03,PORT09,381,4.40449246755705,2.0
1447275631.7,2023-02-13,PORT04,V444_0,2,DTP,3,0,V55555_4,1675662,PLANT03,PORT09,938,5.18,2.0
1447269520.7,2023-09-18,PORT04,V444_0,2,DTP,0,0,V555555555_27,1677878,PLANT03,PORT09,1167,3.197591210029574,2.0
1447268308.7,2023-08-10,PORT04,V444_0,2,DTP,0,0,V5555555555_1,1690144,PLANT13,PORT09,325,0.8824390243902439,2.0
1447265719.7,2023-07-15,PORT04,V444_0,2,DTP,0,0,V555555555_27,1687346,PLANT03,PORT09,777,9.78,2.0
1447257039.7,2023-10-11,PORT04,V444_0,2,DTP,3,0,V555555_6,1682865,PLANT03,PORT09,339,1.5781231996599792,2.0
1447243116.7,2023-03-09,PORT04,V444_1,2,DTD,5,0,V55555555555555_8,1666961,PLANT12,PORT09,370,23.6,2.0
1447235300.7,2023-11-04,PORT04,V444_0,2,DTP,3,0,V55555_2,1700094,PLANT03,PORT09,314,1.6384395318595582,2.0
1447212848.7,2023-02-28,PORT04,V444_1,1,DTD,5,0,V55555555555555_8,1689547,PLANT03,PORT09,390,7.198627187313828,1.0
1447211433.7,2023-09-19,PORT04,V44_3,2,CRF,3,0,V55555_2,1682983,PLANT03,PORT09,301,0.05037310484759637,2.0
1447194512.7,2023-03-15,PORT04,V444_1,1,DTD,5,0,V55555555555555_8,1700382,PLANT03,PORT09,313,4.5478339350180494,1.0
1447187339.7,2023-06-18,PORT04,V444_1,1,DTD,5,0,V55555555555555_8,1689547,PLANT03,PORT09,367,7.198627187313828,1.0
1447183433.7,2023-08-23,PORT04,V444_0,2,DTP,3,0,V55555_2,1677878,PLANT03,PORT09,1060,2.9001408649105436,2.0
1447163741.7,2023-08-07,PORT04,V444_0,2,DTP,0,3,V555555555_27,1655723,PLANT03,PORT09,433,5.302120825016615,2.0
1447157048.7,2023-01-23,PORT09,V444_0,0,DTP,3,0,V555555_6,1692708,PLANT16,PORT09,286,4.791903967763159,0.0
1447156866.7,2023-02-10,PORT04,V444_1,1,DTD,5,0,V55555555555555_8,1689547,PLANT03,PORT09,1505,79.38352624776593,1.0
1447152286.7,2023-04-19,PORT04,V44_3,4,CRF,0,0,V555555555555_31,1684560,PLANT03,PORT09,3278,1.3371930688561289,4.0
1447146659.7,2023-08-30,PORT04,V444_0,2,DTP,5,0,V55555555_7,1675615,PLANT03,PORT09,283,0.08845369802283934,2.0
1447144416.7,2023-09-21,PORT04,V444_0,2,DTP,0,0,V55555555_5,1655982,PLANT03,PORT09,646,2.64,2.0
1447133757.7,2023-06-10,PORT04,V444_0,2,DTP,0,0,V55555_26,1664067,PLANT03,PORT09,2727,17.998738942339184,2.0
1447397711.7,2023-04-09,PORT04,V444_0,2,DTP,0,0,V555555555_27,1687346,PLANT03,PORT09,397,1.4401250275148572,2.0
1447384244.7,2023-03-22,PORT04,V444_1,2,DTD,5,0,V55555555555555_8,1666990,PLANT12,PORT09,449,88.83544303797467,2.0
1447382051.7,2023-07-13,PORT04,V444_1,1,DTD,0,0,V5555555_22,1676566,PLANT03,PORT09,283,0.4617965569197845,1.0
1447381395.7,2023-02-21,PORT04,V444_1,1,DTD,5,0,V55555555555555_8,1688571,PLANT03,PORT09,381,8.8089849351141,1.0
1447367883.7,2023-11-19,PORT04,V444_0,2,DTP,0,0,V55555_26,1677891,PLANT03,PORT09,2292,6.0,2.0
1447366517.7,2023-08-20,PORT04,V444_0,2,DTP,3,0,V55555_4,1662395,PLANT03,PORT09,272,1.818463866173416,2.0
1447365183.7,2023-12-28,PORT04,V444_0,2,DTP,3,0,V55555555_0,1693101,PLANT03,PORT09,359,2.2744793982059086,2.0
1447351886.7,2023-05-06,PORT04,V444_0,2,DTP,0,0,V5555_33,1688285,PLANT03,PORT09,292,0.19543661163758685,2.0
1447344874.7,2023-06-03,PORT04,V444_1,1,DTD,5,0,V55555555555555_8,1688571,PLANT03,PORT09,512,17.6179698702282,1.0
1447340639.7,2023-05-27,PORT04,V444_1,1,DTD,5,0,V55555555555555_8,1676565,PLANT03,PORT09,479,2.480313204413336,1.0
1447327975.7,2023-05-16,PORT04,V44_3,0,CRF,3,0,V55555555_32,1699574,PLANT03,PORT09,8651,12.88042360442908,0.0
1447310476.7,2023-07-02,PORT04,V444_0,2,DTP,0,0,V555555555_27,1662552,PLANT03,PORT09,1019,2.96,2.0
1447300224.7,2023-08-15,PORT04,V444_0,2,DTP,5,0,V55555555_7,1669409,PLANT03,PORT09,1445,8.56,2.0
1447297982.7,2023-12-30,PORT04,V444_1,1,DTD,5,0,V55555555555555_8,1676565,PLANT03,PORT09,575,3.8460552853244767,1.0
1447297435.7,2023-09-14,PORT04,V444_1,1,DTD,1,0,V555555555555555555_17,1693626,PLANT03,PORT09,381,0.8849051260266213,1.0
1447293625.7,2023-08-21,PORT04,V444_0,3,DTD,0,0,V555555555555555555_42,1671426,PLANT03,PORT09,15331,9.595697599696292,3.0
1447280999.7,2023-09-22,PORT04,V444_0,2,DTP,0,0,V555555_24,1677878,PLANT03,PORT09,2791,6.94,2.0
1447280056.7,2023-06-19,PORT04,V444_0,2,DTP,0,0,V5555_33,1675810,PLANT12,PORT09,312,1.4968242423223732,2.0
1447279017.7,2023-04-12,PORT04,V444_0,2,DTP,0,0,V5555_33,1688285,PLANT03,PORT09,322,0.19543661163758685,2.0
1447245301.7,2023-03-01,PORT04,V444_1,1,DTD,5,0,V55555555555555_8,1689541,PLANT03,PORT09,553,43.12,1.0
1447240598.7,2023-01-23,PORT04,V444_0,2,DTP,3,0,V555555555_3,1682832,PLANT03,PORT09,336,8.903225183661748,2.0
1447215295.7,2023-12-10,PORT04,V444_0,2,DTP,3,0,V55555555_5,1656969,PLANT12,PORT09,310,6.651700608797677,2.0
1447196784.7,2023-12-16,PORT04,V44_3,0,CRF,3,0,V55555555_32,1699586,PLANT03,PORT09,3601,6.565768179616347,0.0
1447195158.7,2023-03-01,PORT04,V444_0,2,DTP,3,0,V55555_2,1658532,PLANT03,PORT09,309,0.4096364809636482,2.0
1447171210.7,2023-01-01,PORT04,V444_0,2,DTP,0,0,V5555555_30,1666295,PLANT03,PORT09,316,0.3381986730891575,2.0
1447165544.7,2023-04-05,PORT04,V444_0,2,DTP,3,0,V555555_6,1692277,PLANT03,PORT09,9773,23.222351698382113,2.0
1447150980.7,2023-09-29,PORT04,V444_0,2,DTP,0,0,V55_13,1682784,PLANT03,PORT09,444,14.903336224597062,2.0
1447150935.7,2023-06-23,PORT04,V444_0,2,DTP,0,0,V55555_26,1700657,PLANT03,PORT09,646,11.180559143004292,2.0
1447149404.7,2023-01-05,PORT04,V444_0,2,DTP,0,0,V55555555_5,1689548,PLANT03,PORT09,263,0.5958383010481734,2.0
1447402056.7,2023-02-08,PORT04,V444_0,2,DTP,0,0,V555555555_14,1677878,PLANT03,PORT09,8332,25.78,2.0
1447400281.7,2023-04-25,PORT04,V444_0,2,DTP,3,0,V55555555_5,1700140,PLANT03,PORT09,17104,12.792175506474926,2.03
1447399140.7,2023-04-11,PORT04,V44_3,2,CRF,3,0,V55555_2,1696746,PLANT03,PORT09,307,0.5303318061300465,2.0
1447389053.7,2023-05-12,PORT04,V444_0,2,DTP,0,0,V555555_24,1678648,PLANT03,PORT09,388,1.4629700940594061,2.0
1447369539.7,2023-09-06,PORT04,V444_0,2,DTP,0,0,V555555555_14,1680210,PLANT03,PORT09,771,0.9899119028978227,2.0
1447348793.7,2023-04-16,PORT04,V444_0,2,DTP,3,0,V555555_6,1689547,PLANT03,PORT09,1235,75.98627187313828,2.0
1447336097.7,2023-03-10,PORT04,V444_0,2,DTP,3,0,V5555555_22,1683199,PLANT03,PORT09,2093,32.30680004792261,2.0
1447327265.7,2023-09-15,PORT04,V444_0,2,DTP,0,0,V555555555555555_29,1682853,PLANT03,PORT09,328,5.165537635680365,2.0
1447323890.7,2023-09-27,PORT04,V444_0,2,DTP,3,0,V555555_6,1675615,PLANT03,PORT09,494,2.0609711639321566,2.0
1447321262.7,2023-06-01,PORT04,V444_0,2,DTP,5,0,V55555555_7,1692940,PLANT03,PORT09,1514,42.85999999999999,2.0
1447306133.7,2023-04-14,PORT04,V44_3,0,CRF,3,0,V55555555_32,1699553,PLANT03,PORT09,733,1.7408589019380563,0.0
1447296078.7,2023-08-30,PORT04,V444_0,2,DTP,0,0,V55_13,1694720,PLANT03,PORT09,614,3.6935586867882564,2.0
1447292436.7,2023-11-21,PORT04,V444_0,2,DTP,3,0,V5555555_12,1620510,PLANT03,PORT09,279,0.522863741339492,2.0
1447283666.7,2023-04-22,PORT04,V444_0,2,DTP,0,0,V55555_26,1652611,PLANT03,PORT09,334,1.0539574063853836,2.0
1447283479.7,2023-06-18,PORT04,V444_0,2,DTP,0,0,V55555555_5,1652883,PLANT13,PORT09,1033,301.7847084393436,2.0
1447239998.7,2023-10-20,PORT04,V444_1,1,DTD,5,0,V55555555555555_8,1689545,PLANT03,PORT09,420,18.391342314353263,1.0
1447234272.7,2023-02-27,PORT04,V444_1,1,DTD,1,0,V555555555555555555_17,1677878,PLANT03,PORT09,364,0.3718129313987877,1.0
1447208852.7,2023-03-21,PORT04,V444_0,2,DTP,0,3,V555555555_27,1660885,PLANT03,PORT09,613,3.1771093473535217,2.0
1447200756.7,2023-12-31,PORT04,V444_0,2,DTP,0,0,V555555555555555_29,1688575,PLANT03,PORT09,298,4.521704643092323,2.0
1447188565.7,2023-06-07,PORT04,V444_0,2,DTP,5,0,V55555555_7,1689547,PLANT03,PORT09,377,6.622737012328721,2.0
1447183346.7,2023-11-09,PORT04,V444_0,2,DTP,5,0,V55555555_7,1655818,PLANT03,PORT09,999,2.2535178873857853,2.0
1447178950.7,2023-10-08,PORT04,V444_0,2,DTP,5,0,V55555555_7,1692987,PLANT03,PORT09,553,8.98,2.0
1447160922.7,2023-08-11,PORT04,V444_0,2,DTP,0,0,V555555555_27,1683700,PLANT03,PORT09,3906,2.0816388849668535,2.0
1447159977.7,2023-07-04,PORT04,V444_0,2,DTP,3,0,V555555_6,1655373,PLANT03,PORT09,244,0.3932637824042184,2.0
1447155199.7,2023-03-18,PORT04,V444_1,1,DTD,0,0,V5555555_22,1682742,PLANT03,PORT09,381,7.717567111219821,1.0
1447149352.7,2023-07-04,PORT04,V444_0,2,DTP,0,0,V55555_26,1644050,PLANT03,PORT09,337,1.4346498992787529,2.0
1447149210.7,2023-09-12,PORT04,V444_0,2,DTP,3,0,V55555555_0,1692997,PLANT03,PORT09,404,4.607988764196971,2.0
1447423206.7,2023-04-15,PORT04,V444_0,2,DTP,5,0,V55555555_7,1660585,PLANT03,PORT09,735,52.55553282879932,2.0
1447400480.7,2023-01-14,PORT04,V444_0,2,DTP,3,0,V5555555_22,1683200,PLANT03,PORT09,381,2.5675705467372127,2.0
1447383193.7,2023-01-23,PORT04,V444_0,2,DTP,3,0,V555555_6,1654251,PLANT03,PORT09,422,11.68,2.0
1447382154.7,2023-04-16,PORT04,V444_0,2,DTP,0,0,V555555555_27,1655723,PLANT03,PORT09,830,30.161664537591385,2.0
1447373352.7,2023-07-09,PORT04,V444_0,2,DTP,0,0,V55555555555_28,1685760,PLANT03,PORT09,17740,6.176896470466376,2.0
1447368057.7,2023-12-21,PORT04,V444_0,2,DTP,3,0,V555555_6,1673710,PLANT03,PORT09,1327,74.06356132694218,2.0
1447353257.7,2023-05-13,PORT04,V444_1,1,DTD,5,0,V55555555555555_8,1690614,PLANT03,PORT09,299,0.8810172244634695,1.0
1447352021.7,2023-12-08,PORT04,V44_3,0,CRF,0,0,V5555555_30,1699552,PLANT03,PORT09,2782,7.254174113515332,0.0
1447321403.7,2023-02-21,PORT04,V444_0,2,DTP,3,1,V555_15,1670215,PLANT03,PORT09,284,0.281053421382066,2.0
1447306816.7,2023-12-19,PORT04,V44_3,0,CRF,3,0,V55555555_32,1699249,PLANT03,PORT09,910,2.529478648916667,0.0
1447286517.7,2023-12-11,PORT04,V444_1,1,DTD,1,0,V555555555555555555_17,1689146,PLANT03,PORT09,20254,31.56,1.0
1447275591.7,2023-10-21,PORT04,V444_0,2,DTP,0,0,V55_13,1684703,PLANT03,PORT09,335,1.292737956491318,2.0
1447266616.7,2023-08-30,PORT04,V444_1,2,DTD,5,0,V55555555555555_8,1686657,PLANT12,PORT09,262,4.078706199460916,2.0
1447258857.7,2023-04-24,PORT04,V444_0,2,DTP,0,0,V5555_33,1689544,PLANT03,PORT09,300,0.2145243154715501,2.0
1447248904.7,2023-10-14,PORT04,V444_0,2,DTP,0,0,V55555555_5,1689460,PLANT12,PORT09,728,117.0,2.0
1447246441.7,2023-06-20,PORT04,V444_0,2,DTP,0,0,V5555_33,1688587,PLANT03,PORT09,293,5.1076272206575295,2.0
1447238055.7,2023-06-08,PORT04,V444_0,2,DTP,0,0,V555555555_14,1681883,PLANT08,PORT09,1067,2.288771984602149,2.0
1447231116.7,2023-08-14,PORT04,V444_0,2,DTP,3,0,V55555_4,1650568,PLANT03,PORT09,312,0.00838646872718423,2.0
1447205702.7,2023-12-05,PORT04,V444_1,1,DTD,0,0,V5555555_22,1672651,PLANT03,PORT09,567,4.155842413323596,1.0
1447185193.7,2023-09-11,PORT04,V44_3,0,CRF,3,0,V55555555_32,1699283,PLANT03,PORT09,2853,12.763034238274194,0.0
1447174688.7,2023-01-18,PORT04,V444_0,2,DTP,0,0,V555555_24,1689551,PLANT03,PORT09,327,6.194772395677766,2.0
1447162474.7,2023-08-08,PORT04,V444_1,1,DTD,3,0,V5555555_19,1654766,PLANT03,PORT09,3138,46.17504587155964,1.0
1447155225.7,2023-09-21,PORT04,V444_0,2,DTP,0,0,V5555_33,1682805,PLANT03,PORT09,320,1.7182994959913152,2.0
1447155224.7,2023-01-10,PORT04,V444_0,2,DTP,0,0,V5555_33,1682648,PLANT03,PORT09,243,0.1780549213300768,2.0
1447150647.7,2023-01-21,PORT04,V444_0,2,DTP,3,0,V55555_4,1650904,PLANT03,PORT09,660,6.292058823529412,2.0
1447149397.7,2023-12-08,PORT04,V444_0,2,DTP,5,0,V55555555_7,1682757,PLANT03,PORT09,319,3.508031457784977,2.0
1447143210.7,2023-09-01,PORT09,V44_3,1,CRF,3,0,V55555_53,1697317,PLANT16,PORT09,529,37.68,1.0
1447137215.7,2023-12-13,PORT04,V444_0,2,DTP,0,0,V55_13,1682784,PLANT03,PORT09,275,1.7476193653403365,2.0
1447418981.7,2023-08-28,PORT04,V444_0,2,DTP,5,0,V55555555_7,1682784,PLANT03,PORT09,331,0.8738096826701682,2.0
1447406315.7,2023-12-04,PORT04,V444_1,1,DTD,3,0,V5555555_19,1692108,PLANT03,PORT09,255,0.11839688606858705,1.0
1447404675.7,2023-03-19,PORT04,V444_0,2,DTP,0,0,V5555_33,1689548,PLANT03,PORT09,319,0.2979191505240867,2.0
1447394942.7,2023-11-27,PORT04,V444_0,2,DTP,0,0,V5555555555_1,1680961,PLANT13,PORT09,318,7.0,2.0
1447376471.7,2023-07-07,PORT04,V444_0,2,DTP,0,0,V5555_38,1671426,PLANT03,PORT09,12270,7.676558079757033,2.0
1447349663.7,2023-01-10,PORT04,V444_0,2,DTP,3,0,V55555555_5,1689788,PLANT03,PORT09,332,0.6380979007027745,2.0
1447340775.7,2023-12-03,PORT04,V444_0,2,DTP,0,0,V555555555_14,1683634,PLANT03,PORT09,497,3.865822173797491,2.0
1447329285.7,2023-01-02,PORT04,V444_0,2,DTP,0,0,V555555555_14,1691700,PLANT08,PORT09,4141,23.85986929883893,2.0
1447320532.7,2023-06-27,PORT04,V444_1,1,DTD,0,0,V5555555_22,1692948,PLANT03,PORT09,1678,5.951939725371899,1.0
1447320490.7,2023-06-22,PORT04,V444_1,1,DTD,0,0,V5555555_22,1683634,PLANT03,PORT09,641,6.185315478075985,1.0
1447306457.7,2023-06-09,PORT04,V444_1,1,DTD,0,0,V5555555_22,1672651,PLANT03,PORT09,457,1.24,1.0
1447305009.7,2023-08-01,PORT04,V444_0,2,DTP,3,0,V55555_2,1689548,PLANT03,PORT09,1371,87.1512057570169,2.0
1447288743.7,2023-06-27,PORT04,V444_0,2,DTP,0,0,V555555555_14,1660885,PLANT03,PORT09,334,0.44126518713243357,2.0
1447286379.7,2023-12-07,PORT04,V444_0,2,DTP,0,0,V5555_33,1677891,PLANT03,PORT09,2059,5.48,2.0
1447232795.7,2023-06-28,PORT04,V444_1,1,DTD,5,0,V55555555555555_8,1688575,PLANT03,PORT09,485,17.086818572369292,1.0
1447209091.7,2023-07-15,PORT04,V44_3,0,CRF,3,0,V55555555_32,1699842,PLANT03,PORT09,1986,3.5321306322580646,0.0
1447183432.7,2023-01-02,PORT04,V444_0,2,DTP,0,0,V555555555_27,1677878,PLANT03,PORT09,688,1.5244330187350295,2.0
1447175612.7,2023-11-13,PORT04,V444_0,2,DTP,0,0,V55555555555_28,1685028,PLANT03,PORT09,50307,43.547718520328054,2.0
1447418954.7,2023-04-10,PORT04,V444_0,2,DTP,5,0,V55555555_7,1682784,PLANT03,PORT09,313,3.495238730680673,2.0
1447397696.7,2023-11-30,PORT04,V444_0,2,DTP,0,0,V555555555_27,1672721,PLANT03,PORT09,318,0.39911838790931986,2.0
1447392882.7,2023-03-09,PORT04,V444_0,2,DTP,3,0,V55555_2,1666441,PLANT03,PORT09,1296,9.58,2.0
1447386315.7,2023-04-04,PORT04,V444_0,2,DTP,3,0,V555555_6,1692109,PLANT03,PORT09,392,0.44046821981030443,2.0
1447374132.7,2023-07-11,PORT04,V444_0,2,DTP,0,0,V55555555555_28,1666443,PLANT03,PORT09,3293,2.3634927588443113,2.0
1447373158.7,2023-04-05,PORT04,V444_0,2,DTP,3,0,V55555555_5,1686215,PLANT03,PORT09,10333,35.16043365032486,2.0
1447360798.7,2023-03-02,PORT04,V444_1,1,DTD,5,0,V55555555555555_8,1688629,PLANT03,PORT09,297,4.484132766957024,1.0
1447334194.7,2023-04-19,PORT04,V444_0,2,DTP,3,0,V555555_6,1693626,PLANT03,PORT09,814,8.937541772868876,2.0
1447317267.7,2023-02-20,PORT04,V444_1,1,DTD,0,0,V555555555555555555_45,1682835,PLANT03,PORT09,326,4.359482922724005,1.0
1447315831.7,2023-05-14,PORT04,V444_0,2,DTP,0,0,V555555555_14,1683191,PLANT03,PORT09,714,8.64,2.0
1447292188.7,2023-03-01,PORT04,V444_0,2,DTP,0,0,V555555_24,1688633,PLANT03,PORT09,478,18.113567336027643,2.0
1447281389.7,2023-08-30,PORT04,V44_3,2,CRF,3,0,V55555_2,1677884,PLANT03,PORT09,339,0.21221986446710933,2.0
1447269470.7,2023-02-27,PORT04,V44_3,4,CRF,0,0,V555555555555555_29,1699792,PLANT03,PORT09,20304,13.88360658280856,3.04
1447261798.7,2023-07-22,PORT04,V444_1,1,DTD,5,0,V55555555555555_8,1658528,PLANT03,PORT09,527,3.62,1.0
1447261178.7,2023-11-04,PORT04,V444_0,2,DTP,3,0,V55555_2,1700097,PLANT03,PORT09,348,0.6702072538860103,2.0
1447250468.7,2023-12-01,PORT04,V444_0,2,DTP,0,0,V5555_33,1689547,PLANT03,PORT09,242,0.43191763123882965,2.0
1447245302.7,2023-06-18,PORT04,V444_1,1,DTD,5,0,V55555555555555_8,1689546,PLANT03,PORT09,623,20.98763249290443,1.0
1447245232.7,2023-07-03,PORT04,V444_1,1,DTD,0,0,V5555555_22,1682826,PLANT03,PORT09,736,36.249202358670665,1.0
1447226266.7,2023-02-07,PORT04,V444_1,1,DTD,0,0,V5555555_22,1675655,PLANT03,PORT09,354,1.0592272249616033,1.0
1447211490.7,2023-09-05,PORT04,V444_0,2,DTP,0,0,V5555_33,1682805,PLANT03,PORT09,535,19.674529229100557,2.0
1447205009.7,2023-04-23,PORT04,V444_0,2,DTP,0,0,V55555555555_28,1674598,PLANT03,PORT09,3817,1.6278126990700472,2.0
1447194893.7,2023-03-09,PORT04,V444_0,2,DTP,3,0,V555555555_3,1682799,PLANT03,PORT09,284,0.6233981436419298,2.0
1447194889.7,2023-04-28,PORT04,V444_0,2,DTP,3,0,V555555555_3,1682796,PLANT03,PORT09,436,11.548544086511438,2.0
1447187277.7,2023-01-15,PORT04,V444_0,2,DTP,0,0,V5555_25,1699948,PLANT03,PORT09,328,2.8373659995171483,2.0
1447168927.7,2023-07-10,PORT04,V444_0,2,DTP,0,0,V55555555555_28,1678000,PLANT03,PORT09,2799,1.3962072232182103,2.0
1447158021.7,2023-12-23,PORT09,V44_3,1,CRF,3,0,V55555_53,1697317,PLANT16,PORT09,2066,341.12,1.0
1447152993.7,2023-11-08,PORT04,V444_0,2,DTP,3,0,V55555555_5,1696074,PLANT03,PORT09,1294,8.87914842161734,2.0
1447406124.7,2023-08-10,PORT04,V444_0,2,DTP,5,0,V55555555_7,1699369,PLANT03,PORT09,5263,13.363945193691864,2.0
1447382542.7,2023-08-27,PORT04,V444_0,2,DTP,0,0,V55555555_5,1667817,PLANT03,PORT09,2091,29.489300411522628,2.0
1447379194.7,2023-12-31,PORT04,V444_0,2,DTP,0,0,V55555555555_28,1676592,PLANT03,PORT09,38785,23.0260153256705,2.0
1447371901.7,2023-07-15,PORT04,V444_0,2,DTP,3,0,V555555_6,1676853,PLANT03,PORT09,415,0.264162544695483,2.0
1447371267.7,2023-06-23,PORT04,V444_1,2,DTD,5,0,V55555555555555_8,1697781,PLANT12,PORT09,500,66.8875,2.0
1447361238.7,2023-03-11,PORT04,V444_0,2,DTP,3,0,V55555_4,1675655,PLANT03,PORT09,463,2.050117209603103,2.0
1447355980.7,2023-05-22,PORT04,V444_1,1,DTD,5,0,V55555555555555_8,1690614,PLANT03,PORT09,276,0.12585960349478137,1.0
1447344843.7,2023-02-17,PORT04,V44_3,0,CRF,0,0,V555555555555555_29,1699526,PLANT03,PORT09,1905,6.4399999999999995,1.72
1447340934.7,2023-12-06,PORT04,V444_0,2,DTP,0,0,V5555_33,1682859,PLANT03,PORT09,309,0.34984794863995333,2.0
1447336096.7,2023-09-27,PORT04,V444_0,2,DTP,3,0,V5555555_22,1683199,PLANT03,PORT09,442,2.104711659381755,2.0
1447329690.7,2023-05-15,PORT04,V444_0,2,DTP,3,0,V55555_4,1658532,PLANT03,PORT09,338,0.8192729619272964,2.0
1447328130.7,2023-09-23,PORT04,V444_1,1,DTD,5,0,V55555555555555_8,1683424,PLANT03,PORT09,317,1.96,1.0
1447327575.7,2023-10-26,PORT04,V444_0,2,DTP,3,0,V55555_4,1688633,PLANT03,PORT09,298,1.6701175342160075,2.0
1447310506.7,2023-01-06,PORT04,V444_0,2,DTP,0,0,V555555555_27,1692114,PLANT03,PORT09,3472,34.39777942208695,2.0
1447305008.7,2023-01-07,PORT04,V444_0,2,DTP,3,0,V55555_2,1689546,PLANT03,PORT09,730,36.481448739356644,2.0
1447292438.7,2023-10-30,PORT04,V444_0,2,DTP,0,0,V55555_26,1672706,PLANT03,PORT09,292,4.991912858660998,2.0
1447288744.7,2023-07-17,PORT04,V444_0,2,DTP,0,0,V555555555_14,1683197,PLANT03,PORT09,470,5.215904464649205,2.0
1447266614.7,2023-12-24,PORT04,V444_0,2,DTP,3,0,V55555555_5,1655985,PLANT12,PORT09,348,1.7409259451893775,2.0
1447213220.7,2023-05-15,PORT04,V444_0,2,DTP,3,0,V5555555_22,1683199,PLANT03,PORT09,1591,27.849685925679555,2.0
1447211405.7,2023-05-12,PORT04,V444_1,2,DTD,3,0,V55555555_9,1677229,PLANT12,PORT09,266,2.6519480519480525,2.0
1447199221.7,2023-08-22,PORT04,V444_0,2,DTP,0,0,V555555555_27,1695345,PLANT03,PORT09,598,1.3352580652923454,2.0
1447179955.7,2023-10-27,PORT04,V444_1,1,DTD,0,0,V555555555555555555_45,1682835,PLANT03,PORT09,391,5.346535659944535,1.0
1447179712.7,2023-05-31,PORT04,V444_1,1,DTD,1,0,V555555555555555555_17,1680210,PLANT03,PORT09,742,0.9899119028978227,1.0
1447178881.7,2023-05-29,PORT04,V444_0,2,DTP,3,0,V555555_6,1677889,PLANT03,PORT09,477,0.9252831305978435,2.0
1447176711.7,2023-04-12,PORT04,V444_0,2,DTP,0,0,V555555555_27,1692402,PLANT03,PORT09,373,2.74,2.0
1447173727.7,2023-11-01,PORT04,V444_0,2,DTP,3,0,V55555_2,1689548,PLANT03,PORT09,783,34.23989381551083,2.0
1447165488.7,2023-12-13,PORT04,V444_0,2,DTP,0,0,V555555555_27,1690006,PLANT03,PORT09,336,0.09272313761012767,2.0
1447164846.7,2023-07-15,PORT04,V444_0,2,DTP,0,0,V5555555_30,1668547,PLANT03,PORT09,337,0.3505229582613733,2.0
1447162931.7,2023-11-14,PORT04,V444_0,2,DTP,0,3,V555555555_27,1676942,PLANT03,PORT09,2255,3.3114089347079037,2.0
1447155736.7,2023-08-07,PORT04,V444_1,1,DTD,0,0,V5555555_22,1692949,PLANT03,PORT09,970,3.243892343213792,1.0
1447146773.7,2023-01-30,PORT04,V444_0,2,DTP,5,0,V55555555_7,1669701,PLANT03,PORT09,871,6.11,2.0
1447146029.7,2023-09-11,PORT04,V444_1,1,DTD,0,0,V5555555_22,1683636,PLANT03,PORT09,346,0.663839251530463,1.0
1447417920.7,2023-12-04,PORT04,V444_1,1,DTD,0,0,V55555555555555_8,1689547,PLANT03,PORT09,596,21.595881561941482,1.0
1447407628.7,2023-09-24,PORT04,V444_0,2,DTP,0,0,V5555_33,1689548,PLANT03,PORT09,251,0.89375745157226,2.0
1447400906.7,2023-03-15,PORT04,V444_0,2,DTP,0,0,V5555_36,1682679,PLANT03,PORT09,4243,8.351297780139634,2.0
1447394818.7,2023-12-10,PORT04,V44_3,0,CRF,3,0,V55555555_32,1699539,PLANT03,PORT09,3864,11.622974045385828,0.0
1447391114.7,2023-04-06,PORT04,V444_0,2,DTP,0,0,V5555_33,1689543,PLANT03,PORT09,331,0.2450573565688278,2.0
1447381072.7,2023-12-01,PORT04,V444_0,2,DTP,3,0,V555555_6,1700094,PLANT03,PORT09,300,1.2603381014304293,2.0
1447371584.7,2023-09-10,PORT04,V444_0,2,DTP,3,0,V5555555_12,1700014,PLANT03,PORT09,289,0.03790104391992659,2.0
1447355129.7,2023-12-15,PORT04,V444_0,2,DTP,3,0,V555555_6,1660885,PLANT03,PORT09,414,1.0590364491178406,2.0
1447339222.7,2023-02-06,PORT04,V444_0,2,DTP,0,0,V555555555555555_29,1688589,PLANT03,PORT09,382,4.567551104150948,2.0
1447329163.7,2023-08-13,PORT04,V444_0,2,DTP,0,0,V555555555_14,1683203,PLANT03,PORT09,447,4.2936570229077295,2.0
1447319049.7,2023-08-09,PORT04,V444_0,2,DTP,0,0,V5555_33,1688290,PLANT03,PORT09,290,0.5970224068932273,2.0
1447310036.7,2023-05-27,PORT04,V444_1,1,DTD,1,0,V555555555555555555_17,1689147,PLANT03,PORT09,802,1.882882353804819,1.0
1447254625.7,2023-10-23,PORT04,V444_1,1,DTD,5,0,V55555555555555_8,1689549,PLANT03,PORT09,280,1.9168708781045667,1.0
1447250707.7,2023-08-05,PORT04,V444_1,1,DTD,5,0,V55555555555555_8,1689541,PLANT03,PORT09,646,56.64,1.0
1447243894.7,2023-05-17,PORT04,V444_0,2,DTP,0,0,V5555_33,1675810,PLANT12,PORT09,275,1.4968242423223732,2.0
1447243121.7,2023-06-16,PORT04,V444_1,2,DTD,5,0,V55555555555555_8,1666961,PLANT12,PORT09,387,26.6,2.0
1447242896.7,2023-03-05,PORT04,V444_0,2,DTP,0,0,V55555555_5,1689548,PLANT03,PORT09,298,3.2771106557649534,2.0
1447231156.7,2023-10-25,PORT04,V444_1,1,DTD,3,0,V5555555_19,1695349,PLANT03,PORT09,2126,17.271819350759905,1.0
1447221859.7,2023-04-20,PORT04,V444_0,2,DTP,0,0,V5555_33,1682805,PLANT03,PORT09,336,3.780258891180893,2.0
1447215782.7,2023-11-15,PORT04,V444_1,1,DTD,5,0,V55555555555555_8,1700382,PLANT03,PORT09,406,10.8,1.0
1447199223.7,2023-11-16,PORT04,V444_0,2,DTP,0,0,V55555_4,1672091,PLANT03,PORT09,293,0.9181132481171491,2.0
1447197255.7,2023-05-07,PORT04,V444_0,2,DTP,0,0,V5555_33,1689543,PLANT03,PORT09,280,0.7351720697064834,2.0
1447186835.7,2023-07-13,PORT04,V444_0,2,DTP,0,0,V55_13,1696754,PLANT03,PORT09,253,0.26685439111673054,2.0
1447174250.7,2023-02-27,PORT04,V444_0,2,DTP,0,0,V55555555555_28,1676592,PLANT03,PORT09,42248,24.62,2.07
1447163364.7,2023-02-01,PORT04,V444_0,2,DTP,3,0,V555555_6,1692899,PLANT03,PORT09,4300,3.564132991458664,2.0
1447156413.7,2023-01-21,PORT04,V444_0,2,DTP,3,0,V55555555_5,1652885,PLANT13,PORT09,270,10.29766967451466,2.0
1447151141.7,2023-10-10,PORT04,V444_0,2,DTP,0,0,V55555555555_28,1666524,PLANT03,PORT09,40287,21.0779673466248,2.0
1447149768.7,2023-02-04,PORT04,V444_0,2,DTP,0,0,V5555_33,1689547,PLANT03,PORT09,299,0.14397254374627655,2.0
1447407855.7,2023-06-12,PORT04,V44_3,0,CRF,3,0,V55555555_32,1699539,PLANT03,PORT09,11066,37.86892213615748,0.0
1447366886.7,2023-10-09,PORT04,V44_3,0,CRF,0,0,V5555555_30,1699540,PLANT03,PORT09,3440,5.743498400449389,0.0
1447317056.7,2023-08-25,PORT04,V444_0,2,DTP,0,0,V55555_26,1672706,PLANT03,PORT09,394,8.16,2.0
1447313113.7,2023-06-10,PORT04,V444_0,2,DTP,5,0,V55555555_7,1699570,PLANT03,PORT09,30235,33.25421859707317,2.0
1447306539.7,2023-01-28,PORT04,V44_3,4,CRF,0,0,V555555555555555_29,1699345,PLANT03,PORT09,1323,2.9850138075652843,4.0
1447306357.7,2023-09-12,PORT04,V444_0,2,DTP,0,0,V55555555555_28,1700130,PLANT03,PORT09,19133,17.61402221332293,2.0
1447304962.7,2023-03-21,PORT04,V444_0,2,DTP,3,0,V55555_2,1687661,PLANT03,PORT09,340,1.0912000000000002,2.0
1447288796.7,2023-07-24,PORT04,V444_0,2,DTP,3,0,V55555555_5,1700130,PLANT03,PORT09,134442,131.1595577145928,2.07
1447283104.7,2023-10-10,PORT04,V444_0,2,DTP,3,0,V55555_2,1688600,PLANT03,PORT09,354,13.64,2.0
1447266942.7,2023-11-07,PORT04,V444_0,2,DTP,0,0,V55555_26,1656839,PLANT03,PORT09,418,1.6357541899441344,2.0
1447232773.7,2023-01-07,PORT04,V444_1,1,DTD,0,0,V5555555_22,1644308,PLANT03,PORT09,380,4.298520527279754,1.0
1447214682.7,2023-04-28,PORT04,V444_1,1,DTD,3,0,V5555_20,1695346,PLANT03,PORT09,719,1.6094040340472415,1.0
1447185772.7,2023-12-12,PORT04,V444_0,2,DTP,0,0,V55555_26,1676853,PLANT03,PORT09,745,1.3208127234774152,2.0
1447174247.7,2023-08-28,PORT04,V444_0,2,DTP,0,0,V55555555555_28,1676592,PLANT03,PORT09,49257,26.680000000000003,2.0
1447163574.7,2023-06-16,PORT04,V444_0,2,DTP,0,3,V555555555_27,1660885,PLANT03,PORT09,677,3.1771093473535217,2.0
1447133267.7,2023-10-02,PORT04,V444_0,2,DTP,0,0,V55555_26,1672706,PLANT03,PORT09,380,8.12,2.0
1447418972.7,2023-02-28,PORT04,V444_0,2,DTP,5,0,V55555555_7,1668545,PLANT03,PORT09,297,0.25357928044064226,2.0
1447399705.7,2023-06-03,PORT04,V444_0,2,DTP,0,0,V5555555_30,1658528,PLANT03,PORT09,2737,22.66,2.0
1447387031.7,2023-01-18,PORT04,V444_1,1,DTD,0,0,V55555555555555_8,1689545,PLANT03,PORT09,270,0.33985570523922104,1.0
1447373492.7,2023-08-08,PORT04,V44_3,2,CRF,3,0,V55555_2,1689145,PLANT03,PORT09,299,0.057230709780703576,2.0
1447366449.7,2023-05-09,PORT04,V444_1,1,DTD,5,0,V55555555555555_8,1688571,PLANT03,PORT09,357,8.8089849351141,1.0
1447365324.7,2023-07-07,PORT04,V444_0,2,DTP,3,1,V555_15,1677878,PLANT03,PORT09,788,1.8590646569939384,2.0
1447357415.7,2023-07-28,PORT04,V444_0,2,DTP,3,0,V5555555_22,1683200,PLANT03,PORT09,320,1.7972993827160488,2.0
1447349623.7,2023-06-18,PORT04,V444_0,2,DTP,3,0,V55555_4,1676853,PLANT03,PORT09,1323,2.6416254469548304,2.0
1447346634.7,2023-02-02,PORT04,V444_0,2,DTD,0,0,V555_41,1692333,PLANT03,PORT09,16813,4.487117953314343,2.0
1447334192.7,2023-01-03,PORT04,V444_0,2,DTP,0,0,V555555555_27,1679638,PLANT03,PORT09,2292,6.763324088075238,2.0
1447322568.7,2023-03-07,PORT04,V444_1,1,DTD,5,0,V55555555555555_8,1688575,PLANT03,PORT09,826,49.21704643092323,1.0
1447320469.7,2023-03-27,PORT04,V444_1,1,DTD,0,0,V5555555_22,1676566,PLANT03,PORT09,1106,8.921069849586745,1.0
1447305016.7,2023-07-10,PORT04,V44_3,2,CRF,3,0,V55555_2,1696757,PLANT03,PORT09,377,4.427145348025542,2.0
1447297326.7,2023-08-01,PORT04,V444_1,1,DTD,5,0,V55555555555555_8,1689547,PLANT03,PORT09,500,13.397254374627655,1.0
1447292180.7,2023-05-23,PORT04,V444_0,2,DTP,0,0,V555555_24,1666954,PLANT03,PORT09,494,2.7449809831014407,2.0
1447288233.7,2023-10-12,PORT04,V444_0,2,DTP,0,0,V555555555_27,1652604,PLANT03,PORT09,830,11.24,2.0
1447283665.7,2023-06-25,PORT04,V444_0,2,DTP,0,0,V55555_26,1652611,PLANT03,PORT09,356,2.4,2.0
1447222743.7,2023-03-28,PORT04,V444_0,2,DTP,0,0,V55_13,1682784,PLANT03,PORT09,385,5.068096159486976,2.0
1447219822.7,2023-10-26,PORT04,V444_1,1,DTD,0,0,V555555555555555555_45,1680740,PLANT03,PORT09,356,5.136118832264725,1.0
1447209514.7,2023-09-13,PORT04,V444_0,2,DTP,3,0,V555555_6,1668545,PLANT03,PORT09,1062,7.58,2.0
1447206036.7,2023-12-07,PORT04,V444_1,2,DTD,5,0,V55555555555555_8,1650715,PLANT12,PORT09,494,64.25954545454546,2.0
1447199666.7,2023-07-21,PORT04,V444_0,2,DTP,5,0,V55555555_7,1693122,PLANT03,PORT09,516,5.46,2.0
1447194397.7,2023-06-24,PORT04,V44_3,2,CRF,3,0,V55555_2,1684170,PLANT03,PORT09,274,2.318463252260198,2.0
1447187332.7,2023-05-03,PORT04,V444_0,2,DTP,0,0,V5555_25,1693453,PLANT03,PORT09,3017,11.928399239752954,2.0
1447181237.7,2023-06-05,PORT04,V444_0,2,DTP,0,0,V5555_33,1688629,PLANT03,PORT09,341,0.7174612427131238,2.0
1447175577.7,2023-05-19,PORT04,V444_0,2,DTP,0,0,V555555555_14,1681878,PLANT08,PORT09,1922,6.195552093325831,2.0
1447165240.7,2023-03-03,PORT04,V444_0,2,DTP,3,0,V555555_6,1672707,PLANT03,PORT09,795,36.24,2.0
1447159697.7,2023-09-21,PORT04,V444_0,2,DTP,0,0,V555555555_14,1696262,PLANT08,PORT09,975,3.3039825017573152,2.0
1447137164.7,2023-03-09,PORT04,V444_0,2,DTP,3,0,V55555555_5,1696074,PLANT03,PORT09,368,0.8879148421617342,2.0
1447403037.7,2023-06-07,PORT04,V444_0,2,DTP,3,0,V55555_2,1668127,PLANT03,PORT09,470,16.56,2.0
1447387191.7,2023-10-25,PORT04,V444_1,1,DTD,0,0,V55555555555555_8,1688589,PLANT03,PORT09,282,3.654040883320759,1.0
1447293476.7,2023-11-28,PORT04,V444_1,1,DTD,1,0,V555555555555555555_17,1696746,PLANT03,PORT09,497,7.4246452858206515,1.0
1447283717.7,2023-10-18,PORT04,V444_0,2,DTP,3,0,V55555_2,1700094,PLANT03,PORT09,380,2.32,2.0
1447275636.7,2023-03-02,PORT04,V444_0,2,DTP,3,0,V555555_6,1656350,PLANT03,PORT09,435,10.829404329963126,2.0
1447250706.7,2023-11-26,PORT04,V444_1,1,DTD,5,0,V55555555555555_8,1688589,PLANT03,PORT09,494,17.270204416603793,1.0
1447236876.7,2023-06-29,PORT04,V444_0,2,DTP,3,0,V5555555_12,1689296,PLANT03,PORT09,273,0.33496424113393586,2.0
1447232392.7,2023-12-11,PORT04,V444_0,2,DTP,0,0,V5555_33,1689547,PLANT03,PORT09,287,0.14397254374627655,2.0
1447224364.7,2023-11-05,PORT04,V444_0,2,DTP,5,0,V55555555_7,1668547,PLANT03,PORT09,486,1.2746289391322665,2.0
1447215328.7,2023-03-06,PORT04,V444_0,2,DTP,3,0,V55555_4,1696074,PLANT03,PORT09,347,0.35516593686469367,2.0
1447214720.7,2023-05-23,PORT04,V444_1,1,DTD,5,0,V55555555555555_8,1676563,PLANT03,PORT09,560,4.88,1.0
1447211159.7,2023-03-13,PORT04,V444_0,2,DTP,0,0,V555555555_27,1676853,PLANT03,PORT09,2265,5.283250893909661,2.0
1447187838.7,2023-11-29,PORT04,V444_0,2,DTP,0,0,V55555555555_28,1678000,PLANT03,PORT09,30299,15.754486678618523,2.0
1447187440.7,2023-08-24,PORT04,V444_0,2,DTP,3,0,V55555_4,1650904,PLANT03,PORT09,689,6.292058823529412,2.0
1447182890.7,2023-03-07,PORT04,V444_1,1,DTD,5,0,V55555555555555_8,1688589,PLANT03,PORT09,489,19.270204416603793,1.0
1447165160.7,2023-03-07,PORT04,V444_0,2,DTP,3,0,V555555_6,1672707,PLANT03,PORT09,7016,471.36,2.0
1447164251.7,2023-04-25,PORT04,V444_0,2,DTP,3,0,V555555_6,1672713,PLANT03,PORT09,360,8.12,2.0
1447158119.7,2023-07-24,PORT04,V444_0,2,DTP,3,0,V55555_2,1687346,PLANT03,PORT09,392,2.9846069410815157,2.0
1447146559.7,2023-08-20,PORT04,V444_0,2,DTP,5,0,V55555555_7,1655818,PLANT03,PORT09,1249,3.0905388169862196,2.0
1447145184.7,2023-10-06,PORT04,V444_1,1,DTD,0,0,V5555555_22,1682784,PLANT03,PORT09,251,0.4369048413350841,1.0
1447405946.7,2023-10-14,PORT04,V44_3,0,CRF,0,0,V555555555555555_29,1699265,PLANT03,PORT09,1279,4.643792750839999,3.6
1447377769.7,2023-05-07,PORT04,V444_0,2,DTP,0,0,V555555_24,1689145,PLANT03,PORT09,518,0.7153838722587947,2.0
1447326638.7,2023-05-24,PORT04,V44_3,0,CRF,3,0,V55555555_32,1699268,PLANT03,PORT09,2648,5.306719397787038,0.0
1447291822.7,2023-02-24,PORT04,V444_1,1,DTD,5,0,V55555555555555_8,1689547,PLANT03,PORT09,518,13.397254374627655,1.0
1447286036.7,2023-01-24,PORT04,V444_1,1,DTD,5,0,V55555555555555_8,1688292,PLANT03,PORT09,257,1.0960186791998714,1.0
1447269277.7,2023-05-06,PORT04,V44_3,4,CRF,0,0,V555555555555_31,1684560,PLANT03,PORT09,6265,2.6743861377122577,4.0
1447241402.7,2023-06-02,PORT04,V444_0,2,DTP,5,0,V55555555_7,1683432,PLANT03,PORT09,517,20.346657743344714,2.0
1447236403.7,2023-06-28,PORT04,V444_0,2,DTP,0,0,V5555_33,1689547,PLANT03,PORT09,272,0.5758901749851062,2.0
1447228653.7,2023-09-13,PORT04,V444_1,1,DTD,0,0,V5555555_22,1682784,PLANT03,PORT09,290,1.5728574288063029,1.0
1447221881.7,2023-01-20,PORT04,V444_0,2,DTP,0,0,V5555_33,1688285,PLANT03,PORT09,268,0.8794647523691408,2.0
1447219193.7,2023-01-12,PORT04,V444_0,2,DTP,0,0,V55555555555_28,1676699,PLANT03,PORT09,15282,6.685223812514676,2.0
1447216560.7,2023-02-27,PORT04,V444_1,1,DTD,5,0,V55555555555555_8,1658532,PLANT03,PORT09,969,5.3,1.0
1447214687.7,2023-01-30,PORT04,V444_0,2,DTP,3,0,V55555_4,1652080,PLANT03,PORT09,425,2.84,2.0
1447214050.7,2023-07-01,PORT04,V444_0,2,DTP,0,0,V555555555_14,1689469,PLANT03,PORT09,1254,19.18,2.0
1447194396.7,2023-09-13,PORT04,V44_3,2,CRF,3,0,V55555_2,1674853,PLANT03,PORT09,298,0.08729970326409492,2.0
1447180377.7,2023-08-17,PORT04,V444_0,2,DTP,0,0,V5555_33,1661119,PLANT12,PORT09,366,7.201928941152622,2.0
1447175679.7,2023-12-22,PORT04,V444_0,2,DTP,0,0,V555555555_14,1669702,PLANT03,PORT09,2762,44.02,2.0
1447173798.7,2023-04-26,PORT04,V444_1,1,DTD,0,0,V5555555_22,1682742,PLANT03,PORT09,372,8.78,1.0
1447167572.7,2023-04-21,PORT04,V444_1,1,DTD,5,0,V55555555555555_8,1688575,PLANT03,PORT09,515,19.086818572369292,1.0
1447166802.7,2023-01-23,PORT04,V444_1,1,DTD,0,0,V5555555_22,1683203,PLANT03,PORT09,487,3.2846476225244134,1.0
1447163445.7,2023-07-04,PORT04,V444_0,2,DTP,3,0,V555555_6,1677891,PLANT03,PORT09,4275,11.64,2.0
1447149216.7,2023-07-07,PORT04,V444_0,2,DTP,3,0,V555555555_3,1671247,PLANT12,PORT09,295,1.6679243437050615,2.0
1447146833.7,2023-06-09,PORT04,V444_0,2,DTP,3,0,V55555555_0,1677889,PLANT03,PORT09,507,1.3821416763305288,2.0
1447418348.7,2023-11-11,PORT04,V444_0,2,DTP,5,0,V55555555_7,1692987,PLANT03,PORT09,397,4.86,2.0
1447408692.7,2023-10-15,PORT04,V444_0,2,DTP,3,0,V55555555_5,1700143,PLANT03,PORT09,49307,43.84344266316981,2.0
1447405954.7,2023-10-17,PORT04,V44_3,0,CRF,0,0,V555555555555555_29,1699623,PLANT03,PORT09,10531,39.18065153998411,1.36
1447402326.7,2023-11-10,PORT04,V444_0,2,DTP,0,0,V55_13,1696754,PLANT03,PORT09,325,2.455060398273921,2.0
1447390888.7,2023-10-29,PORT04,V44_3,2,CRF,3,0,V55555_2,1651299,PLANT03,PORT09,618,0.8700955671104759,2.0
1447382050.7,2023-01-10,PORT04,V444_1,1,DTD,0,0,V5555555_22,1676566,PLANT03,PORT09,1260,9.53735779880599,1.0
1447373080.7,2023-07-26,PORT04,V444_1,2,DTD,3,0,V55555555_9,1677229,PLANT12,PORT09,287,4.3,2.0
1447353607.7,2023-08-22,PORT04,V444_0,3,DTD,0,0,V555555555555555555_42,1671426,PLANT03,PORT09,12244,7.676558079757033,3.0
1447343984.7,2023-06-28,PORT04,V444_1,2,DTD,5,0,V55555555555555_8,1657013,PLANT12,PORT09,359,27.5,2.0
1447343558.7,2023-05-03,PORT04,V444_0,2,DTP,3,0,V55555555_0,1646392,PLANT13,PORT09,308,8.409304184711868,2.0
1447334423.7,2023-10-30,PORT04,V444_0,2,DTP,3,0,V555555_6,1689548,PLANT03,PORT09,315,0.14895957526204334,2.0
1447327827.7,2023-12-19,PORT04,V44_3,4,CRF,0,0,V555555555555_31,1684560,PLANT03,PORT09,18297,8.023158413136773,4.0
1447316992.7,2023-02-01,PORT04,V44_3,4,CRF,0,0,V555555555555555_29,1699419,PLANT03,PORT09,2704,7.077430258026667,3.76
1447306519.7,2023-10-19,PORT04,V444_1,1,DTD,0,0,V5555555_22,1676565,PLANT03,PORT09,1136,14.1,1.0
1447299186.7,2023-04-10,PORT04,V444_0,2,DTP,0,0,V5555_33,1689548,PLANT03,PORT09,311,0.223439362893065,2.0
1447284975.7,2023-04-14,PORT04,V444_0,2,DTP,3,0,V55555_4,1689145,PLANT03,PORT09,746,1.7884596806469868,2.0
1447281394.7,2023-09-16,PORT04,V444_0,2,DTP,3,0,V5555555_12,1687346,PLANT03,PORT09,488,4.17427544207205,2.0
1447265523.7,2023-08-17,PORT04,V444_0,2,DTP,3,0,V55555555_5,1700143,PLANT03,PORT09,152228,143.0146722558264,2.02
1447255616.7,2023-09-10,PORT04,V444_0,2,DTP,3,0,V555555_6,1668547,PLANT03,PORT09,2574,16.8,2.0
1447229929.7,2023-02-15,PORT04,V444_0,2,DTP,5,0,V55555555_7,1655818,PLANT03,PORT09,801,1.5452694084931098,2.0
1447216711.7,2023-10-18,PORT04,V444_0,2,DTP,0,0,V555555555_14,1700097,PLANT03,PORT09,799,11.170120898100173,2.0
1447208888.7,2023-01-08,PORT04,V444_0,2,DTP,0,0,V55_13,1672670,PLANT03,PORT09,286,0.7577549646731745,2.0
1447201558.7,2023-11-12,PORT04,V444_0,2,DTP,3,0,V55555555_5,1689460,PLANT12,PORT09,834,191.76479514415783,2.0
1447198605.7,2023-09-14,PORT04,V444_0,2,DTP,3,0,V555555_6,1685212,PLANT03,PORT09,383,1.1545001465845792,2.0
1447196799.7,2023-11-16,PORT04,V444_0,2,DTP,3,0,V55555_2,1669702,PLANT03,PORT09,401,2.6623818867924536,2.0
1447194688.7,2023-03-28,PORT04,V444_0,2,DTP,3,0,V555555_6,1676853,PLANT03,PORT09,447,0.528325089390966,2.0
1447191824.7,2023-10-08,PORT04,V444_0,2,DTP,3,0,V55555555_5,1699951,PLANT03,PORT09,388,3.783197875720278,2.0
1447187331.7,2023-01-04,PORT04,V444_1,1,DTD,0,0,V55555555555555_8,1660668,PLANT03,PORT09,300,0.9354302162168897,1.0
1447178197.7,2023-07-12,PORT04,V44_3,0,CRF,3,0,V55555555_32,1699418,PLANT03,PORT09,1467,3.85246654933357,0.0
1447177717.7,2023-12-09,PORT04,V444_0,2,DTP,0,0,V555555555_14,1696746,PLANT03,PORT09,522,11.490522466151008,2.0
1447169084.7,2023-05-20,PORT04,V444_1,1,DTD,1,0,V555555555555555555_17,1696747,PLANT03,PORT09,533,9.806543087640634,1.0
1447158099.7,2023-08-06,PORT04,V444_0,2,DTP,3,0,V55555_2,1689033,PLANT03,PORT09,2324,37.22,2.0
1447149421.7,2023-10-20,PORT04,V444_0,2,DTP,0,0,V5555_33,1689548,PLANT03,PORT09,268,0.14895957526204334,2.0
1447421463.7,2023-07-26,PORT04,V444_1,1,DTD,0,0,V55555555555555_8,1690616,PLANT03,PORT09,293,0.9427008965683155,1.0
1447405787.7,2023-09-09,PORT04,V444_1,1,DTD,0,0,V5555555_22,1683634,PLANT03,PORT09,761,8.42749233887853,1.0
1447398904.7,2023-11-14,PORT04,V444_1,1,DTD,0,0,V55555555555555_8,1690621,PLANT03,PORT09,291,1.1446161911793797,1.0
1447385485.7,2023-07-21,PORT04,V444_0,2,DTP,0,0,V5555_33,1688290,PLANT03,PORT09,239,0.39801493792881815,2.0
1447369910.7,2023-12-20,PORT04,V444_0,2,DTP,3,0,V55555555_0,1677889,PLANT03,PORT09,978,3.54,2.0
1447325737.7,2023-06-21,PORT04,V444_0,2,DTP,3,0,V555555_6,1677889,PLANT03,PORT09,1658,4.96,2.0
1447320724.7,2023-01-20,PORT04,V44_3,0,CRF,0,0,V555555555555555_29,1699575,PLANT03,PORT09,26302,67.57727272727274,0.72
1447320537.7,2023-09-23,PORT04,V444_1,1,DTD,0,0,V5555555_22,1692948,PLANT03,PORT09,1645,5.951939725371899,1.0
1447318872.7,2023-10-12,PORT04,V444_1,1,DTD,5,0,V55555555555555_8,1689544,PLANT03,PORT09,352,4.290486309431002,1.0
1447312217.7,2023-06-05,PORT04,V44_3,2,CRF,3,0,V55555_2,1676566,PLANT03,PORT09,288,0.10495376293631466,2.0
1447283723.7,2023-04-09,PORT04,V444_0,2,DTP,0,0,V55555_26,1664346,PLANT03,PORT09,342,2.04,2.0
1447278603.7,2023-01-10,PORT04,V444_1,1,DTD,5,0,V55555555555555_8,1690616,PLANT03,PORT09,334,0.47135044828415773,1.0
1447278506.7,2023-12-26,PORT04,V44_3,0,CRF,3,0,V55555555_32,1699794,PLANT03,PORT09,6688,11.64947348618463,0.0
1447266887.7,2023-11-09,PORT04,V444_0,2,DTP,3,0,V555555_6,1663341,PLANT03,PORT09,1322,76.56,2.0
1447265627.7,2023-07-02,PORT04,V444_0,2,DTP,0,0,V555555555_27,1692106,PLANT03,PORT09,381,0.32241396047980686,2.0
1447252160.7,2023-03-21,PORT04,V444_0,2,DTP,0,0,V55555_26,1683560,PLANT03,PORT09,20065,212.36890691986005,2.0
1447243266.7,2023-12-11,PORT04,V444_1,1,DTD,5,0,V55555555555555_8,1658532,PLANT03,PORT09,897,5.1,1.0
1447226241.7,2023-12-20,PORT04,V444_1,1,DTD,0,0,V5555555_22,1687491,PLANT03,PORT09,371,2.414781220123386,1.0
1447225700.7,2023-08-24,PORT04,V444_0,2,DTP,3,0,V555555_6,1685211,PLANT03,PORT09,322,1.223201024327785,2.0
1447218312.7,2023-07-11,PORT04,V444_0,2,DTP,0,0,V555555555_14,1623991,PLANT03,PORT09,2793,11.88,2.0
1447208235.7,2023-03-06,PORT04,V444_0,2,DTP,3,0,V555555_6,1696074,PLANT03,PORT09,451,1.2253224821831932,2.0
1447196544.7,2023-02-11,PORT04,V444_0,2,DTP,0,0,V55555555555_28,1666524,PLANT03,PORT09,35244,19.3182214282967,2.0
1447161434.7,2023-03-15,PORT04,V444_1,1,DTD,0,0,V5555555_22,1683634,PLANT03,PORT09,444,3.9238095064044534,1.0
1447159086.7,2023-03-01,PORT04,V444_0,2,DTP,3,0,V55555555_5,1699952,PLANT03,PORT09,8259,304.0404721281664,2.0
1447146694.7,2023-09-20,PORT04,V444_0,2,DTP,5,0,V55555555_7,1668545,PLANT03,PORT09,384,1.0565803351693426,2.0
1447424605.7,2023-02-05,PORT04,V444_0,2,DTP,0,0,V555555555_14,1696746,PLANT03,PORT09,911,24.516590306502327,2.0
1447418971.7,2023-03-18,PORT04,V444_0,2,DTP,5,0,V55555555_7,1692940,PLANT03,PORT09,693,14.439999999999998,2.0
1447405884.7,2023-12-12,PORT04,V444_1,1,DTD,0,0,V5555555_22,1699794,PLANT03,PORT09,1872,3.1623683715461577,1.0
1447402332.7,2023-08-05,PORT04,V444_0,2,DTP,0,0,V55_13,1696757,PLANT03,PORT09,271,0.7983376857095239,2.0
1447396912.7,2023-07-15,PORT04,V444_0,2,DTP,3,0,V5555555_22,1683197,PLANT03,PORT09,642,7.68,2.0
1447379224.7,2023-10-13,PORT04,V444_0,2,DTP,3,0,V55555_4,1662552,PLANT03,PORT09,727,1.8347049119360723,2.0
1447373436.7,2023-05-12,PORT04,V444_0,2,DTP,3,0,V55555_2,1666954,PLANT03,PORT09,1258,10.14,2.0
1447347959.7,2023-06-13,PORT04,V444_0,2,DTP,3,1,V555_15,1699976,PLANT03,PORT09,279,0.2217245558366308,2.0
1447306785.7,2023-08-23,PORT04,V444_1,1,DTD,5,0,V55555555555555_8,1690616,PLANT03,PORT09,332,0.1885401793136631,1.0
1447306323.7,2023-09-16,PORT04,V444_0,2,DTP,0,0,V5555_33,1661119,PLANT12,PORT09,280,4.115387966372927,2.0
1447305233.7,2023-02-18,PORT04,V444_0,2,DTP,0,0,V55555555_5,1677878,PLANT03,PORT09,508,0.7436258627975754,2.0
1447302719.7,2023-05-03,PORT04,V444_0,2,DTP,3,0,V55555_2,1677878,PLANT03,PORT09,593,0.9667136216368479,2.0
1447299061.7,2023-10-26,PORT04,V444_0,2,DTP,0,0,V5555_33,1688589,PLANT03,PORT09,293,0.18270204416603794,2.0
1447286435.7,2023-04-08,PORT04,V44_3,0,CRF,3,0,V55555555_32,1699268,PLANT03,PORT09,909,1.3266798494467595,0.0
1447283095.7,2023-12-18,PORT04,V444_0,2,DTP,3,0,V55555_4,1677692,PLANT03,PORT09,20262,1356.76,2.0
1447261171.7,2023-11-11,PORT04,V44_3,2,CRF,3,0,V55555_2,1674853,PLANT03,PORT09,318,2.5316913946587527,2.0
1447253896.7,2023-06-06,PORT04,V444_1,1,DTD,5,0,V55555555555555_8,1688629,PLANT03,PORT09,521,24.317490388176523,1.0
1447230380.7,2023-02-10,PORT04,V444_0,2,DTP,0,0,V555555555_27,1676853,PLANT03,PORT09,741,1.0830664332514803,2.0
1447225528.7,2023-04-02,PORT04,V444_0,2,DTP,0,0,V555555555_27,1620510,PLANT03,PORT09,632,4.84,2.0
1447214240.7,2023-02-17,PORT04,V444_0,2,DTP,0,0,V555555555555555_29,1682769,PLANT03,PORT09,309,4.602678908652896,2.0
1447205705.7,2023-01-31,PORT04,V444_1,1,DTD,0,0,V5555555_22,1672651,PLANT03,PORT09,701,6.6659712309710475,1.0
1447205003.7,2023-09-16,PORT04,V444_0,2,DTP,0,0,V55555555555_28,1674598,PLANT03,PORT09,17755,8.139063495350236,2.0
1447204815.7,2023-10-30,PORT04,V444_1,1,DTD,3,0,V5555555_19,1696074,PLANT03,PORT09,4388,38.848465949711965,1.0
1447182377.7,2023-02-07,PORT04,V44_3,0,CRF,3,0,V55555555_32,1699574,PLANT03,PORT09,139689,212.41503183352273,0.0
1447174089.7,2023-04-09,PORT04,V444_1,1,DTD,3,3,V555555555555555_44,1699953,PLANT03,PORT09,1558,41.14026816235732,1.0
1447172380.7,2023-07-15,PORT04,V444_0,2,DTP,3,0,V55555_2,1689032,PLANT03,PORT09,1010,14.32,2.0
1447420900.7,2023-12-01,PORT04,V444_0,2,DTP,5,0,V55555555_7,1660580,PLANT03,PORT09,496,18.18,2.0
1447412495.7,2023-04-12,PORT04,V444_1,1,DTD,0,0,V55555555555555_8,1688285,PLANT03,PORT09,270,0.5863098349127606,1.0
1447364605.7,2023-03-02,PORT04,V444_0,2,DTP,0,0,V555555555_14,1700121,PLANT03,PORT09,346,2.7297909224637675,2.0
1447352566.7,2023-07-18,PORT04,V444_1,1,DTD,0,0,V55555555555555_8,1684808,PLANT03,PORT09,5293,1.4044213761733328,1.0
1447348313.7,2023-05-05,PORT04,V444_0,2,DTP,0,0,V555555555555555_29,1689544,PLANT03,PORT09,378,10.726215773577504,2.0
1447334702.7,2023-10-15,PORT04,V444_0,2,DTP,0,0,V5555_33,1688589,PLANT03,PORT09,330,0.18270204416603794,2.0
1447330384.7,2023-11-18,PORT04,V444_1,1,DTD,5,0,V55555555555555_8,1689549,PLANT03,PORT09,371,3.8337417562091334,1.0
1447323899.7,2023-11-07,PORT04,V444_0,2,DTP,3,0,V55555_2,1668547,PLANT03,PORT09,778,3.983215434788333,2.0
1447308356.7,2023-02-28,PORT04,V444_0,2,DTP,0,0,V5555_33,1689544,PLANT03,PORT09,257,0.4290486309431002,2.0
1447238094.7,2023-08-06,PORT04,V444_0,2,DTP,0,0,V555555555_14,1681878,PLANT08,PORT09,1854,6.195552093325831,2.0
1447216597.7,2023-05-10,PORT04,V444_0,2,DTP,0,0,V555555555_14,1657475,PLANT03,PORT09,3929,94.92,2.0
1447216559.7,2023-11-29,PORT04,V444_1,1,DTD,5,0,V55555555555555_8,1658532,PLANT03,PORT09,377,2.314446117444612,1.0
1447196812.7,2023-10-04,PORT04,V444_0,2,DTP,0,0,V55_13,1672670,PLANT03,PORT09,417,1.7139695629512282,2.0
1447194402.7,2023-04-14,PORT04,V444_0,2,DTP,3,0,V55555_2,1697067,PLANT03,PORT09,241,0.041069743051914,2.0
1447189381.7,2023-07-14,PORT04,V444_1,1,DTD,0,0,V5555555_22,1682742,PLANT03,PORT09,324,0.12862611852033035,1.0
1447182404.7,2023-06-04,PORT04,V44_3,0,CRF,3,0,V55555555_32,1699583,PLANT03,PORT09,2000,5.970000000000001,0.0
1447174502.7,2023-10-24,PORT04,V444_0,2,DTP,3,0,V555555555_3,1688571,PLANT03,PORT09,452,16.6179698702282,2.0
1447174268.7,2023-12-01,PORT04,V444_0,2,DTP,0,0,V55555555555_28,1674598,PLANT03,PORT09,10826,4.883438097210141,2.0
1447172412.7,2023-04-22,PORT04,V444_0,2,DTP,3,0,V55555_2,1680210,PLANT03,PORT09,263,0.019798238057956455,2.0
1447163935.7,2023-12-19,PORT04,V444_0,2,DTP,5,0,V55555555_7,1687346,PLANT03,PORT09,346,0.8765978428351305,2.0
1447158689.7,2023-09-04,PORT04,V444_1,1,DTD,0,0,V555555555555555555_45,1683432,PLANT03,PORT09,397,6.11354384689693,1.0
1447152366.7,2023-04-23,PORT04,V444_0,2,DTP,0,0,V555555555_27,1676853,PLANT03,PORT09,1621,3.420904953806505,2.0
1447149340.7,2023-08-06,PORT04,V444_0,2,DTP,0,0,V555555555_14,1696482,PLANT03,PORT09,488,3.16,2.0
1447146042.7,2023-08-25,PORT04,V444_1,1,DTD,0,0,V5555555_22,1660677,PLANT03,PORT09,801,32.99577482596891,1.0
1447405883.7,2023-07-07,PORT04,V444_1,1,DTD,0,0,V5555555_22,1699794,PLANT03,PORT09,1874,3.1623683715461577,1.0
1447375269.7,2023-08-31,PORT04,V44_3,0,CRF,3,0,V55555555_32,1699691,PLANT03,PORT09,1982,3.5,0.0
1447371270.7,2023-04-14,PORT04,V444_1,1,DTD,0,0,V5555555_22,1683634,PLANT03,PORT09,663,8.137555675843718,1.0
1447369632.7,2023-01-13,PORT04,V444_0,2,DTP,0,0,V555555555_27,1672722,PLANT03,PORT09,362,2.2230288522111628,2.0
1447369507.7,2023-11-28,PORT04,V444_0,2,DTP,0,0,V555555555_14,1689469,PLANT03,PORT09,2285,40.96,2.0
1447355118.7,2023-05-22,PORT04,V44_3,0,CRF,3,0,V55555555_32,1699682,PLANT03,PORT09,4236,14.771143772639592,0.0
1447353895.7,2023-10-26,PORT04,V444_1,1,DTD,5,0,V55555555555555_8,1688575,PLANT03,PORT09,333,6.3303865003292525,1.0
1447327906.7,2023-05-28,PORT04,V44_3,0,CRF,3,0,V55555555_32,1699540,PLANT03,PORT09,9886,18.23049520134817,0.0
1447320861.7,2023-02-07,PORT04,V444_1,1,DTD,3,0,V5555555_19,1689146,PLANT03,PORT09,4239,6.036123711340201,1.0
1447320521.7,2023-02-15,PORT04,V444_1,1,DTD,0,0,V5555555_22,1672676,PLANT03,PORT09,522,7.308918805216662,1.0
1447312087.7,2023-10-06,PORT04,V444_0,2,DTP,0,0,V555555555_27,1700105,PLANT03,PORT09,246,0.23422731042386707,2.0
1447310198.7,2023-07-19,PORT04,V444_0,2,DTP,0,0,V5555_36,1700569,PLANT03,PORT09,113463,141.5,2.15
1447291621.7,2023-11-04,PORT04,V444_0,2,DTP,3,0,V555555_6,1682829,PLANT03,PORT09,589,25.16571032135538,2.0
1447288724.7,2023-10-10,PORT04,V444_0,2,DTP,0,0,V555555555_14,1670203,PLANT03,PORT09,1101,68.02,2.0
1447283754.7,2023-05-21,PORT04,V444_0,2,DTP,0,0,V55555_26,1660897,PLANT03,PORT09,1296,7.94199110860769,2.0
1447283651.7,2023-11-20,PORT04,V444_0,2,DTP,0,0,V55555555555_28,1687384,PLANT03,PORT09,10815,6.369057619550333,2.0
1447266961.7,2023-03-03,PORT04,V444_0,2,DTP,0,0,V555555555_14,1668550,PLANT03,PORT09,2236,34.15719357435451,2.0
1447266915.7,2023-04-09,PORT04,V444_0,2,DTP,0,0,V55555_26,1666954,PLANT03,PORT09,766,6.8624524577536015,2.0
1447243911.7,2023-01-01,PORT04,V444_0,2,DTP,0,0,V5555_33,1689546,PLANT03,PORT09,336,0.15325088328602954,2.0
1447188653.7,2023-12-02,PORT04,V444_1,1,DTD,5,0,V55555555555555_8,1690614,PLANT03,PORT09,635,20.02543061158674,1.0
1447174468.7,2023-03-31,PORT04,V444_0,2,DTP,5,0,V55555555_7,1668547,PLANT03,PORT09,373,0.47798585217459993,2.0
1447165286.7,2023-12-02,PORT04,V444_0,2,DTP,5,0,V55555555_7,1682784,PLANT03,PORT09,309,5.941905842157144,2.0
1447160015.7,2023-08-23,PORT04,V444_1,1,DTD,5,0,V55555555555555_8,1690621,PLANT03,PORT09,315,1.7169242867690695,1.0
1447147786.7,2023-04-14,PORT04,V444_1,1,DTD,5,0,V55555555555555_8,1660673,PLANT03,PORT09,300,0.2744870436203289,1.0
1447423190.7,2023-05-13,PORT04,V444_0,2,DTP,5,0,V55555555_7,1675615,PLANT03,PORT09,946,5.661036673461718,2.0
1447411604.7,2023-09-29,PORT04,V444_0,2,DTP,3,0,V55555_4,1656246,PLANT03,PORT09,2254,8.192611464968154,2.0
1447406957.7,2023-02-27,PORT04,V44_3,0,CRF,3,0,V55555555_32,1699308,PLANT03,PORT09,3312,6.03192502252541,0.0
1447334363.7,2023-12-11,PORT04,V444_0,2,DTP,0,0,V555555555_14,1677878,PLANT03,PORT09,8289,23.64,2.0
1447331401.7,2023-06-17,PORT04,V444_1,1,DTD,5,0,V55555555555555_8,1688575,PLANT03,PORT09,347,9.043409286184646,1.0
1447315897.7,2023-10-27,PORT04,V444_0,2,DTP,3,0,V55555_4,1652080,PLANT03,PORT09,289,0.7090225563909774,2.0
1447313126.7,2023-06-26,PORT04,V44_3,0,CRF,0,0,V555555555555555_29,1699314,PLANT03,PORT09,1196,6.4,0.12
1447301549.7,2023-01-18,PORT04,V444_0,2,DTP,5,0,V55555555_7,1699369,PLANT03,PORT09,6299,15.036734232430238,2.0
1447300734.7,2023-11-21,PORT04,V444_0,2,DTP,3,0,V555555_6,1677889,PLANT03,PORT09,766,2.8915097831182606,2.0
1447297959.7,2023-03-11,PORT04,V444_1,1,DTD,0,0,V55555555555555_8,1650904,PLANT03,PORT09,2463,34.24,1.0
1447293039.7,2023-12-03,PORT04,V444_1,1,DTD,0,0,V5555555_22,1683634,PLANT03,PORT09,334,1.024442876056335,1.0
1447292033.7,2023-03-08,PORT04,V444_0,2,DTP,0,0,V5555_33,1689544,PLANT03,PORT09,278,0.10726215773577505,2.0
1447280562.7,2023-05-31,PORT04,V444_1,1,DTD,3,0,V5555555_19,1689146,PLANT03,PORT09,6242,9.02,1.0
1447275625.7,2023-11-26,PORT04,V444_0,2,DTP,3,0,V55555555_0,1689554,PLANT03,PORT09,1277,14.68,2.0
1447265646.7,2023-08-02,PORT04,V444_0,2,DTP,0,0,V555555555_14,1668547,PLANT03,PORT09,5422,41.0,2.0
1447258886.7,2023-05-13,PORT04,V444_0,2,DTP,0,0,V5555_33,1689547,PLANT03,PORT09,323,0.9358215343507976,2.0
1447231312.7,2023-06-10,PORT04,V444_1,1,DTD,5,0,V55555555555555_8,1688587,PLANT03,PORT09,314,3.648305157612521,1.0
1447231154.7,2023-04-22,PORT04,V444_1,1,DTD,5,0,V55555555555555_8,1689551,PLANT03,PORT09,442,9.105569063526355,1.0
1447201054.7,2023-07-07,PORT04,V444_1,1,DTD,5,0,V55555555555555_8,1689547,PLANT03,PORT09,743,35.99313593656914,1.0
1447193640.7,2023-12-04,PORT04,V444_0,2,DTP,0,0,V555555555_14,1697444,PLANT03,PORT09,705,2.74417306350314,2.0
1447185573.7,2023-08-31,PORT04,V444_0,2,DTP,3,0,V55555_2,1689033,PLANT03,PORT09,601,10.04,2.0
1447174687.7,2023-11-22,PORT04,V444_0,2,DTP,0,0,V555555_24,1689547,PLANT03,PORT09,311,1.1517803499702124,2.0
1447169011.7,2023-09-12,PORT04,V444_0,2,DTP,3,0,V555555_6,1675655,PLANT03,PORT09,558,3.3,2.0
1447146543.7,2023-01-01,PORT04,V444_0,2,DTP,3,0,V55555_4,1649002,PLANT03,PORT09,366,0.9001271485754652,2.0
1447145915.7,2023-12-17,PORT04,V444_1,1,DTD,5,0,V55555555555555_8,1689549,PLANT03,PORT09,320,1.9168708781045667,1.0
1447403841.7,2023-09-18,PORT04,V444_0,2,DTP,0,0,V55555_26,1672713,PLANT03,PORT09,275,0.43008595988538684,2.0
1447377776.7,2023-02-17,PORT04,V444_0,2,DTP,0,0,V555555555_27,1689147,PLANT03,PORT09,294,0.11297294122828914,2.0
1447372976.7,2023-12-02,PORT04,V444_0,2,DTP,0,0,V5555_33,1689543,PLANT03,PORT09,327,0.2450573565688278,2.0
1447346477.7,2023-08-22,PORT04,V444_0,2,DTP,3,0,V5555555_22,1697872,PLANT03,PORT09,404,2.1034579838720266,2.0
1447330517.7,2023-01-22,PORT04,V444_0,2,DTP,0,0,V555555555555555_29,1689785,PLANT03,PORT09,400,8.189049584927039,2.0
1447312663.7,2023-01-25,PORT04,V444_0,2,DTP,0,0,V555555_24,1689781,PLANT03,PORT09,284,0.36662625195621207,2.0
1447288340.7,2023-05-17,PORT04,V444_0,2,DTP,3,0,V555555_6,1697080,PLANT03,PORT09,1318,5.925780776693884,2.0
1447283782.7,2023-08-28,PORT04,V444_0,2,DTP,0,0,V55555_26,1644050,PLANT03,PORT09,294,2.12,2.0
1447273234.7,2023-02-09,PORT04,V444_0,2,DTP,3,0,V555555_6,1656839,PLANT03,PORT09,785,4.6,2.0
1447267010.7,2023-07-25,PORT04,V444_0,2,DTP,3,0,V555555_6,1696149,PLANT03,PORT09,341,3.159367552409869,2.0
1447231114.7,2023-09-28,PORT04,V444_0,2,DTP,3,0,V55555_4,1650568,PLANT03,PORT09,268,0.00838646872718423,2.0
1447225205.7,2023-07-20,PORT04,V444_1,1,DTD,5,0,V55555555555555_8,1689547,PLANT03,PORT09,342,7.198627187313828,1.0
1447224482.7,2023-07-25,PORT04,V444_0,2,DTP,0,0,V5555_38,1671426,PLANT03,PORT09,6286,3.8382790398785165,2.0
1447205761.7,2023-02-17,PORT04,V44_3,0,CRF,0,0,V5555555_30,1693117,PLANT03,PORT09,325,1.207741935483871,0.0
1447183271.7,2023-12-02,PORT04,V444_0,2,DTP,5,0,V55555555_7,1683432,PLANT03,PORT09,265,0.3869331548668943,2.0
1447172433.7,2023-10-17,PORT04,V444_0,2,DTP,3,0,V55555_2,1668612,PLANT03,PORT09,823,13.98,2.0
1447165538.7,2023-11-21,PORT04,V444_0,2,DTP,3,0,V555555_6,1682805,PLANT03,PORT09,1259,77.91497479956575,2.0
1447159956.7,2023-07-09,PORT04,V444_0,2,DTP,0,0,V555555555_14,1650904,PLANT03,PORT09,978,12.584117647058823,2.0
1447158116.7,2023-05-23,PORT04,V444_0,2,DTP,3,0,V55555_2,1687346,PLANT03,PORT09,426,2.9846069410815157,2.0
1447158078.7,2023-11-22,PORT04,V444_0,2,DTP,3,0,V55555_4,1696075,PLANT03,PORT09,283,0.05828514362117512,2.0
1447419380.7,2023-06-02,PORT04,V444_1,1,DTD,0,0,V5555555_22,1672664,PLANT03,PORT09,277,0.19172846980475255,1.0
1447408597.7,2023-04-30,PORT04,V444_1,1,DTD,0,0,V55555555555555_8,1689547,PLANT03,PORT09,344,7.198627187313828,1.0
1447399895.7,2023-02-03,PORT04,V44_3,4,CRF,0,0,V555555555555555_29,1699797,PLANT03,PORT09,11655,17.399861045498017,2.92
1447390889.7,2023-11-14,PORT04,V44_3,2,CRF,3,0,V55555_2,1651299,PLANT03,PORT09,424,0.4867667508310355,2.0
1447389176.7,2023-08-14,PORT04,V444_0,2,DTP,0,0,V55555_26,1658532,PLANT03,PORT09,267,0.4096364809636482,2.0
1447389092.7,2023-08-16,PORT04,V444_0,2,DTP,3,0,V5555555_22,1683197,PLANT03,PORT09,379,2.868747455557063,2.0
1447383426.7,2023-02-22,PORT04,V444_1,1,DTD,1,0,V555555555555555555_17,1680210,PLANT03,PORT09,1253,1.9798238057956454,1.0
1447373533.7,2023-01-27,PORT04,V444_1,1,DTD,5,0,V55555555555555_8,1690617,PLANT03,PORT09,321,0.9128927848900368,1.0
1447370094.7,2023-05-23,PORT04,V444_0,2,DTP,0,0,V55555555_5,1682832,PLANT03,PORT09,312,0.17806450367323495,2.0
1447365953.7,2023-10-13,PORT04,V444_0,2,DTP,0,0,V555555555555555_29,1689544,PLANT03,PORT09,408,10.726215773577504,2.0
1447357775.7,2023-03-19,PORT04,V444_0,2,DTP,0,0,V555555555_14,1689469,PLANT03,PORT09,2269,40.48,2.0
1447352377.7,2023-05-25,PORT04,V444_0,2,DTP,3,0,V55555_4,1677692,PLANT03,PORT09,12258,863.24,2.0
1447339217.7,2023-02-26,PORT04,V444_0,2,DTP,0,0,V555555555555555_29,1682802,PLANT03,PORT09,353,3.824308669118026,2.0
1447336000.7,2023-01-13,PORT04,V444_0,2,DTP,0,0,V55555555555_28,1686463,PLANT03,PORT09,1752,2.709907546178714,2.0
1447334396.7,2023-06-24,PORT04,V444_0,2,DTP,0,0,V555555555_14,1668547,PLANT03,PORT09,5432,40.66,2.0
1447326697.7,2023-02-20,PORT04,V444_0,2,DTP,0,0,V55555555_5,1671942,PLANT03,PORT09,355,6.722966228131854,2.0
1447323786.7,2023-09-22,PORT04,V444_0,2,DTP,3,0,V555555_6,1655818,PLANT03,PORT09,20307,51.08,2.0
1447308844.7,2023-12-10,PORT04,V444_0,2,DTP,0,0,V555555555555555_29,1682757,PLANT03,PORT09,360,4.176227925934496,2.0
1447299181.7,2023-08-26,PORT04,V444_0,2,DTP,0,0,V5555_33,1688587,PLANT03,PORT09,244,0.5472457736418781,2.0
1447288532.7,2023-07-22,PORT04,V444_0,2,DTP,0,0,V555555555555555_29,1689548,PLANT03,PORT09,618,22.3439362893065,2.0
1447281355.7,2023-10-10,PORT04,V444_0,2,DTP,3,0,V55555_4,1677884,PLANT03,PORT09,967,3.58,2.0
1447269523.7,2023-12-28,PORT04,V444_1,1,DTD,3,0,V5555555_19,1697085,PLANT03,PORT09,1055,3.6834916877369785,1.0
1447250657.7,2023-11-08,PORT04,V444_1,1,DTD,5,0,V55555555555555_8,1688589,PLANT03,PORT09,423,9.135102208301896,1.0
1447224385.7,2023-07-02,PORT04,V444_0,2,DTP,3,0,V5555555_22,1697872,PLANT03,PORT09,448,4.206915967744053,2.0
1447223640.7,2023-01-20,PORT04,V444_1,1,DTD,0,0,V5555555_22,1683636,PLANT03,PORT09,600,8.740550145151095,1.0
1447216598.7,2023-04-23,PORT04,V444_0,2,DTP,0,0,V555555555_14,1650905,PLANT03,PORT09,3134,41.48,2.0
1447207156.7,2023-08-10,PORT04,V444_0,2,DTP,0,0,V555555555_27,1655818,PLANT03,PORT09,2074,5.923532732556921,2.0
1447204285.7,2023-08-01,PORT04,V444_0,2,DTP,0,0,V55555_26,1664067,PLANT03,PORT09,15306,117.7421183896199,2.0
1447193108.7,2023-07-05,PORT04,V444_0,2,DTP,3,0,V555555_6,1656839,PLANT03,PORT09,420,1.8811173184357546,2.0
1447187015.7,2023-11-01,PORT04,V444_0,2,DTP,3,1,V555_15,1687346,PLANT03,PORT09,356,0.6261413163108075,2.0
1447182389.7,2023-05-05,PORT04,V44_3,0,CRF,3,0,V55555555_32,1699548,PLANT03,PORT09,25321,39.826703299113326,0.0
1447182376.7,2023-07-09,PORT04,V44_3,0,CRF,3,0,V55555555_32,1699841,PLANT03,PORT09,1960,2.873199401026889,0.0
1447158020.7,2023-08-15,PORT09,V44_3,1,CRF,3,0,V55555_53,1696799,PLANT16,PORT09,2045,346.12,1.0
1447155204.7,2023-02-02,PORT04,V444_0,2,DTP,0,0,V555555555_27,1692108,PLANT03,PORT09,497,1.4503618543401913,2.0
1447148731.7,2023-12-04,PORT04,V444_1,1,DTD,5,0,V55555555555555_8,1690619,PLANT03,PORT09,343,6.430167035347129,1.0
1447140259.7,2023-10-11,PORT04,V444_0,2,DTP,3,0,V55555_2,1680210,PLANT03,PORT09,324,0.019798238057956455,2.0
1447402533.7,2023-06-13,PORT09,V444_0,0,DTP,3,0,V555555_6,1692723,PLANT16,PORT09,340,6.618629709923316,0.0
1447397712.7,2023-04-24,PORT04,V444_0,2,DTP,0,0,V555555555_27,1687346,PLANT03,PORT09,397,1.66971017682882,2.0
1447391113.7,2023-11-13,PORT04,V444_0,2,DTP,0,0,V5555_33,1688288,PLANT03,PORT09,256,0.21320431603350354,2.0
1447379081.7,2023-10-02,PORT04,V444_0,2,DTP,3,0,V555555_6,1700139,PLANT03,PORT09,26244,34.91437878694698,2.0
1447377699.7,2023-09-11,PORT04,V444_0,2,DTP,3,0,V555555_6,1685212,PLANT03,PORT09,833,9.82,2.0
1447373461.7,2023-08-25,PORT04,V44_3,2,CRF,3,0,V55555_2,1672713,PLANT03,PORT09,256,0.8601719197707737,2.0
1447350387.7,2023-09-24,PORT04,V444_0,2,DTP,3,0,V55555_4,1651302,PLANT03,PORT09,826,3.1,2.0
1447317259.7,2023-08-13,PORT04,V444_1,1,DTD,0,0,V555555555555555555_45,1689546,PLANT03,PORT09,408,7.662544164301477,1.0
1447300058.7,2023-03-03,PORT04,V444_0,2,DTP,3,0,V55555555_7,1652644,PLANT03,PORT09,268,0.2726050420168067,2.0
1447286690.7,2023-03-16,PORT04,V444_1,1,DTD,1,0,V555555555555555555_17,1677878,PLANT03,PORT09,765,1.8590646569939384,1.0
1447286472.7,2023-03-26,PORT04,V444_0,2,DTP,0,0,V555555555_27,1676853,PLANT03,PORT09,1774,3.6400000000000006,2.0
1447278501.7,2023-05-17,PORT04,V44_3,0,CRF,3,0,V55555555_32,1699416,PLANT03,PORT09,1480,3.9405642399031104,0.0
1447266885.7,2023-11-06,PORT04,V444_0,2,DTP,0,0,V55555_26,1667817,PLANT03,PORT09,955,11.795720164609051,2.0
1447251048.7,2023-01-19,PORT04,V444_1,1,DTD,5,0,V55555555555555_8,1688292,PLANT03,PORT09,245,1.0960186791998714,1.0
1447224981.7,2023-08-10,PORT04,V444_0,2,DTP,3,0,V555555_6,1699768,PLANT03,PORT09,1258,5.519553977653087,2.0
1447211577.7,2023-05-08,PORT04,V444_0,2,DTP,0,0,V5555_33,1674635,PLANT12,PORT09,332,15.442086832813327,2.0
1447189613.7,2023-08-10,PORT04,V444_0,2,DTP,3,0,V5555555_12,1677884,PLANT03,PORT09,272,0.10610993223355467,2.0
1447174471.7,2023-02-09,PORT04,V444_0,2,DTP,5,0,V55555555_7,1687346,PLANT03,PORT09,621,7.284110646415727,2.0
1447165505.7,2023-09-07,PORT04,V444_0,2,DTP,0,0,V55555_26,1651302,PLANT03,PORT09,1319,4.1,2.0
1447161376.7,2023-07-28,PORT04,V444_1,1,DTD,0,0,V5555555_22,1683634,PLANT03,PORT09,370,2.377480636885457,1.0
1447159859.7,2023-04-27,PORT04,V444_0,2,DTP,3,0,V555555_6,1657064,PLANT03,PORT09,510,1.5516243775406768,2.0
1447408991.7,2023-03-19,PORT04,V444_0,2,DTP,0,0,V5555_33,1682769,PLANT03,PORT09,293,5.3391075340373595,2.0
1447383133.7,2023-04-28,PORT04,V444_1,1,DTD,0,0,V555555555555555555_45,1682736,PLANT03,PORT09,367,4.459558823529412,1.0
1447375239.7,2023-10-02,PORT04,V44_3,2,CRF,3,0,V55555_2,1651302,PLANT03,PORT09,366,0.6639604398848624,2.0
1447373434.7,2023-03-25,PORT04,V444_0,2,DTP,3,0,V55555_2,1674853,PLANT03,PORT09,259,0.6110979228486644,2.0
1447360925.7,2023-10-01,PORT04,V444_0,2,DTP,0,0,V55555555_5,1689546,PLANT03,PORT09,784,34.481448739356644,2.0
1447357557.7,2023-05-07,PORT04,V444_0,2,DTP,3,0,V55555_4,1649002,PLANT03,PORT09,651,3.0400000000000005,2.0
1447352395.7,2023-06-18,PORT04,V444_1,1,DTD,3,0,V5555_20,1697084,PLANT03,PORT09,330,0.07770050164986447,1.0
1447334311.7,2023-05-19,PORT04,V444_1,1,DTD,5,0,V55555555555555_8,1689550,PLANT03,PORT09,381,7.155719575880743,1.0
1447319050.7,2023-06-08,PORT04,V444_0,2,DTP,0,0,V5555_33,1688575,PLANT03,PORT09,325,0.18086818572369293,2.0
1447311664.7,2023-05-15,PORT04,V444_0,2,DTP,0,0,V55_13,1700875,PLANT03,PORT09,333,11.29764894650064,2.0
1447306436.7,2023-06-21,PORT04,V444_1,1,DTD,0,0,V5555555_22,1676565,PLANT03,PORT09,2582,33.5,1.0
1447291957.7,2023-10-24,PORT04,V444_0,2,DTP,0,0,V555555555_27,1687346,PLANT03,PORT09,249,0.2087137721036025,2.0
1447284616.7,2023-05-28,PORT04,V444_0,2,DTP,0,0,V5555_33,1688589,PLANT03,PORT09,335,1.0962122649962276,2.0
1447282666.7,2023-10-15,PORT04,V444_0,2,DTP,0,0,V555555555555555_29,1690621,PLANT03,PORT09,403,5.723080955896898,2.0
1447267381.7,2023-01-15,PORT04,V444_0,2,DTP,0,0,V55555555_5,1696654,PLANT03,PORT09,403,3.470229508749958,2.0
1447241403.7,2023-06-19,PORT04,V444_0,2,DTP,5,0,V55555555_7,1688629,PLANT03,PORT09,332,1.2555571747479668,2.0
1447226509.7,2023-09-26,PORT04,V444_0,2,DTP,3,0,V555555_6,1662552,PLANT03,PORT09,604,1.3760286839520544,2.0
1447204357.7,2023-02-20,PORT04,V444_0,2,DTP,5,0,V55555555_7,1669701,PLANT03,PORT09,860,6.11,2.0
1447191296.7,2023-09-19,PORT04,V444_0,2,DTP,0,0,V5555_33,1689547,PLANT03,PORT09,272,0.7198627187313827,2.0
1447188339.7,2023-02-11,PORT04,V444_0,2,DTP,3,0,V55555555_5,1671246,PLANT12,PORT09,287,0.7444444444444445,2.0
1447187863.7,2023-02-06,PORT04,V444_0,2,DTP,3,0,V555555_6,1697080,PLANT03,PORT09,2296,12.851561553387768,2.0
